Profile RM 1-10 km 
Alaska 75.9143 96.4909 119.3667 117.8157 100.8321 107.4184 166.9987 169.7511 129.3059 211.6641 193.2360 235.4605 269.0818 296.3973 317.7974 333.1286 343.3163 350.5573 356.9375 362.9012 366.9853 369.0493 370.4922 403.9176 373.1582 373.8618 418.7984 493.4053 374.2188 374.1253 373.9679 535.0721 476.7771 442.0608 405.5432 417.7088 494.9288 644.5911 504.7315 464.0696 579.2880 436.6374 425.8463 413.7992 494.2234 769.8130 
Barbados 25.8788 33.9115 37.7487 38.7148 38.4536 38.2546 38.1731 37.8617 37.2180 36.6733 36.2654 36.4580 37.4809 39.0253 41.3109 42.7177 44.4432 45.4037 46.5711 47.9698 49.1909 50.3980 51.5526 52.5638 53.2003 54.1451 55.4274 56.8072 58.2045 59.8469 61.0612 61.8294 62.6447 63.1139 63.2782 63.4698 63.9393 64.2872 64.5395 64.3701 64.3793 64.7999 65.5073 66.4260 67.5958 69.1129 
Cascadia Washington 32.4902 44.2104 53.0848 45.9204 50.5035 58.4569 60.0936 58.0488 69.4025 55.9564 56.4905 56.9625 57.0837 56.9925 77.3569 57.1062 57.7386 58.0138 91.2440 60.5792 60.6272 61.2902 61.9371 65.5272 61.6626 61.4333 79.4049 65.5673 59.4546 57.9966 57.7304 65.5451 72.8452 73.4209 69.4682 71.3847 75.0789 78.3234 83.8948 92.6321 97.2475 103.1718 107.7916 106.2399 99.3259 87.3079 
Chile Central 12.9715 13.2815 18.7197 22.6484 23.3564 16.9867 23.7716 24.8259 24.5590 27.5803 41.0079 40.7341 34.0142 33.7286 40.2790 50.9888 55.5000 48.5857 38.4500 38.5013 52.1798 54.6304 52.5752 52.4945 42.3131 56.9457 69.4585 96.4392 72.7215 74.8748 75.5421 74.9199 72.9394 77.8112 77.4766 72.5080 74.0702 103.2731 90.1005 77.2928 83.1226 88.9395 94.2024 101.3327 108.3096 118.5709 
Chile North 99.2062 86.0892 107.2459 90.8909 99.0109 132.5680 142.2292 134.4043 179.6658 167.0892 194.3950 176.6456 230.8979 213.6808 204.9049 262.3697 189.0542 243.5178 204.4399 282.2281 288.8888 262.7225 301.7609 352.4055 251.9196 284.9774 339.2271 333.1096 297.5089 265.3920 293.1654 352.2880 472.8669 214.0865 224.5177 281.4635 329.1015 345.9981 346.3765 341.0270 338.5489 337.3996 331.3507 326.7759 292.2430 293.3747 
Chile South 68.2062 77.9501 92.5800 101.4318 133.7128 173.4918 198.4372 224.5987 216.6898 247.6235 151.9807 281.0068 188.6087 286.4603 235.1339 209.1266 328.9602 220.7373 290.9449 286.7039 276.1162 249.6043 267.5005 362.4993 247.6978 211.7782 295.6167 285.8885 300.6859 241.8674 310.3668 365.9675 251.1434 347.0427 324.8229 319.1640 260.0727 337.9897 417.9861 273.3618 310.5244 413.5615 351.6802 348.1734 344.8419 389.4924 
CostaRica 52.6728 53.0026 76.2947 86.8303 104.0483 94.9974 102.1306 124.8420 144.9382 138.2864 178.9403 161.7206 164.7667 174.9144 150.3828 117.7605 228.3035 220.7020 269.7427 258.5889 224.0524 276.6165 336.0498 408.8155 439.8870 418.1017 368.1986 330.1354 329.6413 340.4536 348.0736 353.2978 357.5552 361.0213 362.7802 362.9153 361.7859 359.9432 357.9478 355.9390 353.4078 380.7751 377.2793 341.2041 337.9084 335.3921 
Ecuador North 62.1473 54.3172 61.5943 66.1914 64.3877 91.7207 118.1460 132.1306 121.0266 120.9383 127.1272 103.0757 147.0464 132.0782 233.9173 137.0183 124.0139 260.1943 215.2086 151.8209 140.3660 162.5589 241.4680 226.6679 308.2183 174.6416 210.0696 206.2866 219.4296 213.6953 245.0869 235.0469 309.3127 306.8671 286.9406 176.6619 233.1233 270.2058 274.3586 255.4308 237.7008 204.5269 241.5184 261.5178 306.7559 286.3592 
Hikurangi North 58.1931 53.5103 83.0986 84.7710 95.0108 91.3740 99.4095 95.6745 112.3517 145.2775 113.7692 132.7784 145.3040 184.1226 222.8101 213.5431 193.2068 246.2356 250.8939 236.0941 169.8650 273.2510 261.8462 238.2779 294.7984 245.5234 270.0200 243.0601 381.4629 369.4759 369.7370 343.7259 382.1837 374.0760 371.3647 297.9673 326.7512 351.0984 415.0515 551.8761 454.3620 451.5345 510.4373 545.8106 564.5662 565.6305 
Hikurangi South 14.5888 30.9045 25.8377 29.8230 37.4241 44.4888 53.9595 57.8536 46.7885 65.8097 74.9633 108.4280 102.3273 88.9415 135.8159 100.3790 143.4672 161.5594 109.3344 179.0621 190.4263 122.5832 161.6214 194.7020 216.6669 135.3708 113.6531 225.0264 210.2965 227.1128 199.7535 133.0776 183.3823 220.8819 276.3044 224.1198 225.4268 252.1223 257.7768 231.9278 232.1382 199.0066 189.8870 195.7928 267.1949 262.0399 
Japan 57.3191 67.4152 69.8868 43.8941 106.7653 78.5781 104.0185 134.5410 90.8410 97.8844 123.8625 116.0048 182.8449 146.8528 149.9673 135.7317 143.4432 199.1284 171.1811 156.4081 156.4870 147.9257 142.2613 202.5662 152.8352 182.1327 185.7136 229.9815 271.6632 291.4745 261.0417 203.1727 219.1173 180.0931 160.9580 154.7245 175.7772 196.8069 213.7824 224.9585 230.3302 232.4074 232.9399 232.1441 230.4293 225.5975 
Java 40.8343 46.4641 55.3337 64.2427 79.3406 122.0012 101.2948 155.9566 159.8932 132.7515 179.6701 168.7767 177.4145 173.6097 183.0315 192.4449 231.1151 207.9247 212.9423 216.9270 220.5010 223.6862 226.7179 230.3015 234.9197 241.0130 249.2274 259.5277 270.7020 279.8922 285.3816 287.4309 286.3299 284.5166 282.6839 278.6388 273.4360 265.0098 257.1249 264.6352 251.9716 234.1981 229.9639 237.0818 242.9374 247.8802 
Makran 19.8930 23.6955 26.3628 37.5559 42.7010 50.8648 42.1749 78.8008 75.8823 47.2858 51.0022 108.0676 112.7375 136.5883 112.6386 82.8468 46.0319 74.8533 81.5644 133.8248 152.7292 172.2167 169.9915 162.8678 163.6555 161.0894 185.4808 207.6747 209.0755 220.1394 225.9167 209.9884 172.5310 127.1598 109.9915 114.3974 118.5792 117.4952 124.9575 143.6154 136.0873 127.2476 127.6621 127.3197 126.6962 125.6648 
Manila 24.3715 24.2160 25.4633 32.6792 38.6603 52.6417 35.3397 55.8428 53.7092 55.6938 75.7492 65.6359 70.4805 85.0321 88.3626 87.4032 93.2220 119.1061 88.0481 112.8806 131.6140 82.1784 140.6244 115.5303 142.8142 91.8526 166.4831 170.6269 137.2674 159.3846 137.5608 148.7158 160.7270 230.4001 146.7532 157.8578 183.4671 172.0998 153.4588 184.6383 171.5544 199.3005 272.4648 205.7758 120.4145 155.6629 
Mexico 16.0971 18.8815 30.4750 21.4786 49.9682 39.6683 60.5537 38.1576 56.5927 65.4100 66.7422 50.3171 78.0895 85.6254 66.6159 88.7386 113.2582 109.8534 109.4807 120.5692 97.1275 113.0873 128.7950 157.1952 168.4743 143.2570 120.2065 125.3756 183.3673 203.4839 227.4473 207.3894 207.7038 182.5405 183.8916 209.9186 230.9659 282.8586 304.4781 323.5924 336.7445 323.7690 335.2944 324.9474 297.9415 314.3612 
Nankai 42.0507 69.2655 75.9208 93.6178 118.4074 128.0767 114.5531 112.8581 151.0070 123.4880 170.3368 145.0041 235.9853 218.4042 150.9259 181.0962 186.4886 177.3720 167.6777 173.7440 283.9212 314.3194 232.4466 199.7147 190.3397 182.1377 183.3668 188.5644 202.0410 227.9011 220.0124 239.4877 245.9624 229.9206 195.5469 165.0198 164.4921 176.0458 180.4082 188.7879 193.3468 193.7520 194.5654 192.7266 193.0426 230.7926 
Ryukyu 33.8342 45.0735 50.9514 55.7038 76.1812 70.6951 117.1957 94.8853 115.2637 132.5757 168.6097 189.3365 95.9524 213.1036 233.7245 216.0327 216.0950 256.8123 264.4112 285.1042 225.3110 263.6732 240.6863 334.8163 293.0197 215.1693 178.0727 238.7275 330.4221 403.9874 414.9607 392.1581 416.4374 439.4465 431.7662 409.3802 390.7176 370.5486 466.4531 399.7926 446.3102 475.3737 536.5611 588.8234 612.5972 629.5358 
Sumatra 96.6961 107.9502 107.4708 126.9074 180.0712 228.7406 205.8232 265.4980 267.5735 219.9672 225.0643 300.9246 384.7413 216.4351 256.6875 262.3157 282.1481 232.4148 222.5702 271.6489 313.8222 281.6399 289.5256 252.1229 268.8368 278.3177 261.7399 274.5014 319.9617 374.5699 392.5797 386.7395 353.5691 322.3453 302.2768 289.9251 286.3700 304.7976 283.3437 277.7624 274.1319 274.3884 315.9004 336.8668 319.0570 295.4362 
