  7.39 6860.11 
 57.42 6860.11 
107.45 6860.11 
157.48 6860.11 
207.51 6860.11 
257.54 6860.11 
307.57 6860.11 
357.60 6860.11 
407.62 6860.11 
457.65 6864.12 
507.68 6870.08 
557.71 6876.04 
607.74 6882.00 
657.77 6887.95 
707.80 6893.91 
757.83 6899.87 
807.86 6905.11 
857.89 6910.04 
907.92 6914.98 
957.94 6919.91 
1007.97 6924.84 
1058.00 6929.77 
1108.03 6934.71 
1158.06 6939.64 
1208.09 6944.57 
1258.12 6949.43 
1308.15 6954.15 
1358.18 6958.87 
1408.21 6963.58 
1458.24 6968.30 
1508.26 6973.02 
1558.29 6978.57 
1608.32 6985.04 
1658.35 6991.51 
1708.38 6997.98 
1758.41 7004.45 
1808.44 7010.92 
1858.47 7017.59 
1908.50 7027.66 
1958.53 7037.72 
2008.56 7047.78 
2058.59 7057.85 
2108.61 7067.91 
2158.64 7077.97 
2208.67 7088.42 
2258.70 7099.10 
2308.73 7109.77 
2358.76 7120.44 
2408.79 7131.12 
2458.82 7141.79 
2508.85 7148.94 
2558.88 7153.59 
2608.91 7158.23 
2658.93 7163.07 
2708.96 7173.74 
2758.99 7184.41 
2809.02 7195.09 
2859.05 7205.76 
2909.08 7216.43 
2959.11 7226.00 
3009.14 7235.43 
3059.17 7244.87 
3109.20 7254.30 
3159.23 7263.73 
3209.26 7270.67 
3259.28 7277.38 
3309.31 7284.09 
3359.34 7290.80 
3409.37 7297.51 
3459.40 7304.22 
3509.43 7310.93 
3559.46 7317.86 
3609.49 7324.83 
3659.52 7331.79 
3709.55 7338.75 
3759.58 7345.71 
3809.60 7352.67 
3859.63 7359.63 
3909.66 7367.99 
3959.69 7378.05 
4009.72 7388.11 
4059.75 7399.01 
4109.78 7412.14 
4159.81 7425.27 
4209.84 7438.39 
4259.87 7451.52 
4309.90 7463.62 
4359.92 7474.22 
4409.95 7484.81 
4459.98 7495.40 
4510.01 7506.00 
4560.04 7516.59 
4610.07 7526.17 
4660.10 7534.01 
4710.13 7541.84 
4760.16 7549.68 
4810.19 7557.52 
4860.22 7565.35 
4910.25 7573.19 
4960.27 7574.78 
5010.30 7575.73 
5060.33 7576.68 
5110.36 7577.62 
5160.39 7578.57 
5210.42 7579.59 
5260.45 7580.75 
5310.48 7581.91 
5360.51 7583.07 
5410.54 7584.23 
5460.57 7585.39 
5510.59 7586.55 
5560.62 7588.78 
5610.65 7592.54 
5660.68 7596.29 
5710.71 7600.05 
5760.74 7603.80 
5810.77 7607.56 
5860.80 7611.31 
5910.83 7615.39 
5960.86 7620.17 
6010.89 7624.94 
6060.92 7629.72 
6110.94 7634.50 
6160.97 7639.28 
6211.00 7644.05 
6261.03 7648.83 
6311.06 7653.61 
6361.09 7657.76 
6411.12 7661.89 
6461.15 7666.01 
6511.18 7670.13 
6561.21 7674.26 
6611.24 7678.38 
6661.26 7682.51 
6711.29 7686.63 
6761.32 7690.76 
6811.35 7694.88 
6861.38 7699.00 
6911.41 7703.13 
6961.44 7707.29 
7011.47 7712.49 
7061.50 7717.70 
7111.53 7722.90 
7161.56 7727.34 
7211.58 7731.74 
7261.61 7736.14 
7311.64 7740.55 
7361.67 7744.95 
7411.70 7749.35 
7461.73 7753.75 
7511.76 7758.16 
7561.79 7760.67 
7611.82 7761.22 
7661.85 7761.78 
7711.88 7762.33 
7761.91 7762.88 
7811.93 7763.43 
7861.96 7763.99 
7911.99 7764.54 
7962.02 7765.09 
8012.05 7765.65 
8062.08 7765.73 
8112.11 7765.73 
8162.14 7765.73 
8212.17 7765.73 
8262.20 7765.73 
8312.23 7765.73 
8362.25 7765.73 
8412.28 7765.73 
8462.31 7765.73 
8512.34 7765.73 
8562.37 7765.73 
8612.40 7766.86 
8662.43 7769.01 
8712.46 7771.17 
8762.49 7773.33 
8812.52 7775.48 
8862.55 7777.64 
8912.58 7779.80 
8962.60 7781.71 
9012.63 7781.71 
9062.66 7781.71 
9112.69 7781.71 
9162.72 7781.71 
9212.75 7781.71 
9262.78 7781.71 
9312.81 7781.71 
9362.84 7781.49 
9412.87 7781.24 
9462.90 7781.00 
9512.92 7780.76 
9562.95 7780.51 
9612.98 7780.27 
9663.01 7780.02 
9713.04 7779.78 
9763.07 7779.54 
9813.10 7779.29 
9863.13 7779.05 
9913.16 7779.05 
9963.19 7779.05 
10013.22 7779.05 
10063.24 7779.05 
10113.27 7779.05 
10163.30 7779.05 
10213.33 7779.05 
10263.36 7779.05 
10313.39 7779.05 
10363.42 7779.05 
10413.45 7779.05 
10463.48 7779.05 
10513.51 7781.23 
10563.54 7783.57 
10613.57 7785.91 
10663.59 7788.25 
10713.62 7790.59 
10763.65 7792.93 
10813.68 7795.27 
10863.71 7797.61 
10913.74 7799.95 
10963.77 7801.50 
11013.80 7802.88 
11063.83 7804.27 
11113.86 7805.65 
11163.89 7807.03 
11213.91 7808.41 
11263.94 7809.79 
11313.97 7811.18 
11364.00 7812.56 
11414.03 7813.70 
11464.06 7813.78 
11514.09 7813.86 
11564.12 7813.94 
11614.15 7814.02 
11664.18 7814.10 
11714.21 7814.18 
11764.23 7814.26 
11814.26 7814.34 
11864.29 7814.42 
11914.32 7814.50 
11964.35 7819.52 
12014.38 7824.55 
12064.41 7829.65 
12114.44 7834.95 
12164.47 7840.24 
12214.50 7845.54 
12264.53 7850.83 
12314.56 7856.13 
12364.58 7861.43 
12414.61 7866.76 
12464.64 7872.22 
12514.67 7877.67 
12564.70 7883.12 
12614.73 7888.57 
12664.76 7894.02 
12714.79 7899.47 
12764.82 7904.92 
12814.85 7910.37 
12864.88 7915.82 
12914.90 7921.27 
12964.93 7925.88 
13014.96 7927.92 
13064.99 7929.96 
13115.02 7932.00 
13165.05 7934.04 
13215.08 7936.08 
13265.11 7938.12 
13315.14 7941.02 
13365.17 7944.95 
13415.20 7948.88 
13465.23 7952.81 
13515.25 7956.74 
13565.28 7960.67 
13615.31 7966.08 
13665.34 7972.57 
13715.37 7979.07 
13765.40 7985.56 
13815.43 7992.05 
13865.46 7998.54 
13915.49 8006.71 
13965.52 8015.10 
14015.55 8023.49 
14065.57 8031.87 
14115.60 8038.74 
14165.63 8043.94 
14215.66 8049.15 
14265.69 8054.35 
14315.72 8059.56 
14365.75 8064.54 
14415.78 8068.29 
14465.81 8072.03 
14515.84 8075.78 
14565.87 8079.53 
14615.89 8083.27 
14665.92 8087.02 
14715.95 8090.77 
14765.98 8094.51 
14816.01 8097.71 
14866.04 8100.41 
14916.07 8103.10 
14966.10 8105.80 
15016.13 8108.49 
15066.16 8111.85 
15116.19 8116.29 
15166.22 8120.73 
15216.24 8125.17 
15266.27 8129.61 
15316.30 8134.05 
15366.33 8138.33 
15416.36 8141.61 
15466.39 8144.90 
15516.42 8148.18 
15566.45 8151.46 
15616.48 8154.74 
15666.51 8158.02 
15716.54 8161.30 
15766.56 8164.58 
15816.59 8166.94 
15866.62 8168.87 
15916.65 8171.45 
15966.68 8175.49 
16016.71 8179.53 
16066.74 8183.58 
16116.77 8187.62 
16166.80 8191.66 
16216.83 8195.71 
16266.86 8199.75 
16316.89 8203.79 
16366.91 8207.84 
16416.94 8211.82 
16466.97 8213.22 
16517.00 8214.62 
16567.03 8216.02 
16617.06 8217.42 
16667.09 8218.81 
16717.12 8220.21 
16767.15 8223.16 
16817.18 8228.34 
16867.21 8233.52 
16917.23 8238.70 
16967.26 8243.88 
17017.29 8249.06 
17067.32 8254.31 
17117.35 8259.90 
17167.38 8265.49 
17217.41 8271.08 
17267.44 8276.67 
17317.47 8283.04 
17367.50 8292.36 
17417.53 8301.68 
17467.55 8310.99 
17517.58 8320.31 
17567.61 8328.64 
17617.64 8334.03 
17667.67 8339.42 
17717.70 8344.82 
17767.73 8350.21 
17817.76 8355.60 
17867.79 8360.99 
17917.82 8366.38 
17967.85 8374.52 
18017.88 8385.00 
18067.90 8395.48 
18117.93 8405.96 
18167.96 8415.79 
18217.99 8421.33 
18268.02 8426.86 
18318.05 8432.40 
18368.08 8437.93 
18418.11 8443.47 
18468.14 8449.00 
18518.17 8454.54 
18568.20 8460.07 
18618.22 8465.61 
18668.25 8470.28 
18718.28 8474.92 
18768.31 8479.55 
18818.34 8484.19 
18868.37 8488.82 
18918.40 8493.46 
18968.43 8498.09 
19018.46 8498.22 
19068.49 8498.22 
19118.52 8498.22 
19168.54 8498.22 
19218.57 8498.22 
19268.60 8498.22 
19318.63 8498.22 
19368.66 8498.22 
19418.69 8498.22 
19468.72 8498.22 
19518.75 8498.22 
19568.78 8498.22 
19618.81 8498.22 
19668.84 8498.22 
19718.87 8498.22 
19768.89 8498.00 
19818.92 8497.40 
19868.95 8496.80 
19918.98 8496.20 
19969.01 8495.60 
20019.04 8495.00 
20069.07 8494.40 
20119.10 8493.81 
20169.13 8493.60 
20219.16 8493.60 
20269.19 8493.60 
20319.21 8493.60 
20369.24 8493.60 
20419.27 8493.60 
20469.30 8493.60 
20519.33 8493.60 
20569.36 8493.60 
20619.39 8493.60 
20669.42 8494.72 
20719.45 8497.77 
20769.48 8500.82 
20819.51 8503.87 
20869.54 8506.92 
20919.56 8509.97 
20969.59 8513.19 
21019.62 8516.78 
21069.65 8520.38 
21119.68 8523.97 
21169.71 8527.56 
21219.74 8530.73 
21269.77 8531.78 
21319.80 8532.83 
21369.83 8533.88 
21419.86 8534.92 
21469.88 8538.37 
21519.91 8542.56 
21569.94 8546.75 
21619.97 8550.94 
21670.00 8555.14 
21720.03 8559.33 
21770.06 8563.62 
21820.09 8568.46 
21870.12 8573.30 
21920.15 8578.14 
21970.18 8582.97 
22020.20 8587.95 
22070.23 8593.15 
22120.26 8598.36 
22170.29 8603.57 
22220.32 8608.77 
22270.35 8614.02 
22320.38 8620.12 
22370.41 8626.22 
22420.44 8632.32 
22470.47 8638.42 
22520.50 8644.52 
22570.53 8650.61 
22620.55 8655.66 
22670.58 8660.69 
22720.61 8665.72 
22770.64 8670.75 
22820.67 8675.78 
22870.70 8680.81 
22920.73 8688.69 
22970.76 8698.75 
23020.79 8708.81 
23070.82 8718.88 
23120.85 8728.94 
23170.87 8739.26 
23220.90 8754.01 
23270.93 8768.76 
23320.96 8783.51 
23370.99 8798.26 
23421.02 8813.00 
23471.05 8825.29 
23521.08 8836.67 
23571.11 8848.05 
23621.14 8859.43 
23671.17 8870.82 
23721.20 8882.20 
23771.22 8893.58 
23821.25 8904.96 
23871.28 8916.57 
23921.31 8928.19 
23971.34 8939.80 
24021.37 8951.41 
24071.40 8963.17 
24121.43 8975.39 
24171.46 8987.61 
24221.49 8999.83 
24271.52 9012.05 
24321.54 9024.27 
24371.57 9036.49 
24421.60 9047.33 
24471.63 9057.86 
24521.66 9068.39 
24571.69 9078.92 
24621.72 9089.45 
24671.75 9099.98 
24721.78 9110.52 
24771.81 9121.05 
24821.84 9131.15 
24871.86 9141.21 
24921.89 9151.27 
24971.92 9161.34 
25021.95 9171.40 
25071.98 9183.29 
25122.01 9197.77 
25172.04 9212.26 
25222.07 9226.74 
25272.10 9241.23 
25322.13 9255.71 
25372.16 9268.86 
25422.19 9279.57 
25472.21 9290.28 
25522.24 9300.98 
25572.27 9311.69 
25622.30 9322.39 
25672.33 9333.10 
25722.36 9343.80 
25772.39 9354.51 
25822.42 9364.75 
25872.45 9374.81 
25922.48 9384.88 
25972.51 9394.94 
26022.53 9405.00 
26072.56 9415.04 
26122.59 9424.97 
26172.62 9434.90 
26222.65 9444.83 
26272.68 9454.76 
26322.71 9464.69 
26372.74 9474.62 
26422.77 9484.88 
26472.80 9496.20 
26522.83 9507.52 
26572.85 9518.85 
26622.88 9530.17 
26672.91 9541.49 
26722.94 9552.81 
26772.97 9564.13 
26823.00 9579.01 
26873.03 9594.32 
26923.06 9609.64 
26973.09 9624.95 
27023.12 9640.26 
27073.15 9655.58 
27123.18 9670.89 
27173.20 9686.20 
27223.23 9700.30 
27273.26 9712.88 
27323.29 9725.46 
27373.32 9738.04 
27423.35 9750.62 
27473.38 9763.20 
27523.41 9775.78 
27573.44 9788.36 
27623.47 9800.94 
27673.50 9813.52 
27723.52 9826.09 
27773.55 9838.51 
27823.58 9850.89 
27873.61 9863.27 
27923.64 9875.65 
27973.67 9888.03 
28023.70 9900.68 
28073.73 9920.25 
28123.76 9939.82 
28173.79 9959.38 
28223.82 9978.95 
28273.85 9998.46 
28323.87 10014.47 
28373.90 10030.48 
28423.93 10046.49 
28473.96 10062.50 
28523.99 10078.51 
28574.02 10094.52 
28624.05 10109.91 
28674.08 10125.23 
28724.11 10140.54 
28774.14 10155.86 
28824.17 10171.17 
28874.19 10186.48 
28924.22 10200.76 
28974.25 10213.85 
29024.28 10226.93 
29074.31 10240.01 
29124.34 10253.09 
29174.37 10266.18 
29224.40 10279.26 
29274.43 10292.09 
29324.46 10304.67 
29374.49 10317.25 
29424.51 10329.83 
29474.54 10342.41 
29524.57 10354.99 
29574.60 10370.05 
29624.63 10385.37 
29674.66 10400.68 
29724.69 10416.00 
29774.72 10431.31 
29824.75 10446.62 
29874.78 10462.20 
29924.81 10478.04 
29974.84 10493.88 
30024.86 10509.72 
30074.89 10525.56 
30124.92 10541.40 
30174.95 10557.24 
30224.98 10573.08 
30275.01 10586.59 
30325.04 10600.01 
30375.07 10613.43 
30425.10 10626.84 
30475.13 10640.26 
30525.16 10653.68 
30575.18 10667.10 
30625.21 10680.52 
30675.24 10693.69 
30725.27 10706.71 
30775.30 10719.72 
30825.33 10732.73 
30875.36 10745.75 
30925.39 10758.76 
30975.42 10771.77 
31025.45 10784.78 
31075.48 10802.92 
31125.51 10826.14 
31175.53 10849.36 
31225.56 10872.59 
31275.59 10886.06 
31325.62 10898.13 
31375.65 10910.21 
31425.68 10922.28 
31475.71 10934.36 
31525.74 10946.44 
31575.77 10958.51 
31625.80 10968.61 
31675.83 10978.50 
31725.85 10988.38 
31775.88 10998.26 
31825.91 11008.15 
31875.94 11018.03 
31925.97 11027.92 
31976.00 11037.93 
32026.03 11049.25 
32076.06 11060.57 
32126.09 11071.89 
32176.12 11083.21 
32226.15 11094.53 
32276.17 11106.24 
32326.20 11118.32 
32376.23 11130.39 
32426.26 11142.47 
32476.29 11154.54 
32526.32 11166.62 
32576.35 11178.70 
32626.38 11190.77 
32676.41 11202.85 
32726.44 11214.92 
32776.47 11227.00 
32826.50 11239.07 
32876.52 11251.15 
32926.55 11263.23 
32976.58 11274.66 
33026.61 11285.60 
33076.64 11296.54 
33126.67 11307.48 
33176.70 11318.42 
33226.73 11329.36 
33276.76 11340.58 
33326.79 11353.46 
33376.82 11366.35 
33426.84 11379.23 
33476.87 11392.12 
33526.90 11405.01 
33576.93 11417.89 
33626.96 11430.78 
33676.99 11443.66 
33727.02 11456.55 
33777.05 11469.44 
33827.08 11482.32 
33877.11 11490.28 
33927.14 11496.20 
33977.16 11502.12 
34027.19 11508.04 
34077.22 11513.96 
34127.25 11522.00 
34177.28 11530.11 
34227.31 11538.23 
34277.34 11546.34 
34327.37 11554.46 
34377.40 11562.57 
34427.43 11570.69 
34477.46 11578.81 
34527.49 11587.80 
34577.51 11598.71 
34627.54 11609.61 
34677.57 11620.51 
34727.60 11631.41 
34777.63 11642.31 
34827.66 11653.21 
34877.69 11664.12 
34927.72 11675.02 
34977.75 11688.21 
35027.78 11701.53 
35077.81 11714.85 
35127.83 11728.17 
35177.86 11741.93 
35227.89 11757.41 
35277.92 11772.90 
35327.95 11788.38 
35377.98 11800.52 
35428.01 11810.23 
35478.04 11819.93 
35528.07 11829.64 
35578.10 11839.35 
35628.13 11849.06 
35678.16 11858.77 
35728.18 11868.47 
35778.21 11878.18 
35828.24 11884.65 
35878.27 11889.68 
35928.30 11894.71 
35978.33 11899.74 
36028.36 11904.77 
36078.39 11912.18 
36128.42 11920.99 
36178.45 11929.79 
36228.48 11938.60 
36278.50 11947.40 
36328.53 11956.21 
36378.56 11965.01 
36428.59 11975.56 
36478.62 11986.34 
36528.65 11997.12 
36578.68 12007.90 
36628.71 12018.69 
36678.74 12029.47 
36728.77 12040.25 
36778.80 12051.03 
36828.82 12061.81 
36878.85 12071.90 
36928.88 12081.05 
36978.91 12090.19 
37028.94 12099.34 
37078.97 12108.80 
37129.00 12118.39 
37179.03 12127.97 
37229.06 12137.55 
37279.09 12147.14 
37329.12 12156.72 
37379.15 12166.31 
37429.17 12175.89 
37479.20 12185.48 
37529.23 12195.06 
37579.26 12204.64 
37629.29 12214.23 
37679.32 12223.81 
37729.35 12233.40 
37779.38 12240.83 
37829.41 12246.43 
37879.44 12252.02 
37929.47 12257.61 
37979.49 12263.20 
38029.52 12268.79 
38079.55 12275.18 
38129.58 12282.52 
38179.61 12289.86 
38229.64 12297.20 
38279.67 12304.54 
38329.70 12311.87 
38379.73 12319.21 
38429.76 12326.55 
38479.79 12335.13 
38529.82 12345.91 
38579.84 12356.69 
38629.87 12367.47 
38679.90 12378.25 
38729.93 12389.04 
38779.96 12399.82 
38829.99 12410.41 
38880.02 12420.47 
38930.05 12430.53 
38980.08 12440.60 
39030.11 12450.66 
39080.14 12461.07 
39130.16 12472.81 
39180.19 12484.55 
39230.22 12496.29 
39280.25 12508.03 
39330.28 12519.02 
39380.31 12525.54 
39430.34 12532.06 
39480.37 12538.59 
39530.40 12545.11 
39580.43 12551.63 
39630.46 12558.15 
39680.48 12564.68 
39730.51 12571.20 
39780.54 12578.00 
39830.57 12593.73 
39880.60 12609.45 
39930.63 12625.18 
39980.66 12640.90 
40030.69 12656.62 
40080.72 12668.15 
40130.75 12677.21 
40180.78 12686.26 
40230.81 12695.32 
40280.83 12704.38 
40330.86 12713.43 
40380.89 12722.49 
40430.92 12731.55 
40480.95 12740.93 
40530.98 12751.72 
40581.01 12762.50 
40631.04 12773.28 
40681.07 12784.06 
40731.10 12795.29 
40781.13 12807.03 
40831.15 12818.77 
40881.18 12830.51 
40931.21 12842.25 
40981.24 12854.33 
41031.27 12866.91 
41081.30 12879.49 
41131.33 12892.07 
41181.36 12904.65 
41231.39 12917.22 
41281.42 12929.80 
41331.45 12941.56 
41381.47 12952.89 
41431.50 12964.21 
41481.53 12975.53 
41531.56 12986.85 
41581.59 12998.17 
41631.62 13009.49 
41681.65 13026.79 
41731.68 13044.76 
41781.71 13062.73 
41831.74 13080.70 
41881.77 13099.30 
41931.80 13120.86 
41981.82 13142.43 
42031.85 13163.99 
42081.88 13185.56 
42131.91 13203.83 
42181.94 13218.05 
42231.97 13232.27 
42282.00 13246.49 
42332.03 13260.71 
42382.06 13274.93 
42432.09 13289.15 
42482.12 13303.37 
42532.14 13315.24 
42582.17 13326.02 
42632.20 13336.80 
42682.23 13347.58 
42732.26 13358.36 
42782.29 13369.15 
42832.32 13379.93 
42882.35 13390.71 
42932.38 13401.49 
42982.41 13418.55 
43032.44 13456.29 
43082.47 13494.03 
43132.49 13520.60 
43182.52 13537.37 
43232.55 13554.14 
43282.58 13570.92 
43332.61 13587.69 
43382.64 13604.46 
43432.67 13621.23 
43482.70 13638.01 
43532.73 13654.78 
43582.76 13671.55 
43632.79 13688.75 
43682.81 13706.57 
43732.84 13724.39 
43782.87 13742.21 
43832.90 13760.03 
43882.93 13777.85 
43932.96 13795.67 
43982.99 13813.49 
44033.02 13829.29 
44083.05 13840.47 
44133.08 13851.65 
44183.11 13864.32 
44233.13 13881.10 
44283.16 13897.87 
44333.19 13914.64 
44383.22 13931.41 
44433.25 13948.18 
44483.28 13964.96 
44533.31 13982.15 
44583.34 14001.32 
44633.37 14020.49 
44683.40 14039.66 
44733.43 14058.83 
44783.46 14078.00 
44833.48 14097.16 
44883.51 14118.11 
44933.54 14157.25 
44983.57 14196.38 
45033.60 14234.70 
45083.63 14257.93 
45133.66 14281.15 
45183.69 14304.37 
45233.72 14327.59 
45283.75 14348.31 
45333.78 14367.75 
45383.80 14387.19 
45433.83 14406.63 
45483.86 14426.07 
45533.89 14445.51 
45583.92 14464.95 
45633.95 14484.95 
45683.98 14506.76 
45734.01 14528.56 
45784.04 14550.36 
45834.07 14572.17 
45884.10 14592.97 
45934.13 14608.98 
45984.15 14624.99 
46034.18 14640.99 
46084.21 14657.00 
46134.24 14673.01 
46184.27 14689.02 
46234.30 14705.03 
46284.33 14720.36 
46334.36 14735.45 
46384.39 14750.55 
46434.42 14765.64 
46484.45 14780.74 
46534.47 14795.83 
46584.50 14810.93 
46634.53 14821.01 
46684.56 14831.07 
46734.59 14841.14 
46784.62 14851.20 
46834.65 14861.26 
46884.68 14871.33 
46934.71 14881.39 
46984.74 14891.45 
47034.77 14901.65 
47084.79 14911.94 
47134.82 14922.23 
47184.85 14932.52 
47234.88 14942.81 
47284.91 14953.11 
47334.94 14963.40 
47384.97 14973.58 
47435.00 14983.01 
47485.03 14992.45 
47535.06 15001.88 
47585.09 15011.31 
47635.12 15020.75 
47685.14 15030.18 
47735.17 15039.62 
47785.20 15049.05 
47835.23 15058.49 
47885.26 15067.92 
47935.29 15077.93 
47985.32 15089.11 
48035.35 15100.29 
48085.38 15111.47 
48135.41 15122.66 
48185.44 15133.84 
48235.46 15145.02 
48285.49 15156.20 
48335.52 15167.38 
48385.55 15178.51 
48435.58 15189.45 
48485.61 15200.39 
48535.64 15211.33 
48585.67 15222.26 
48635.70 15233.20 
48685.73 15244.14 
48735.76 15255.08 
48785.78 15263.92 
48835.81 15270.21 
48885.84 15276.50 
48935.87 15282.79 
48985.90 15289.07 
49035.93 15295.36 
49085.96 15301.65 
49135.99 15307.94 
49186.02 15314.23 
49236.05 15320.52 
49286.08 15327.18 
49336.11 15333.84 
49386.13 15340.50 
49436.16 15347.16 
49486.19 15353.82 
49536.22 15360.48 
49586.25 15367.14 
49636.28 15373.80 
49686.31 15380.46 
49736.34 15387.12 
49786.37 15393.78 
49836.40 15400.90 
49886.43 15408.45 
49936.45 15416.00 
49986.48 15423.54 
50036.51 15431.09 
50086.54 15438.64 
50136.57 15446.19 
50186.60 15449.46 
50236.63 15451.47 
50286.66 15453.48 
50336.69 15455.50 
50386.72 15457.51 
50436.75 15459.52 
50486.78 15461.53 
50536.80 15463.55 
50586.83 15466.80 
50636.86 15472.51 
50686.89 15478.23 
50736.92 15483.95 
50786.95 15489.67 
50836.98 15495.38 
50887.01 15501.10 
50937.04 15506.82 
50987.07 15514.65 
51037.10 15522.71 
51087.12 15530.76 
51137.15 15538.81 
51187.18 15546.86 
51237.21 15554.91 
51287.24 15562.96 
51337.27 15571.01 
51387.30 15576.34 
51437.33 15578.58 
51487.36 15580.83 
51537.39 15583.07 
51587.42 15585.32 
51637.44 15587.56 
51687.47 15589.80 
51737.50 15592.05 
51787.53 15594.29 
51837.56 15596.54 
51887.59 15597.91 
51937.62 15597.91 
51987.65 15597.91 
52037.68 15597.91 
52087.71 15597.91 
52137.74 15597.91 
52187.77 15597.91 
52237.79 15597.91 
52287.82 15600.61 
52337.85 15604.95 
52387.88 15609.29 
52437.91 15613.62 
52487.94 15617.96 
52537.97 15622.30 
52588.00 15626.64 
52638.03 15630.97 
52688.06 15635.31 
52738.09 15639.65 
52788.11 15642.31 
52838.14 15642.31 
52888.17 15642.31 
52938.20 15642.31 
52988.23 15642.31 
53038.26 15642.31 
53088.29 15642.31 
53138.32 15642.31 
53188.35 15642.31 
53238.38 15642.31 
53288.41 15642.31 
53338.44 15642.31 
53388.46 15642.31 
53438.49 15642.31 
53488.52 15642.31 
53538.55 15642.31 
53588.58 15642.31 
53638.61 15642.31 
53688.64 15642.31 
53738.67 15642.31 
53788.70 15642.31 
53838.73 15642.31 
53888.76 15642.31 
53938.78 15642.31 
53988.81 15642.31 
54038.84 15642.31 
54088.87 15642.31 
54138.90 15642.31 
54188.93 15642.31 
54238.96 15642.31 
54288.99 15642.31 
54339.02 15642.31 
54389.05 15642.31 
54439.08 15642.31 
54489.10 15642.31 
54539.13 15642.31 
54589.16 15642.31 
54639.19 15642.31 
54689.22 15642.31 
54739.25 15642.31 
54789.28 15642.31 
54839.31 15642.31 
54889.34 15642.31 
54939.37 15642.31 
54989.40 15642.31 
55039.43 15642.31 
55089.45 15642.31 
55139.48 15642.31 
55189.51 15642.31 
55239.54 15642.31 
55289.57 15642.31 
55339.60 15642.31 
55389.63 15642.31 
55439.66 15642.31 
55489.69 15642.31 
55539.72 15643.59 
55589.75 15647.62 
55639.77 15651.64 
55689.80 15655.67 
55739.83 15659.69 
55789.86 15663.72 
55839.89 15667.74 
55889.92 15671.77 
55939.95 15675.79 
55989.98 15679.53 
56040.01 15682.96 
56090.04 15686.39 
56140.07 15689.82 
56190.09 15693.25 
56240.12 15696.68 
56290.15 15700.11 
56340.18 15703.54 
56390.21 15704.48 
56440.24 15704.48 
56490.27 15704.48 
56540.30 15704.48 
56590.33 15704.48 
56640.36 15704.48 
56690.39 15704.48 
56740.42 15704.48 
56790.44 15709.31 
56840.47 15714.34 
56890.50 15719.37 
56940.53 15724.41 
56990.56 15729.44 
57040.59 15735.49 
57090.62 15742.05 
57140.65 15748.61 
57190.68 15755.18 
57240.71 15761.74 
57290.74 15768.30 
57340.76 15774.87 
57390.79 15781.43 
57440.82 15786.06 
57490.85 15789.07 
57540.88 15792.09 
57590.91 15795.11 
57640.94 15798.13 
57690.97 15801.15 
57741.00 15804.17 
57791.03 15807.19 
57841.06 15810.21 
57891.09 15812.06 
57941.11 15813.46 
57991.14 15814.85 
58041.17 15816.25 
58091.20 15817.65 
58141.23 15819.05 
58191.26 15822.03 
58241.29 15827.75 
58291.32 15833.46 
58341.35 15839.18 
58391.38 15844.90 
58441.41 15850.62 
58491.43 15856.34 
58541.46 15862.05 
58591.49 15867.36 
58641.52 15872.39 
58691.55 15877.42 
58741.58 15882.45 
58791.61 15887.49 
58841.64 15893.18 
58891.67 15900.36 
58941.70 15907.55 
58991.73 15914.74 
59041.75 15921.93 
59091.78 15929.12 
59141.81 15936.31 
59191.84 15943.49 
59241.87 15948.91 
59291.90 15954.12 
59341.93 15959.32 
59391.96 15964.53 
59441.99 15969.73 
59492.02 15974.94 
59542.05 15980.14 
59592.08 15985.35 
59642.10 15990.55 
59692.13 15995.76 
59742.16 16000.69 
59792.19 16005.48 
59842.22 16010.28 
59892.25 16015.07 
59942.28 16019.86 
59992.31 16024.65 
60042.34 16029.44 
60092.37 16034.82 
60142.40 16042.01 
60192.42 16049.19 
60242.45 16056.38 
60292.48 16063.57 
60342.51 16070.76 
60392.54 16077.95 
60442.57 16085.13 
60492.60 16092.32 
60542.63 16099.51 
60592.66 16108.63 
60642.69 16121.21 
60692.72 16133.79 
60742.75 16146.37 
60792.77 16158.95 
60842.80 16171.53 
60892.83 16184.11 
60942.86 16197.43 
60992.89 16212.53 
61042.92 16227.62 
61092.95 16242.72 
61142.98 16257.81 
61193.01 16272.91 
61243.04 16288.00 
61293.07 16303.10 
61343.09 16318.19 
61393.12 16333.91 
61443.15 16350.32 
61493.18 16366.73 
61543.21 16383.13 
61593.24 16399.54 
61643.27 16415.95 
61693.30 16432.36 
61743.33 16448.76 
61793.36 16464.35 
61843.39 16478.45 
61893.41 16492.55 
61943.44 16506.65 
61993.47 16520.75 
62043.50 16534.85 
62093.53 16548.95 
62143.56 16563.05 
62193.59 16577.14 
62243.62 16593.23 
62293.65 16609.34 
62343.68 16625.44 
62393.71 16641.54 
62443.74 16657.64 
62493.76 16673.74 
62543.79 16688.84 
62593.82 16703.21 
62643.85 16717.59 
62693.88 16731.97 
62743.91 16746.34 
62793.94 16761.49 
62843.97 16779.78 
62894.00 16798.08 
62944.03 16816.38 
62994.06 16834.68 
63044.08 16852.97 
63094.11 16870.42 
63144.14 16887.20 
63194.17 16903.97 
63244.20 16920.74 
63294.23 16937.51 
63344.26 16954.29 
63394.29 16970.71 
63444.32 16986.60 
63494.35 17002.48 
63544.38 17018.37 
63594.40 17034.26 
63644.43 17051.54 
63694.46 17070.08 
63744.49 17088.62 
63794.52 17107.16 
63844.55 17125.69 
63894.58 17147.52 
63944.61 17171.11 
63994.64 17194.69 
64044.67 17218.28 
64094.70 17239.59 
64144.73 17259.03 
64194.75 17278.47 
64244.78 17297.91 
64294.81 17317.35 
64344.84 17336.79 
64394.87 17356.24 
64444.90 17375.68 
64494.93 17395.12 
64544.96 17414.56 
64594.99 17434.00 
64645.02 17453.84 
64695.05 17474.80 
64745.07 17495.77 
64795.10 17516.73 
64845.13 17537.70 
64895.16 17559.21 
64945.19 17581.01 
64995.22 17602.81 
65045.25 17624.62 
65095.28 17644.32 
65145.31 17663.48 
65195.34 17682.65 
65245.37 17701.82 
65295.40 17720.99 
65345.42 17740.82 
65395.45 17761.61 
65445.48 17782.39 
65495.51 17803.17 
65545.54 17823.95 
65595.57 17844.74 
65645.60 17862.30 
65695.63 17876.82 
65745.66 17891.33 
65795.69 17905.84 
65845.72 17920.36 
65895.74 17934.87 
65945.77 17949.39 
65995.80 17965.35 
66045.83 17981.58 
66095.86 17997.81 
66145.89 18014.05 
66195.92 18030.28 
66245.95 18046.51 
66295.98 18062.74 
66346.01 18078.97 
66396.04 18100.14 
66446.06 18121.90 
66496.09 18143.66 
66546.12 18165.42 
66596.15 18187.17 
66646.18 18208.93 
66696.21 18230.69 
66746.24 18252.45 
66796.27 18274.21 
66846.30 18293.28 
66896.33 18308.37 
66946.36 18323.47 
66996.39 18338.56 
67046.41 18353.66 
67096.44 18367.65 
67146.47 18378.72 
67196.50 18389.79 
67246.53 18400.86 
67296.56 18411.93 
67346.59 18423.00 
67396.62 18434.07 
67446.65 18447.98 
67496.68 18462.36 
67546.71 18476.74 
67596.73 18491.11 
67646.76 18505.49 
67696.79 18520.21 
67746.82 18535.30 
67796.85 18550.40 
67846.88 18565.49 
67896.91 18579.95 
67946.94 18594.04 
67996.97 18608.13 
68047.00 18622.22 
68097.03 18636.31 
68147.06 18650.40 
68197.08 18664.93 
68247.11 18681.05 
68297.14 18697.18 
68347.17 18713.31 
68397.20 18729.44 
68447.23 18745.56 
68497.26 18761.69 
68547.29 18777.82 
68597.32 18793.94 
68647.35 18810.07 
68697.38 18825.82 
68747.40 18840.20 
68797.43 18854.58 
68847.46 18868.95 
68897.49 18881.02 
68947.52 18891.70 
68997.55 18902.37 
69047.58 18913.04 
69097.61 18923.72 
69147.64 18934.39 
69197.67 18945.06 
69247.70 18955.73 
69297.72 18966.36 
69347.75 18976.72 
69397.78 18987.08 
69447.81 18997.44 
69497.84 19007.80 
69547.87 19018.15 
69597.90 19028.51 
69647.93 19038.87 
69697.96 19049.23 
69747.99 19059.56 
69798.02 19069.85 
69848.05 19080.15 
69898.07 19090.44 
69948.10 19100.73 
69998.13 19111.02 
70048.16 19118.39 
70098.19 19125.01 
70148.22 19131.63 
70198.25 19138.25 
70248.28 19144.87 
70298.31 19151.50 
70348.34 19158.12 
70398.37 19164.74 
70448.39 19171.36 
70498.42 19177.92 
70548.45 19183.31 
70598.48 19188.70 
70648.51 19194.09 
70698.54 19199.48 
70748.57 19204.87 
70798.60 19210.26 
70848.63 19215.65 
70898.66 19217.32 
70948.69 19218.41 
70998.71 19219.50 
71048.74 19220.60 
71098.77 19221.69 
71148.80 19222.79 
71198.83 19222.82 
71248.86 19222.82 
71298.89 19222.82 
71348.92 19222.82 
71398.95 19222.82 
71448.98 19222.82 
71499.01 19222.82 
71549.04 19222.82 
71599.06 19222.82 
71649.09 19222.82 
71699.12 19222.82 
71749.15 19222.82 
71799.18 19222.82 
71849.21 19222.82 
71899.24 19222.82 
71949.27 19222.82 
71999.30 19222.82 
72049.33 19222.82 
72099.36 19222.82 
72149.38 19222.82 
72199.41 19222.82 
72249.44 19222.82 
72299.47 19222.82 
72349.50 19219.23 
72399.53 19215.17 
72449.56 19211.11 
72499.59 19207.06 
72549.62 19203.00 
72599.65 19198.94 
72649.68 19194.88 
72699.71 19190.83 
72749.73 19186.80 
72799.76 19182.77 
72849.79 19178.75 
72899.82 19174.72 
72949.85 19170.70 
72999.88 19166.67 
73049.91 19164.75 
73099.94 19164.75 
73149.97 19164.75 
73200.00 19164.75 
73250.03 19164.75 
73300.05 19164.75 
73350.08 19164.75 
73400.11 19164.75 
73450.14 19164.75 
73500.17 19164.75 
73550.20 19164.75 
73600.23 19164.75 
73650.26 19164.75 
73700.29 19164.75 
73750.32 19164.75 
73800.35 19167.87 
73850.37 19172.71 
73900.40 19177.55 
73950.43 19182.38 
74000.46 19187.22 
74050.49 19192.06 
74100.52 19196.90 
74150.55 19203.16 
74200.58 19209.45 
74250.61 19215.73 
74300.64 19222.02 
74350.67 19228.31 
74400.70 19234.60 
74450.72 19242.62 
74500.75 19251.00 
74550.78 19259.39 
74600.81 19267.77 
74650.84 19276.16 
74700.87 19284.55 
74750.90 19292.93 
74800.93 19299.68 
74850.96 19306.25 
74900.99 19312.81 
74951.02 19319.37 
75001.04 19325.94 
75051.07 19332.50 
75101.10 19341.14 
75151.13 19349.79 
75201.16 19358.44 
75251.19 19367.09 
75301.22 19375.73 
75351.25 19384.38 
75401.28 19393.03 
75451.31 19401.68 
75501.34 19411.44 
75551.37 19421.51 
75601.39 19431.57 
75651.42 19441.63 
75701.45 19451.70 
75751.48 19461.76 
75801.51 19471.82 
75851.54 19481.89 
75901.57 19491.95 
75951.60 19504.54 
76001.63 19517.72 
76051.66 19530.90 
76101.69 19544.08 
76151.71 19557.26 
76201.74 19570.44 
76251.77 19583.61 
76301.80 19596.79 
76351.83 19609.97 
76401.86 19623.15 
76451.89 19635.95 
76501.92 19639.78 
76551.95 19643.60 
76601.98 19647.43 
76652.01 19651.26 
76702.03 19655.09 
76752.06 19658.92 
76802.09 19662.75 
76852.12 19666.57 
76902.15 19670.40 
76952.18 19674.23 
77002.21 19678.06 
77052.24 19683.43 
77102.27 19693.61 
77152.30 19703.79 
77202.33 19713.98 
77252.36 19724.16 
77302.38 19734.34 
77352.41 19744.53 
77402.44 19754.71 
77452.47 19764.89 
77502.50 19775.08 
77552.53 19785.26 
77602.56 19794.96 
77652.59 19804.10 
77702.62 19813.25 
77752.65 19822.40 
77802.68 19831.55 
77852.70 19840.70 
77902.73 19846.61 
77952.76 19851.86 
78002.79 19857.10 
78052.82 19862.34 
78102.85 19867.58 
78152.88 19872.82 
78202.91 19877.48 
78252.94 19881.86 
78302.97 19886.23 
78353.00 19890.61 
78403.02 19894.98 
78453.05 19899.36 
78503.08 19904.67 
78553.11 19910.26 
78603.14 19915.85 
78653.17 19921.44 
78703.20 19927.03 
78753.23 19932.62 
78803.26 19938.22 
78853.29 19943.81 
78903.32 19949.40 
78953.35 19954.52 
79003.37 19959.23 
79053.40 19963.95 
79103.43 19968.67 
79153.46 19973.39 
79203.49 19978.10 
79253.52 19982.82 
79303.55 19987.54 
79353.58 19992.36 
79403.61 19997.39 
79453.64 20002.42 
79503.67 20007.45 
79553.69 20012.48 
79603.72 20017.52 
79653.75 20022.55 
79703.78 20027.58 
79753.81 20032.17 
79803.84 20036.51 
79853.87 20040.84 
79903.90 20045.18 
79953.93 20049.52 
80003.96 20053.86 
80053.99 20058.19 
80104.02 20062.85 
80154.04 20068.77 
80204.07 20074.69 
80254.10 20080.61 
80304.13 20086.53 
80354.16 20092.45 
80404.19 20098.36 
80454.22 20104.28 
80504.25 20110.20 
80554.28 20115.62 
80604.31 20120.49 
80654.34 20125.36 
80704.36 20130.23 
80754.39 20135.10 
80804.42 20139.97 
80854.45 20144.84 
80904.48 20149.71 
80954.51 20154.99 
81004.54 20160.65 
81054.57 20166.31 
81104.60 20171.97 
81154.63 20177.64 
81204.66 20183.30 
81254.68 20188.96 
81304.71 20194.62 
81354.74 20200.28 
81404.77 20205.94 
81454.80 20211.98 
81504.83 20219.05 
81554.86 20226.13 
81604.89 20233.21 
81654.92 20240.28 
81704.95 20247.36 
81754.98 20254.43 
81805.01 20261.51 
81855.03 20268.70 
81905.06 20277.68 
81955.09 20286.67 
82005.12 20295.65 
82055.15 20304.64 
82105.18 20313.62 
82155.21 20322.61 
82205.24 20331.60 
82255.27 20340.58 
82305.30 20349.57 
82355.33 20358.55 
82405.35 20366.43 
82455.38 20371.59 
82505.41 20376.75 
82555.44 20381.92 
82605.47 20387.08 
82655.50 20392.24 
82705.53 20397.40 
82755.56 20402.56 
82805.59 20407.72 
82855.62 20412.88 
82905.65 20418.11 
82955.68 20423.50 
83005.70 20428.89 
83055.73 20434.28 
83105.76 20439.63 
83155.79 20444.97 
83205.82 20450.31 
83255.85 20455.64 
83305.88 20460.98 
83355.91 20466.31 
83405.94 20471.65 
83455.97 20476.99 
83506.00 20481.64 
83556.02 20484.00 
83606.05 20486.36 
83656.08 20488.71 
83706.11 20491.07 
83756.14 20493.43 
83806.17 20495.79 
83856.20 20498.15 
83906.23 20500.53 
83956.26 20503.81 
84006.29 20507.09 
84056.32 20510.37 
84106.34 20513.65 
84156.37 20516.94 
84206.40 20520.51 
84256.43 20526.17 
84306.46 20531.83 
84356.49 20537.49 
84406.52 20543.15 
84456.55 20548.81 
84506.58 20554.48 
84556.61 20560.14 
84606.64 20565.80 
84656.67 20571.46 
84706.69 20577.12 
84756.72 20582.23 
84806.75 20587.27 
84856.78 20592.30 
84906.81 20597.33 
84956.84 20602.36 
85006.87 20607.39 
85056.90 20612.42 
85106.93 20617.46 
85156.96 20622.49 
85206.99 20627.52 
85257.01 20632.55 
85307.04 20637.58 
85357.07 20642.61 
85407.10 20647.65 
85457.13 20654.78 
85507.16 20662.59 
85557.19 20670.40 
85607.22 20678.20 
85657.25 20686.01 
85707.28 20693.82 
85757.31 20701.63 
85807.34 20708.75 
85857.36 20714.41 
85907.39 20720.07 
85957.42 20725.73 
86007.45 20731.39 
86057.48 20737.05 
86107.51 20742.71 
86157.54 20748.37 
86207.57 20754.03 
86257.60 20759.69 
86307.63 20765.65 
86357.66 20776.18 
86407.68 20786.71 
86457.71 20797.24 
86507.74 20807.77 
86557.77 20818.31 
86607.80 20828.84 
86657.83 20839.37 
86707.86 20849.90 
86757.89 20860.43 
86807.92 20870.96 
86857.95 20881.34 
86907.98 20887.15 
86958.00 20892.96 
87008.03 20898.76 
87058.06 20904.57 
87108.09 20910.37 
87158.12 20916.18 
87208.15 20921.98 
87258.18 20927.79 
87308.21 20933.60 
87358.24 20939.41 
87408.27 20945.35 
87458.30 20951.30 
87508.33 20957.24 
87558.35 20963.19 
87608.38 20969.13 
87658.41 20975.08 
87708.44 20981.03 
87758.47 20986.97 
87808.50 20994.40 
87858.53 21003.21 
87908.56 21012.01 
87958.59 21020.82 
88008.62 21029.62 
88058.65 21038.04 
88108.67 21046.43 
88158.70 21054.82 
88208.73 21063.20 
88258.76 21071.59 
88308.79 21079.97 
88358.82 21088.29 
88408.85 21093.88 
88458.88 21099.47 
88508.91 21105.06 
88558.94 21110.65 
88608.97 21116.24 
88658.99 21121.83 
88709.02 21128.85 
88759.05 21136.19 
88809.08 21143.53 
88859.11 21150.87 
88909.14 21158.20 
88959.17 21166.14 
89009.20 21175.45 
89059.23 21184.77 
89109.26 21194.09 
89159.29 21203.41 
89209.32 21212.73 
89259.34 21222.20 
89309.37 21233.21 
89359.40 21244.21 
89409.43 21255.22 
89459.46 21266.23 
89509.49 21277.23 
89559.52 21288.24 
89609.55 21299.25 
89659.58 21309.21 
89709.61 21318.79 
89759.64 21328.38 
89809.66 21337.96 
89859.69 21347.54 
89909.72 21356.30 
89959.75 21364.98 
90009.78 21373.65 
90059.81 21382.33 
90109.84 21391.00 
90159.87 21399.68 
90209.90 21407.63 
90259.93 21413.29 
90309.96 21418.95 
90359.99 21424.61 
90410.01 21430.27 
90460.04 21435.93 
90510.07 21441.59 
90560.10 21447.25 
90610.13 21452.91 
90660.16 21458.83 
90710.19 21470.10 
90760.22 21481.38 
90810.25 21492.66 
90860.28 21503.94 
90910.31 21515.21 
90960.33 21526.49 
91010.36 21536.99 
91060.39 21546.22 
91110.42 21555.44 
91160.45 21564.67 
91210.48 21573.89 
91260.51 21583.12 
91310.54 21592.34 
91360.57 21602.27 
91410.60 21612.96 
91460.63 21623.66 
91510.65 21634.35 
91560.68 21645.04 
91610.71 21655.73 
91660.74 21666.43 
91710.77 21677.12 
91760.80 21687.81 
91810.83 21697.97 
91860.86 21706.81 
91910.89 21715.65 
91960.92 21724.49 
92010.95 21733.33 
92060.98 21742.17 
92111.00 21751.01 
92161.03 21759.85 
92211.06 21768.69 
92261.09 21778.86 
92311.12 21789.41 
92361.15 21799.96 
92411.18 21810.51 
92461.21 21821.06 
92511.24 21831.61 
92561.27 21842.16 
92611.30 21852.86 
92661.32 21863.65 
92711.35 21874.43 
92761.38 21885.21 
92811.41 21895.99 
92861.44 21907.71 
92911.47 21919.63 
92961.50 21931.54 
93011.53 21943.46 
93061.56 21955.04 
93111.59 21966.22 
93161.62 21977.41 
93211.65 21988.59 
93261.67 21999.77 
93311.70 22010.95 
93361.73 22021.25 
93411.76 22028.87 
93461.79 22036.49 
93511.82 22044.12 
93561.85 22051.74 
93611.88 22059.37 
93661.91 22066.99 
93711.94 22074.61 
93761.97 22081.85 
93811.99 22088.90 
93862.02 22095.94 
93912.05 22102.99 
93962.08 22110.03 
94012.11 22117.07 
94062.14 22124.94 
94112.17 22132.89 
94162.20 22140.83 
94212.23 22148.78 
94262.26 22156.72 
94312.29 22164.67 
94362.31 22172.61 
94412.34 22180.55 
94462.37 22188.68 
94512.40 22197.67 
94562.43 22206.65 
94612.46 22215.64 
94662.49 22224.63 
94712.52 22233.61 
94762.55 22242.60 
94812.58 22250.85 
94862.61 22258.86 
94912.64 22266.86 
94962.66 22274.87 
95012.69 22282.87 
95062.72 22289.07 
95112.75 22294.42 
95162.78 22299.77 
95212.81 22305.13 
95262.84 22310.48 
95312.87 22315.83 
95362.90 22321.18 
95412.93 22326.54 
95462.96 22331.89 
95512.98 22337.24 
95563.01 22342.59 
95613.04 22347.77 
95663.07 22352.91 
95713.10 22358.06 
95763.13 22363.20 
95813.16 22368.35 
95863.19 22373.50 
95913.22 22378.64 
95963.25 22383.79 
96013.28 22388.93 
96063.30 22394.08 
96113.33 22401.90 
96163.36 22410.54 
96213.39 22419.19 
96263.42 22427.84 
96313.45 22436.49 
96363.48 22445.14 
96413.51 22453.78 
96463.54 22461.21 
96513.57 22466.86 
96563.60 22472.50 
96613.63 22478.14 
96663.65 22483.78 
96713.68 22489.42 
96763.71 22495.06 
96813.74 22500.70 
96863.77 22506.40 
96913.80 22512.21 
96963.83 22518.01 
97013.86 22523.82 
97063.89 22529.56 
97113.92 22535.28 
97163.95 22541.00 
97213.97 22546.71 
97264.00 22552.43 
97314.03 22558.15 
97364.06 22563.67 
97414.09 22569.07 
97464.12 22574.46 
97514.15 22579.85 
97564.18 22585.24 
97614.21 22590.63 
97664.24 22596.02 
97714.27 22601.41 
97764.30 22612.56 
97814.32 22625.14 
97864.35 22637.72 
97914.38 22650.30 
97964.41 22655.82 
98014.44 22660.61 
98064.47 22665.40 
98114.50 22670.19 
98164.53 22674.99 
98214.56 22679.90 
98264.59 22686.52 
98314.62 22693.14 
98364.64 22699.76 
98414.67 22706.38 
98464.70 22713.00 
98514.73 22718.59 
98564.76 22723.88 
98614.79 22729.18 
98664.82 22734.48 
98714.85 22739.77 
98764.88 22744.32 
98814.91 22748.09 
98864.94 22751.86 
98914.96 22755.64 
98964.99 22759.41 
99015.02 22763.19 
99065.05 22769.10 
99115.08 22775.17 
99165.11 22781.24 
99215.14 22787.32 
99265.17 22793.39 
99315.20 22799.46 
99365.23 22805.54 
99415.26 22811.61 
99465.29 22817.37 
99515.31 22823.09 
99565.34 22828.81 
99615.37 22834.53 
99665.40 22840.25 
99715.43 22845.96 
99765.46 22851.92 
99815.49 22857.96 
99865.52 22864.00 
99915.55 22870.03 
99965.58 22876.07 
100015.61 22882.11 
100065.63 22888.15 
100115.66 22896.64 
100165.69 22905.79 
100215.72 22914.94 
100265.75 22924.09 
100315.78 22933.23 
100365.81 22942.38 
100415.84 22949.62 
100465.87 22955.91 
100515.90 22962.20 
100565.93 22968.49 
100615.96 22974.78 
100665.98 22981.06 
100716.01 22987.35 
100766.04 22994.06 
100816.07 23000.77 
100866.10 23007.48 
100916.13 23014.19 
100966.16 23020.90 
101016.19 23027.60 
101066.22 23034.31 
101116.25 23041.02 
101166.28 23048.66 
101216.30 23056.80 
101266.33 23064.94 
101316.36 23073.08 
101366.39 23081.22 
101416.42 23089.35 
101466.45 23097.49 
101516.48 23105.63 
101566.51 23113.77 
101616.54 23121.29 
101666.57 23126.16 
101716.60 23131.03 
101766.62 23135.90 
101816.65 23140.77 
101866.68 23145.64 
101916.71 23150.51 
101966.74 23155.38 
102016.77 23160.25 
102066.80 23164.47 
102116.83 23168.20 
102166.86 23171.92 
102216.89 23175.65 
102266.92 23179.38 
102316.95 23183.11 
102366.97 23186.83 
102417.00 23190.69 
102467.03 23196.73 
102517.06 23202.76 
102567.09 23208.80 
102617.12 23214.84 
102667.15 23220.88 
102717.18 23226.92 
102767.21 23232.83 
102817.24 23237.62 
102867.27 23242.41 
102917.29 23247.20 
102967.32 23252.00 
103017.35 23256.79 
103067.38 23261.49 
103117.41 23265.93 
103167.44 23270.37 
103217.47 23274.81 
103267.50 23279.25 
103317.53 23282.22 
103367.56 23283.90 
103417.59 23285.58 
103467.61 23287.25 
103517.64 23290.70 
103567.67 23297.32 
103617.70 23303.94 
103667.73 23310.56 
103717.76 23317.18 
103767.79 23323.32 
103817.82 23323.32 
103867.85 23323.32 
103917.88 23323.32 
103967.91 23323.32 
104017.94 23323.32 
104067.96 23325.91 
104117.99 23329.19 
104168.02 23332.47 
104218.05 23335.75 
104268.08 23339.03 
104318.11 23342.31 
104368.14 23346.65 
104418.17 23352.64 
104468.20 23358.63 
104518.23 23364.62 
104568.26 23370.61 
104618.28 23376.60 
104668.31 23382.75 
104718.34 23389.04 
104768.37 23395.33 
104818.40 23401.62 
104868.43 23407.91 
104918.46 23414.20 
104968.49 23419.51 
105018.52 23424.81 
105068.55 23430.10 
105118.58 23435.40 
105168.61 23440.70 
105218.63 23446.35 
105268.66 23452.16 
105318.69 23457.96 
105368.72 23463.77 
105418.75 23469.57 
105468.78 23475.38 
105518.81 23481.18 
105568.84 23486.75 
105618.87 23492.05 
105668.90 23497.35 
105718.93 23502.64 
105768.95 23507.94 
105818.98 23512.74 
105869.01 23515.25 
105919.04 23517.77 
105969.07 23520.28 
106019.10 23522.80 
106069.13 23525.31 
106119.16 23526.28 
106169.19 23526.28 
106219.22 23526.28 
106269.25 23526.28 
106319.27 23526.28 
106369.30 23526.28 
106419.33 23526.28 
106469.36 23526.87 
106519.39 23532.46 
106569.42 23538.05 
106619.45 23543.64 
106669.48 23549.23 
106719.51 23554.82 
106769.54 23560.41 
106819.57 23566.00 
106869.60 23569.30 
106919.62 23571.04 
106969.65 23572.77 
107019.68 23574.51 
107069.71 23576.24 
107119.74 23577.98 
107169.77 23579.71 
107219.80 23581.45 
107269.83 23584.16 
107319.86 23587.76 
107369.89 23591.35 
107419.92 23594.95 
107469.94 23598.54 
107519.97 23602.13 
107570.00 23605.73 
107620.03 23609.32 
107670.06 23612.92 
107720.09 23616.51 
107770.12 23622.53 
107820.15 23629.19 
107870.18 23635.85 
107920.21 23642.51 
107970.24 23649.17 
108020.27 23655.83 
108070.29 23662.49 
108120.32 23669.15 
108170.35 23675.80 
108220.38 23681.35 
108270.41 23684.66 
108320.44 23687.97 
108370.47 23691.28 
108420.50 23694.59 
108470.53 23697.90 
108520.56 23701.21 
108570.59 23704.52 
108620.61 23707.83 
108670.64 23711.14 
108720.67 23714.45 
