  0.22 5334.37 
 50.37 5334.77 
100.52 5335.95 
150.68 5339.93 
200.83 5346.16 
250.98 5350.15 
301.14 5355.54 
351.29 5360.61 
401.45 5363.04 
451.60 5363.31 
501.75 5363.31 
551.91 5363.31 
602.06 5363.90 
652.21 5364.07 
702.37 5363.60 
752.52 5363.12 
802.68 5362.79 
852.83 5362.79 
902.98 5363.19 
953.14 5364.68 
1003.29 5367.43 
1053.44 5369.12 
1103.60 5369.90 
1153.75 5369.09 
1203.91 5373.87 
1254.06 5379.47 
1304.21 5381.36 
1354.37 5384.61 
1404.52 5387.80 
1454.67 5387.96 
1504.83 5389.22 
1554.98 5391.97 
1605.14 5392.20 
1655.29 5393.03 
1705.44 5394.00 
1755.60 5394.05 
1805.75 5393.84 
1855.90 5393.34 
1906.06 5392.64 
1956.21 5389.38 
2006.37 5387.17 
2056.52 5385.95 
2106.67 5383.34 
2156.83 5380.63 
2206.98 5378.96 
2257.13 5383.54 
2307.29 5388.24 
2357.44 5388.76 
2407.60 5388.59 
2457.75 5388.59 
2507.90 5388.14 
2558.06 5389.25 
2608.21 5391.14 
2658.36 5393.98 
2708.52 5396.51 
2758.67 5402.97 
2808.83 5409.49 
2858.98 5411.53 
2909.13 5414.52 
2959.29 5415.46 
3009.44 5416.17 
3059.59 5417.47 
3109.75 5421.07 
3159.90 5427.63 
3210.06 5430.80 
3260.21 5433.56 
3310.36 5437.11 
3360.52 5433.28 
3410.67 5432.19 
3460.82 5433.71 
3510.98 5432.59 
3561.13 5433.67 
3611.28 5426.52 
3661.44 5427.38 
3711.59 5430.05 
3761.75 5434.65 
3811.90 5437.14 
3862.05 5442.11 
3912.21 5445.95 
3962.36 5443.85 
4012.51 5443.16 
4062.67 5451.70 
4112.82 5456.89 
4162.98 5455.07 
4213.13 5456.48 
4263.28 5461.84 
4313.44 5471.16 
4363.59 5474.17 
4413.74 5474.67 
4463.90 5475.57 
4514.05 5477.02 
4564.21 5477.32 
4614.36 5479.21 
4664.51 5484.07 
4714.67 5488.58 
4764.82 5490.37 
4814.97 5489.26 
4865.13 5488.08 
4915.28 5495.77 
4965.44 5496.77 
5015.59 5497.82 
5065.74 5498.16 
5115.90 5496.87 
5166.05 5492.04 
5216.20 5494.09 
5266.36 5496.68 
5316.51 5502.31 
5366.67 5504.94 
5416.82 5505.61 
5466.97 5506.23 
5517.13 5512.91 
5567.28 5516.90 
5617.43 5521.99 
5667.59 5522.65 
5717.74 5517.04 
5767.90 5522.46 
5818.05 5529.55 
5868.20 5532.65 
5918.36 5537.96 
5968.51 5541.13 
6018.66 5538.62 
6068.82 5539.17 
6118.97 5540.63 
6169.13 5544.81 
6219.28 5545.91 
6269.43 5545.61 
6319.59 5548.36 
6369.74 5549.88 
6419.89 5551.43 
6470.05 5554.88 
6520.20 5556.56 
6570.36 5557.42 
6620.51 5558.26 
6670.66 5559.30 
6720.82 5560.93 
6770.97 5563.55 
6821.12 5566.99 
6871.28 5562.14 
6921.43 5557.52 
6971.59 5553.21 
7021.74 5546.61 
7071.89 5541.29 
7122.05 5538.15 
7172.20 5537.48 
7222.35 5544.65 
7272.51 5557.95 
7322.66 5560.57 
7372.82 5563.67 
7422.97 5564.82 
7473.12 5572.13 
7523.28 5576.09 
7573.43 5579.73 
7623.58 5584.56 
7673.74 5588.14 
7723.89 5590.66 
7774.05 5593.53 
7824.20 5598.86 
7874.35 5604.69 
7924.51 5607.08 
7974.66 5610.78 
8024.81 5614.91 
8074.97 5619.20 
8125.12 5626.31 
8175.28 5628.01 
8225.43 5634.17 
8275.58 5637.07 
8325.74 5639.27 
8375.89 5643.62 
8426.04 5645.96 
8476.20 5639.71 
8526.35 5638.41 
8576.50 5637.67 
8626.66 5634.87 
8676.81 5636.23 
8726.97 5640.03 
8777.12 5636.28 
8827.27 5635.74 
8877.43 5636.84 
8927.58 5640.26 
8977.73 5647.05 
9027.89 5651.37 
9078.04 5654.90 
9128.20 5658.70 
9178.35 5661.07 
9228.50 5657.62 
9278.66 5660.67 
9328.81 5666.12 
9378.96 5666.72 
9429.12 5667.88 
9479.27 5667.54 
9529.43 5665.89 
9579.58 5663.37 
9629.73 5661.14 
9679.89 5660.51 
9730.04 5663.57 
9780.19 5664.65 
9830.35 5667.08 
9880.50 5669.45 
9930.66 5673.19 
9980.81 5676.25 
10030.96 5674.79 
10081.12 5671.63 
10131.27 5671.90 
10181.42 5671.35 
10231.58 5671.38 
10281.73 5671.40 
10331.89 5670.63 
10382.04 5668.92 
10432.19 5675.85 
10482.35 5681.82 
10532.50 5686.19 
10582.65 5690.10 
10632.81 5692.80 
10682.96 5692.17 
10733.12 5696.32 
10783.27 5700.63 
10833.42 5702.23 
10883.58 5703.61 
10933.73 5705.49 
10983.88 5713.20 
11034.04 5715.39 
11084.19 5717.78 
11134.35 5721.93 
11184.50 5728.71 
11234.65 5733.04 
11284.81 5737.09 
11334.96 5739.78 
11385.11 5739.51 
11435.27 5740.31 
11485.42 5742.56 
11535.58 5739.85 
11585.73 5736.10 
11635.88 5735.62 
11686.04 5737.12 
11736.19 5739.30 
11786.34 5746.12 
11836.50 5753.61 
11886.65 5750.92 
11936.81 5750.04 
11986.96 5750.75 
12037.11 5752.62 
12087.27 5755.58 
12137.42 5757.46 
12187.57 5760.39 
12237.73 5763.31 
12287.88 5765.29 
12338.04 5763.16 
12388.19 5760.79 
12438.34 5763.49 
12488.50 5769.70 
12538.65 5774.25 
12588.80 5776.82 
12638.96 5782.26 
12689.11 5788.90 
12739.27 5788.86 
12789.42 5789.30 
12839.57 5780.58 
12889.73 5779.94 
12939.88 5775.77 
12990.03 5780.22 
13040.19 5783.15 
13090.34 5786.94 
13140.49 5786.75 
13190.65 5790.87 
13240.80 5795.70 
13290.96 5794.31 
13341.11 5791.80 
13391.26 5788.54 
13441.42 5795.87 
13491.57 5804.11 
13541.72 5806.02 
13591.88 5813.14 
13642.03 5822.58 
13692.19 5822.94 
13742.34 5824.82 
13792.49 5829.20 
13842.65 5836.99 
13892.80 5842.19 
13942.95 5847.03 
13993.11 5851.81 
14043.26 5856.96 
14093.42 5858.85 
14143.57 5860.88 
14193.72 5862.53 
14243.88 5863.61 
14294.03 5863.89 
14344.18 5864.87 
14394.34 5866.57 
14444.49 5868.19 
14494.65 5869.05 
14544.80 5868.27 
14594.95 5863.93 
14645.11 5859.74 
14695.26 5857.16 
14745.41 5854.40 
14795.57 5854.12 
14845.72 5854.04 
14895.88 5852.50 
14946.03 5848.66 
14996.18 5845.20 
15046.34 5844.13 
15096.49 5841.39 
15146.64 5831.08 
15196.80 5824.42 
15246.95 5821.93 
15297.11 5830.51 
15347.26 5839.40 
15397.41 5843.58 
15447.57 5845.98 
15497.72 5853.98 
15547.87 5857.71 
15598.03 5862.28 
15648.18 5853.90 
15698.34 5858.04 
15748.49 5860.43 
15798.64 5871.80 
15848.80 5871.35 
15898.95 5865.80 
15949.10 5858.46 
15999.26 5856.58 
16049.41 5855.73 
16099.57 5857.89 
16149.72 5852.60 
16199.87 5845.33 
16250.03 5833.15 
16300.18 5828.88 
16350.33 5821.79 
16400.49 5817.15 
16450.64 5818.06 
16500.80 5820.80 
16550.95 5826.49 
16601.10 5838.44 
16651.26 5846.21 
16701.41 5852.34 
16751.56 5860.30 
16801.72 5870.05 
16851.87 5878.84 
16902.03 5885.68 
16952.18 5887.82 
17002.33 5891.22 
17052.49 5896.55 
