  7.39 6222.76 
 57.42 6218.11 
107.44 6213.46 
157.47 6208.82 
207.50 6198.24 
257.52 6182.34 
307.55 6166.07 
357.58 6149.72 
407.60 6133.36 
457.63 6117.00 
507.65 6090.00 
557.68 6062.74 
607.71 6034.15 
657.73 6004.95 
707.76 5975.76 
757.79 5963.18 
807.81 5950.60 
857.84 5944.74 
907.87 5945.26 
957.89 5945.79 
1007.92 5946.31 
1057.95 5946.84 
1107.97 5947.36 
1158.00 5947.89 
1208.03 5948.26 
1258.05 5945.70 
1308.08 5943.15 
1358.11 5940.59 
1408.13 5938.04 
1458.16 5935.48 
1508.18 5932.93 
1558.21 5937.46 
1608.24 5942.57 
1658.26 5947.68 
1708.29 5952.79 
1758.32 5957.91 
1808.34 5963.02 
1858.37 5963.29 
1908.40 5962.36 
1958.42 5961.43 
2008.45 5960.50 
2058.48 5956.28 
2108.50 5949.78 
2158.53 5943.27 
2208.56 5936.77 
2258.58 5931.89 
2308.61 5929.68 
2358.63 5927.47 
2408.66 5925.26 
2458.69 5923.05 
2508.71 5920.84 
2558.74 5918.63 
2608.77 5918.75 
2658.79 5924.33 
2708.82 5929.90 
2758.85 5935.48 
2808.87 5940.56 
2858.90 5940.56 
2908.93 5940.56 
2958.95 5940.56 
3008.98 5940.56 
3059.01 5940.56 
3109.03 5940.56 
3159.06 5940.56 
3209.09 5940.56 
3259.11 5936.95 
3309.14 5931.53 
3359.16 5926.12 
3409.19 5920.71 
3459.22 5915.30 
3509.24 5909.89 
3559.27 5903.99 
3609.30 5895.57 
3659.32 5887.16 
3709.35 5878.74 
3759.38 5867.00 
3809.40 5854.92 
3859.43 5842.83 
3909.46 5830.75 
3959.48 5823.78 
4009.51 5819.02 
4059.54 5814.27 
4109.56 5809.51 
4159.59 5804.76 
4209.61 5800.01 
4259.64 5795.25 
4309.67 5790.50 
4359.69 5786.37 
4409.72 5782.96 
4459.75 5779.56 
4509.77 5776.15 
4559.80 5772.74 
4609.83 5769.34 
4659.85 5765.93 
4709.88 5764.49 
4759.91 5764.49 
4809.93 5764.49 
4859.96 5764.49 
4909.99 5764.49 
4960.01 5764.49 
5010.04 5764.49 
5060.07 5764.78 
5110.09 5767.34 
5160.12 5769.89 
5210.14 5772.70 
5260.17 5780.24 
5310.20 5787.77 
5360.22 5795.30 
5410.25 5804.19 
5460.28 5814.98 
5510.30 5825.77 
5560.33 5836.56 
5610.36 5847.35 
5660.38 5858.14 
5710.41 5868.93 
5760.44 5875.84 
5810.46 5879.27 
5860.49 5882.69 
5910.52 5886.11 
5960.54 5889.53 
6010.57 5892.95 
6060.59 5896.38 
6110.62 5899.80 
6160.65 5903.22 
6210.67 5906.64 
6260.70 5910.07 
6310.73 5913.49 
6360.75 5916.91 
6410.78 5919.00 
6460.81 5919.00 
6510.83 5919.00 
6560.86 5919.00 
6610.89 5919.00 
6660.91 5919.00 
6710.94 5919.00 
6760.97 5919.00 
6810.99 5919.00 
6861.02 5919.00 
6911.05 5919.00 
6961.07 5919.00 
7011.10 5919.00 
7061.12 5919.00 
7111.15 5919.00 
7161.18 5919.00 
7211.20 5919.00 
7261.23 5919.00 
7311.26 5919.00 
7361.28 5919.00 
7411.31 5919.00 
7461.34 5919.00 
7511.36 5919.00 
7561.39 5919.64 
7611.42 5923.83 
7661.44 5928.01 
7711.47 5932.19 
7761.50 5936.37 
7811.52 5940.55 
7861.55 5944.73 
7911.58 5948.92 
7961.60 5953.10 
8011.63 5957.28 
8061.65 5960.93 
8111.68 5964.34 
8161.71 5967.74 
8211.73 5971.15 
8261.76 5974.56 
8311.79 5977.97 
8361.81 5986.54 
8411.84 6012.10 
8461.87 6037.65 
8511.89 6063.21 
8561.92 6088.77 
8611.95 6114.61 
8661.97 6144.35 
8712.00 6174.09 
8762.03 6196.60 
8812.05 6216.07 
8862.08 6235.54 
8912.10 6255.02 
8962.13 6272.48 
9012.16 6281.13 
9062.18 6289.78 
9112.21 6298.43 
9162.24 6307.08 
9212.26 6315.73 
9262.29 6321.42 
9312.32 6325.07 
9362.34 6328.72 
9412.37 6332.37 
9462.40 6336.02 
9512.42 6339.67 
9562.45 6348.08 
9612.48 6360.10 
9662.50 6372.13 
9712.53 6384.16 
9762.56 6404.73 
9812.58 6426.15 
9862.61 6447.57 
9912.63 6468.99 
9962.66 6488.39 
10012.69 6504.68 
10062.71 6520.97 
10112.74 6537.26 
10162.77 6541.15 
10212.79 6542.08 
10262.82 6543.01 
10312.85 6543.94 
10362.87 6544.87 
10412.90 6545.80 
10462.93 6545.67 
10512.95 6545.08 
10562.98 6544.50 
10613.01 6543.92 
10663.03 6543.33 
10713.06 6542.75 
10763.08 6542.16 
10813.11 6541.58 
10863.14 6541.00 
10913.16 6540.41 
10963.19 6539.42 
11013.22 6538.42 
11063.24 6537.43 
11113.27 6536.43 
11163.30 6535.43 
11213.32 6534.44 
11263.35 6533.44 
11313.38 6532.44 
11363.40 6531.44 
11413.43 6530.45 
11463.46 6529.45 
11513.48 6525.81 
11563.51 6520.38 
11613.54 6514.96 
11663.56 6509.53 
11713.59 6504.11 
11763.61 6498.69 
11813.64 6493.26 
11863.67 6487.84 
11913.69 6482.41 
11963.72 6476.99 
12013.75 6471.57 
12063.77 6466.14 
12113.80 6460.72 
12163.83 6455.29 
12213.85 6453.17 
12263.88 6451.08 
12313.91 6448.98 
12363.93 6446.88 
12413.96 6444.79 
12463.99 6442.69 
12514.01 6440.59 
12564.04 6438.50 
12614.06 6436.40 
12664.09 6434.30 
12714.12 6431.99 
12764.14 6428.58 
12814.17 6425.17 
12864.20 6421.77 
12914.22 6418.36 
12964.25 6414.95 
13014.28 6411.54 
13064.30 6408.14 
13114.33 6404.73 
13164.36 6401.32 
13214.38 6397.92 
13264.41 6394.51 
13314.44 6391.10 
13364.46 6387.69 
13414.49 6384.29 
13464.52 6380.88 
13514.54 6377.47 
13564.57 6373.84 
13614.59 6369.98 
13664.62 6366.12 
13714.65 6362.26 
13764.67 6358.41 
13814.70 6354.55 
13864.73 6350.69 
13914.75 6346.83 
13964.78 6342.98 
14014.81 6339.12 
14064.83 6335.26 
14114.86 6331.40 
14164.89 6327.55 
14214.91 6323.69 
14264.94 6319.83 
14314.97 6317.73 
14364.99 6316.10 
14415.02 6314.46 
14465.05 6312.83 
14515.07 6311.19 
14565.10 6309.56 
14615.12 6307.92 
14665.15 6307.06 
14715.18 6306.35 
14765.20 6305.63 
14815.23 6304.91 
14865.26 6304.20 
14915.28 6303.48 
14965.31 6302.76 
15015.34 6302.04 
15065.36 6301.33 
15115.39 6300.61 
15165.42 6299.89 
15215.44 6299.17 
15265.47 6298.46 
15315.50 6297.74 
15365.52 6297.02 
15415.55 6296.26 
15465.57 6293.66 
15515.60 6291.05 
15565.63 6288.45 
15615.65 6285.85 
15665.68 6283.25 
15715.71 6280.65 
15765.73 6278.04 
15815.76 6275.44 
15865.79 6272.84 
15915.81 6270.24 
15965.84 6267.64 
16015.87 6265.03 
16065.89 6262.43 
16115.92 6259.83 
16165.95 6257.23 
16215.97 6254.22 
16266.00 6251.07 
16316.03 6247.93 
16366.05 6244.78 
16416.08 6241.64 
16466.10 6238.49 
16516.13 6235.34 
16566.16 6232.20 
16616.18 6229.05 
16666.21 6225.91 
16716.24 6222.76 
16766.26 6222.53 
16816.29 6222.53 
16866.32 6222.53 
16916.34 6222.53 
16966.37 6222.53 
17016.40 6222.53 
17066.42 6222.53 
17116.45 6222.53 
17166.48 6222.53 
17216.50 6222.53 
17266.53 6222.53 
17316.55 6222.53 
17366.58 6222.53 
17416.61 6222.53 
17466.63 6222.53 
17516.66 6222.53 
17566.69 6222.53 
17616.71 6222.53 
17666.74 6222.53 
17716.77 6222.53 
17766.79 6222.53 
17816.82 6222.53 
17866.85 6222.53 
17916.87 6222.53 
17966.90 6220.78 
18016.93 6218.51 
18066.95 6216.24 
18116.98 6213.96 
18167.01 6211.69 
18217.03 6209.42 
18267.06 6207.15 
18317.08 6205.50 
18367.11 6205.50 
18417.14 6205.50 
18467.16 6205.50 
18517.19 6205.50 
18567.22 6205.50 
18617.24 6205.50 
18667.27 6205.50 
18717.30 6205.50 
18767.32 6205.50 
18817.35 6205.50 
18867.38 6205.50 
18917.40 6205.50 
18967.43 6205.50 
19017.46 6205.50 
19067.48 6205.50 
19117.51 6205.50 
19167.53 6205.50 
19217.56 6205.50 
19267.59 6205.50 
19317.61 6205.50 
19367.64 6205.50 
19417.67 6205.50 
19467.69 6205.50 
19517.72 6205.50 
19567.75 6205.50 
19617.77 6205.50 
19667.80 6205.03 
19717.83 6204.51 
19767.85 6203.98 
19817.88 6203.46 
19867.91 6202.93 
19917.93 6202.41 
19967.96 6201.89 
20017.99 6201.36 
20068.01 6200.84 
20118.04 6200.31 
20168.06 6199.83 
20218.09 6199.83 
20268.12 6199.83 
20318.14 6199.83 
20368.17 6199.83 
20418.20 6199.83 
20468.22 6199.83 
20518.25 6199.83 
20568.28 6199.83 
20618.30 6199.83 
20668.33 6199.83 
20718.36 6199.83 
20768.38 6199.83 
20818.41 6199.83 
20868.44 6199.83 
20918.46 6199.83 
20968.49 6199.83 
21018.52 6199.83 
21068.54 6199.83 
21118.57 6198.87 
21168.59 6197.60 
21218.62 6196.32 
21268.65 6195.04 
21318.67 6193.76 
21368.70 6192.48 
21418.73 6191.21 
21468.75 6189.93 
21518.78 6188.65 
21568.81 6187.14 
21618.83 6185.59 
21668.86 6184.04 
21718.89 6182.49 
21768.91 6180.94 
21818.94 6179.39 
21868.97 6177.84 
21918.99 6177.38 
21969.02 6177.38 
22019.04 6177.38 
22069.07 6177.38 
22119.10 6177.38 
22169.12 6177.38 
22219.15 6177.38 
22269.18 6177.38 
22319.20 6177.38 
22369.23 6177.38 
22419.26 6177.38 
22469.28 6177.38 
22519.31 6177.38 
22569.34 6177.38 
22619.36 6177.38 
22669.39 6177.38 
22719.42 6177.38 
22769.44 6177.38 
22819.47 6177.38 
22869.50 6177.38 
22919.52 6177.38 
22969.55 6177.38 
23019.57 6178.07 
23069.60 6179.99 
23119.63 6181.91 
23169.65 6183.82 
23219.68 6185.74 
23269.71 6187.66 
23319.73 6189.57 
23369.76 6191.49 
23419.79 6192.43 
23469.81 6192.43 
23519.84 6192.43 
23569.87 6192.43 
23619.89 6192.43 
23669.92 6192.43 
23719.95 6192.43 
23769.97 6192.43 
23820.00 6192.43 
23870.02 6192.43 
23920.05 6192.43 
23970.08 6192.43 
24020.10 6192.43 
24070.13 6192.43 
24120.16 6192.43 
24170.18 6192.43 
24220.21 6192.43 
24270.24 6192.43 
24320.26 6192.43 
24370.29 6192.43 
24420.32 6192.43 
24470.34 6192.43 
24520.37 6192.43 
24570.40 6192.43 
24620.42 6192.43 
24670.45 6192.43 
24720.48 6192.43 
24770.50 6192.43 
24820.53 6192.43 
24870.55 6192.43 
24920.58 6192.43 
24970.61 6192.43 
25020.63 6192.43 
25070.66 6192.43 
25120.69 6192.43 
25170.71 6192.43 
25220.74 6192.43 
25270.77 6192.43 
25320.79 6192.65 
25370.82 6193.62 
25420.85 6194.59 
25470.87 6195.57 
25520.90 6196.54 
25570.93 6197.51 
25620.95 6198.49 
25670.98 6199.46 
25721.00 6200.43 
25771.03 6201.41 
25821.06 6202.38 
25871.08 6202.47 
25921.11 6202.47 
25971.14 6202.47 
26021.16 6202.47 
26071.19 6202.47 
26121.22 6202.47 
26171.24 6202.47 
26221.27 6202.47 
26271.30 6202.47 
26321.32 6202.47 
26371.35 6202.47 
26421.38 6202.47 
26471.40 6202.47 
26521.43 6202.47 
26571.46 6202.47 
26621.48 6203.58 
26671.51 6206.06 
26721.53 6208.54 
26771.56 6211.02 
26821.59 6213.49 
26871.61 6215.97 
26921.64 6218.45 
26971.67 6220.93 
27021.69 6224.33 
27071.72 6229.44 
27121.75 6234.55 
27171.77 6239.66 
27221.80 6244.77 
27271.83 6249.89 
27321.85 6255.00 
27371.88 6260.11 
27421.91 6266.99 
27471.93 6275.66 
27521.96 6284.34 
27571.98 6293.01 
27622.01 6301.68 
27672.04 6310.36 
27722.06 6319.03 
27772.09 6327.70 
27822.12 6336.31 
27872.14 6344.83 
27922.17 6353.35 
27972.20 6361.87 
28022.22 6370.39 
28072.25 6378.91 
28122.28 6387.43 
28172.30 6395.94 
28222.33 6404.46 
28272.36 6413.64 
28322.38 6423.32 
28372.41 6433.00 
28422.44 6442.69 
28472.46 6452.37 
28522.49 6461.62 
28572.51 6470.82 
28622.54 6480.02 
28672.57 6489.22 
28722.59 6498.42 
28772.62 6509.47 
28822.65 6520.55 
28872.67 6531.62 
28922.70 6542.70 
28972.73 6553.77 
29022.75 6564.42 
29072.78 6571.24 
29122.81 6578.05 
29172.83 6584.87 
29222.86 6591.68 
29272.89 6598.50 
29322.91 6605.31 
29372.94 6611.06 
29422.97 6615.60 
29472.99 6620.14 
29523.02 6624.68 
29573.04 6629.05 
29623.07 6630.25 
29673.10 6631.45 
29723.12 6632.66 
29773.15 6633.86 
29823.18 6635.06 
29873.20 6636.26 
29923.23 6637.47 
29973.26 6638.67 
30023.28 6642.07 
30073.31 6646.37 
30123.34 6650.68 
30173.36 6654.98 
30223.39 6659.29 
30273.42 6663.59 
30323.44 6667.89 
30373.47 6672.20 
30423.49 6676.50 
30473.52 6679.16 
30523.55 6679.16 
30573.57 6679.16 
30623.60 6679.16 
30673.63 6679.16 
30723.65 6679.16 
30773.68 6679.16 
30823.71 6680.57 
30873.73 6683.33 
30923.76 6686.10 
30973.79 6688.86 
31023.81 6691.62 
31073.84 6694.38 
31123.87 6697.15 
31173.89 6699.91 
31223.92 6702.67 
31273.95 6706.61 
31323.97 6712.11 
31374.00 6717.62 
31424.02 6723.12 
31474.05 6728.63 
31524.08 6734.13 
31574.10 6739.98 
31624.13 6752.81 
31674.16 6765.63 
31724.18 6778.46 
31774.21 6791.28 
31824.24 6804.10 
31874.26 6816.93 
31924.29 6830.23 
31974.32 6843.60 
32024.34 6856.97 
32074.37 6870.34 
32124.40 6883.46 
32174.42 6894.02 
32224.45 6904.57 
32274.47 6915.12 
32324.50 6925.67 
32374.53 6936.22 
32424.55 6947.34 
32474.58 6959.45 
32524.61 6971.57 
32574.63 6983.68 
32624.66 6995.80 
32674.69 7010.16 
32724.71 7028.34 
32774.74 7046.51 
32824.77 7064.57 
32874.79 7080.37 
32924.82 7096.17 
32974.85 7111.96 
33024.87 7127.76 
33074.90 7141.17 
33124.93 7154.54 
33174.95 7167.91 
33224.98 7181.27 
33275.00 7194.39 
33325.03 7206.38 
33375.06 7218.36 
33425.08 7230.35 
33475.11 7242.33 
33525.14 7254.32 
33575.16 7267.65 
33625.19 7281.28 
33675.22 7294.91 
33725.24 7308.54 
33775.27 7322.40 
33825.30 7336.63 
33875.32 7350.85 
33925.35 7365.07 
33975.38 7378.16 
34025.40 7384.38 
34075.43 7390.60 
34125.45 7396.83 
34175.48 7403.05 
34225.51 7409.27 
34275.53 7415.49 
34325.56 7421.71 
34375.59 7427.94 
34425.61 7441.09 
34475.64 7458.06 
34525.67 7475.03 
34575.69 7492.00 
34625.72 7508.97 
34675.75 7525.95 
34725.77 7529.01 
34775.80 7529.01 
34825.83 7529.01 
34875.85 7529.01 
34925.88 7529.01 
34975.91 7529.01 
35025.93 7529.01 
35075.96 7529.01 
35125.98 7529.01 
35176.01 7533.86 
35226.04 7539.14 
35276.06 7544.43 
35326.09 7549.71 
35376.12 7555.00 
35426.14 7560.28 
35476.17 7565.57 
35526.20 7570.85 
35576.22 7576.14 
35626.25 7580.03 
35676.28 7580.03 
35726.30 7580.03 
35776.33 7580.03 
35826.36 7580.03 
35876.38 7580.03 
35926.41 7580.03 
35976.44 7580.03 
36026.46 7580.03 
36076.49 7580.03 
36126.51 7580.03 
36176.54 7580.03 
36226.57 7580.03 
36276.59 7580.03 
36326.62 7580.03 
36376.65 7580.03 
36426.67 7580.03 
36476.70 7580.03 
36526.73 7580.03 
36576.75 7580.03 
36626.78 7580.03 
36676.81 7580.03 
36726.83 7580.03 
36776.86 7580.03 
36826.89 7580.03 
36876.91 7580.03 
36926.94 7580.03 
36976.96 7580.03 
37026.99 7582.00 
37077.02 7584.35 
37127.04 7586.71 
37177.07 7589.07 
37227.10 7591.43 
37277.12 7593.79 
37327.15 7596.15 
37377.18 7598.51 
37427.20 7602.15 
37477.23 7606.53 
37527.26 7610.92 
37577.28 7615.30 
37627.31 7619.68 
37677.34 7624.06 
37727.36 7628.44 
37777.39 7632.82 
37827.42 7637.20 
37877.44 7641.63 
37927.47 7646.08 
37977.49 7650.52 
38027.52 7654.97 
38077.55 7659.41 
38127.57 7663.86 
38177.60 7668.30 
38227.63 7672.74 
38277.65 7677.19 
38327.68 7681.63 
38377.71 7686.08 
38427.73 7690.52 
38477.76 7694.97 
38527.79 7699.41 
38577.81 7703.75 
38627.84 7707.84 
38677.87 7711.92 
38727.89 7716.01 
38777.92 7720.10 
38827.94 7724.19 
38877.97 7728.28 
38928.00 7732.37 
38978.02 7736.46 
39028.05 7740.55 
39078.08 7744.64 
39128.10 7748.72 
39178.13 7752.81 
39228.16 7757.61 
39278.18 7762.72 
39328.21 7767.83 
39378.24 7772.94 
39428.26 7778.06 
39478.29 7783.17 
39528.32 7788.28 
39578.34 7793.39 
39628.37 7798.50 
39678.40 7803.61 
39728.42 7808.72 
39778.45 7813.83 
39828.47 7818.94 
39878.50 7824.05 
39928.53 7829.17 
39978.55 7834.28 
40028.58 7839.39 
40078.61 7844.50 
40128.63 7849.61 
40178.66 7855.08 
40228.69 7860.66 
40278.71 7866.23 
40328.74 7871.81 
40378.77 7877.38 
40428.79 7882.96 
40478.82 7888.54 
40528.85 7896.30 
40578.87 7904.47 
40628.90 7912.65 
40678.92 7920.83 
40728.95 7929.01 
40778.98 7937.18 
40829.00 7945.36 
40879.03 7953.54 
40929.06 7961.72 
40979.08 7969.90 
41029.11 7978.07 
41079.14 7986.72 
41129.16 7995.48 
41179.19 8004.24 
41229.22 8013.01 
41279.24 8021.77 
41329.27 8030.53 
41379.30 8039.35 
41429.32 8048.44 
41479.35 8057.52 
41529.38 8066.61 
41579.40 8075.70 
41629.43 8084.78 
41679.45 8093.87 
41729.48 8102.96 
41779.51 8112.04 
41829.53 8118.24 
41879.56 8123.01 
41929.59 8127.78 
41979.61 8132.55 
42029.64 8137.32 
42079.67 8142.09 
42129.69 8146.86 
42179.72 8151.63 
42229.75 8156.40 
42279.77 8162.06 
42329.80 8171.06 
42379.83 8180.05 
42429.85 8189.05 
42479.88 8198.05 
42529.91 8207.04 
42579.93 8216.04 
42629.96 8225.03 
42679.98 8234.34 
42730.01 8244.29 
42780.04 8254.23 
42830.06 8264.18 
42880.09 8274.12 
42930.12 8284.07 
42980.14 8294.02 
43030.17 8303.96 
43080.20 8313.91 
43130.22 8323.85 
43180.25 8333.80 
43230.28 8343.74 
43280.30 8354.11 
43330.33 8364.68 
43380.36 8375.26 
43430.38 8385.83 
43480.41 8396.41 
43530.43 8406.98 
43580.46 8417.56 
43630.49 8428.13 
43680.51 8438.71 
43730.54 8448.39 
43780.57 8457.25 
43830.59 8466.11 
43880.62 8474.97 
43930.65 8483.82 
43980.67 8492.68 
44030.70 8501.54 
44080.73 8510.40 
44130.75 8519.26 
44180.78 8528.14 
44230.81 8537.38 
44280.83 8546.61 
44330.86 8555.84 
44380.89 8565.08 
44430.91 8574.31 
44480.94 8583.54 
44530.96 8592.77 
44580.99 8602.01 
44631.02 8611.24 
44681.04 8623.35 
44731.07 8642.59 
44781.10 8661.83 
44831.12 8681.08 
44881.15 8700.32 
44931.18 8719.56 
44981.20 8741.43 
45031.23 8763.51 
45081.26 8785.59 
45131.28 8807.67 
45181.31 8829.75 
45231.34 8851.83 
45281.36 8873.91 
45331.39 8897.05 
45381.41 8942.31 
45431.44 8987.58 
45481.47 9032.85 
45531.49 9078.12 
45581.52 9107.73 
45631.55 9128.20 
45681.57 9148.66 
45731.60 9169.12 
45781.63 9189.59 
45831.65 9210.05 
45881.68 9230.51 
45931.71 9250.98 
45981.73 9270.34 
46031.76 9288.92 
46081.79 9307.51 
46131.81 9326.09 
46181.84 9344.24 
46231.87 9358.84 
46281.89 9373.45 
46331.92 9388.05 
46381.94 9402.65 
46431.97 9417.26 
46482.00 9430.04 
46532.02 9440.27 
46582.05 9450.49 
46632.08 9460.71 
46682.10 9470.93 
46732.13 9481.15 
46782.16 9491.38 
46832.18 9501.60 
46882.21 9510.88 
46932.24 9517.69 
46982.26 9524.51 
47032.29 9531.32 
47082.32 9538.14 
47132.34 9544.95 
47182.37 9551.77 
47232.39 9558.58 
47282.42 9565.40 
47332.45 9572.21 
47382.47 9578.27 
47432.50 9583.60 
47482.53 9588.94 
47532.55 9594.27 
47582.58 9599.60 
47632.61 9604.94 
47682.63 9610.27 
47732.66 9615.60 
47782.69 9620.94 
47832.71 9626.86 
47882.74 9636.06 
47932.77 9645.26 
47982.79 9654.46 
48032.82 9663.66 
48082.85 9672.86 
48132.87 9682.06 
48182.90 9691.26 
48232.92 9700.55 
48282.95 9715.88 
48332.98 9731.22 
48383.00 9746.55 
48433.03 9761.88 
48483.06 9776.70 
48533.08 9788.15 
48583.11 9799.60 
48633.14 9811.05 
48683.16 9822.50 
48733.19 9833.95 
48783.22 9845.40 
48833.24 9856.84 
48883.27 9868.29 
48933.30 9879.74 
48983.32 9891.19 
49033.35 9903.19 
49083.38 9915.22 
49133.40 9927.25 
49183.43 9939.27 
49233.45 9951.30 
49283.48 9963.32 
49333.51 9975.18 
49383.53 9983.13 
49433.56 9991.08 
49483.59 9999.03 
49533.61 10006.98 
49583.64 10014.93 
49633.67 10022.88 
49683.69 10030.83 
49733.72 10036.26 
49783.75 10040.70 
49833.77 10045.15 
49883.80 10049.59 
49933.83 10054.04 
49983.85 10058.48 
50033.88 10062.93 
50083.90 10067.37 
50133.93 10071.82 
50183.96 10080.69 
50233.98 10097.41 
50284.01 10114.14 
50334.04 10130.87 
50384.06 10147.59 
50434.09 10164.32 
50484.12 10181.05 
50534.14 10197.78 
50584.17 10214.50 
50634.20 10228.57 
50684.22 10238.79 
50734.25 10249.02 
50784.28 10259.24 
50834.30 10269.46 
50884.33 10279.68 
50934.36 10289.90 
50984.38 10300.13 
51034.41 10310.35 
51084.43 10320.57 
51134.46 10330.79 
51184.49 10341.02 
51234.51 10351.24 
51284.54 10361.46 
51334.57 10371.68 
51384.59 10381.90 
51434.62 10392.35 
51484.65 10404.22 
51534.67 10416.09 
51584.70 10427.96 
51634.73 10439.83 
51684.75 10451.70 
51734.78 10463.57 
51784.81 10475.44 
51834.83 10487.31 
51884.86 10499.18 
51934.88 10511.05 
51984.91 10522.93 
52034.94 10534.80 
52084.96 10546.08 
52134.99 10556.81 
52185.02 10567.54 
52235.04 10578.28 
52285.07 10589.01 
52335.10 10599.74 
52385.12 10610.48 
52435.15 10621.21 
52485.18 10631.94 
52535.20 10642.68 
52585.23 10653.41 
52635.26 10664.14 
52685.28 10674.88 
52735.31 10685.61 
52785.34 10696.34 
52835.36 10707.08 
52885.39 10718.51 
52935.41 10732.14 
52985.44 10745.77 
53035.47 10759.40 
53085.49 10771.76 
53135.52 10783.21 
53185.55 10794.66 
53235.57 10806.11 
53285.60 10817.56 
53335.63 10829.01 
53385.65 10840.46 
53435.68 10851.91 
53485.71 10863.35 
53535.73 10874.80 
53585.76 10887.36 
53635.79 10901.51 
53685.81 10915.67 
53735.84 10929.82 
53785.86 10943.98 
53835.89 10958.13 
53885.92 10972.28 
53935.94 10986.44 
53985.97 11000.59 
54036.00 11014.74 
54086.02 11028.90 
54136.05 11039.79 
54186.08 11050.01 
54236.10 11060.23 
54286.13 11070.45 
54336.16 11080.68 
54386.18 11090.90 
54436.21 11101.12 
54486.24 11111.34 
54536.26 11121.56 
54586.29 11131.99 
54636.32 11145.36 
54686.34 11158.73 
54736.37 11172.09 
54786.39 11185.46 
54836.42 11198.83 
54886.45 11212.20 
54936.47 11225.56 
54986.50 11238.93 
55036.53 11252.30 
55086.55 11265.67 
55136.58 11278.06 
55186.61 11289.41 
55236.63 11300.77 
55286.66 11312.13 
55336.69 11323.49 
55386.71 11334.85 
55436.74 11346.20 
55486.77 11357.56 
55536.79 11368.92 
55586.82 11380.28 
55636.85 11391.64 
55686.87 11403.45 
55736.90 11415.71 
55786.92 11427.98 
55836.95 11440.25 
55886.98 11452.51 
55937.00 11464.78 
55987.03 11477.05 
56037.06 11489.31 
56087.08 11501.58 
56137.11 11513.85 
56187.14 11525.34 
56237.16 11535.25 
56287.19 11545.17 
56337.22 11555.08 
56387.24 11564.99 
56437.27 11574.90 
56487.30 11584.82 
56537.32 11594.73 
56587.35 11604.64 
56637.37 11614.55 
56687.40 11624.47 
56737.43 11634.38 
56787.45 11644.29 
56837.48 11654.20 
56887.51 11667.02 
56937.53 11680.17 
56987.56 11693.31 
57037.59 11706.45 
57087.61 11719.60 
57137.64 11732.74 
57187.67 11745.88 
57237.69 11759.02 
57287.72 11772.17 
57337.75 11785.31 
57387.77 11798.45 
57437.80 11811.07 
57487.83 11823.19 
57537.85 11835.30 
57587.88 11847.42 
57637.90 11859.53 
57687.93 11871.65 
57737.96 11883.76 
57787.98 11895.88 
57838.01 11908.00 
57888.04 11920.11 
57938.06 11932.23 
57988.09 11945.49 
58038.12 11959.80 
58088.14 11974.11 
58138.17 11988.42 
58188.20 12002.73 
58238.22 12017.04 
58288.25 12031.35 
58338.28 12045.66 
58388.30 12058.41 
58438.33 12068.63 
58488.35 12078.85 
58538.38 12089.07 
58588.41 12099.29 
58638.43 12109.52 
58688.46 12119.74 
58738.49 12129.96 
58788.51 12140.18 
58838.54 12150.40 
58888.57 12164.54 
58938.59 12181.09 
58988.62 12197.64 
59038.65 12214.19 
59088.67 12230.74 
59138.70 12247.29 
59188.73 12263.84 
59238.75 12280.39 
59288.78 12296.59 
59338.81 12308.39 
59388.83 12320.18 
59438.86 12331.98 
59488.88 12343.77 
59538.91 12355.56 
59588.94 12367.36 
59638.96 12379.15 
59688.99 12390.95 
59739.02 12402.74 
59789.04 12414.54 
59839.07 12425.26 
59889.10 12434.88 
59939.12 12444.50 
59989.15 12454.12 
60039.18 12463.74 
60089.20 12473.37 
60139.23 12482.99 
60189.26 12492.61 
60239.28 12502.23 
60289.31 12511.85 
60339.33 12521.47 
60389.36 12531.10 
60439.39 12540.72 
60489.41 12550.34 
60539.44 12559.96 
60589.47 12569.58 
60639.49 12579.20 
60689.52 12595.44 
60739.55 12612.47 
60789.57 12629.51 
60839.60 12645.27 
60889.63 12652.48 
60939.65 12659.70 
60989.68 12666.91 
61039.71 12674.13 
61089.73 12681.34 
61139.76 12690.06 
61189.79 12699.15 
61239.81 12708.23 
61289.84 12717.32 
61339.86 12726.41 
61389.89 12734.90 
61439.92 12740.28 
61489.94 12745.66 
61539.97 12751.04 
61590.00 12756.42 
61640.02 12761.80 
61690.05 12767.60 
61740.08 12775.03 
61790.10 12782.47 
61840.13 12789.90 
61890.16 12797.34 
61940.18 12804.77 
61990.21 12812.20 
62040.24 12818.69 
62090.26 12823.07 
62140.29 12827.45 
62190.31 12831.83 
62240.34 12836.22 
62290.37 12839.38 
62340.39 12842.45 
62390.42 12845.52 
62440.45 12848.58 
62490.47 12851.65 
62540.50 12854.72 
62590.53 12861.63 
62640.55 12870.57 
62690.58 12879.52 
62740.61 12888.46 
62790.63 12897.41 
62840.66 12903.74 
62890.69 12908.61 
62940.71 12913.48 
62990.74 12918.35 
63040.77 12923.21 
63090.79 12928.08 
63140.82 12932.67 
63190.84 12932.67 
63240.87 12932.67 
63290.90 12932.67 
63340.92 12932.67 
63390.95 12932.67 
63440.98 12933.09 
63491.00 12937.18 
63541.03 12941.27 
63591.06 12945.36 
63641.08 12949.44 
63691.11 12953.53 
63741.14 12957.62 
63791.16 12961.71 
63841.19 12967.98 
63891.22 12980.25 
63941.24 12992.52 
63991.27 13004.78 
64041.30 13017.05 
64091.32 13023.27 
64141.35 13024.84 
64191.37 13026.41 
64241.40 13027.99 
64291.43 13029.56 
64341.45 13031.13 
64391.48 13032.70 
64441.51 13034.28 
64491.53 13032.97 
64541.56 13027.64 
64591.59 13022.30 
64641.61 13016.97 
64691.64 13011.64 
64741.67 13006.30 
64791.69 13000.97 
64841.72 12996.75 
64891.75 12996.75 
64941.77 12996.75 
64991.80 12996.75 
65041.82 12996.75 
65091.85 12996.75 
65141.88 12996.75 
65191.90 12996.75 
65241.93 12997.15 
65291.96 13003.96 
65341.98 13010.78 
65392.01 13017.59 
65442.04 13024.41 
65492.06 13030.19 
65542.09 13034.12 
65592.12 13038.05 
65642.14 13041.99 
65692.17 13045.92 
65742.20 13049.85 
65792.22 13053.78 
65842.25 13057.71 
65892.28 13061.76 
65942.30 13066.23 
65992.33 13070.70 
66042.35 13075.17 
66092.38 13079.65 
66142.41 13084.12 
66192.43 13088.59 
66242.46 13093.06 
66292.49 13097.53 
66342.51 13102.01 
66392.54 13106.39 
66442.57 13110.34 
66492.59 13114.30 
66542.62 13118.26 
66592.65 13122.21 
66642.67 13126.17 
66692.70 13130.13 
66742.73 13134.09 
66792.75 13138.04 
66842.78 13142.00 
66892.80 13147.91 
66942.83 13156.09 
66992.86 13164.27 
67042.88 13172.44 
67092.91 13180.62 
67142.94 13188.80 
67192.96 13197.17 
67242.99 13206.33 
67293.02 13215.50 
67343.04 13224.66 
67393.07 13233.83 
67443.10 13242.99 
67493.12 13252.16 
67543.15 13261.32 
67593.18 13270.49 
67643.20 13279.71 
67693.23 13289.45 
67743.26 13299.18 
67793.28 13308.92 
67843.31 13318.65 
67893.33 13328.39 
67943.36 13338.12 
67993.39 13345.76 
68043.41 13351.48 
68093.44 13357.21 
68143.47 13362.93 
68193.49 13368.66 
68243.52 13374.38 
68293.55 13380.11 
68343.57 13385.83 
68393.60 13390.90 
68443.63 13395.67 
68493.65 13400.44 
68543.68 13405.21 
68593.71 13409.98 
68643.73 13414.75 
68693.76 13419.52 
68743.78 13424.29 
68793.81 13429.06 
68843.84 13434.51 
68893.86 13441.67 
68943.89 13448.82 
68993.92 13455.98 
69043.94 13463.13 
69093.97 13470.29 
69144.00 13477.41 
69194.02 13482.52 
69244.05 13487.63 
69294.08 13492.74 
69344.10 13497.86 
69394.13 13502.97 
69444.16 13508.08 
69494.18 13512.00 
69544.21 13515.53 
69594.24 13519.05 
69644.26 13522.58 
69694.29 13526.10 
69744.31 13529.63 
69794.34 13533.15 
69844.37 13536.68 
69894.39 13540.20 
69944.42 13543.93 
69994.45 13547.76 
70044.47 13551.60 
70094.50 13555.43 
70144.53 13559.26 
70194.55 13563.10 
70244.58 13566.93 
70294.61 13570.76 
70344.63 13574.59 
70394.66 13578.43 
70444.69 13585.83 
70494.71 13595.32 
70544.74 13604.81 
70594.77 13614.30 
70644.79 13623.79 
70694.82 13633.29 
70744.84 13642.78 
70794.87 13652.27 
70844.90 13661.76 
70894.92 13673.46 
70944.95 13685.55 
70994.98 13697.63 
71045.00 13709.71 
71095.03 13721.79 
71145.06 13733.87 
71195.08 13745.95 
71245.11 13758.06 
71295.14 13770.18 
71345.16 13782.29 
71395.19 13794.41 
71445.22 13806.52 
71495.24 13818.64 
71545.27 13830.75 
71595.29 13842.87 
71645.32 13854.36 
71695.35 13865.22 
71745.37 13876.08 
71795.40 13886.94 
71845.43 13897.81 
71895.45 13908.67 
71945.48 13919.53 
71995.51 13930.39 
72045.53 13941.25 
72095.56 13952.11 
72145.59 13963.63 
72195.61 13975.90 
72245.64 13988.16 
72295.67 14000.43 
72345.69 14012.70 
72395.72 14024.96 
72445.75 14037.23 
72495.77 14049.49 
72545.80 14056.03 
72595.82 14059.23 
72645.85 14062.42 
72695.88 14065.62 
72745.90 14068.81 
72795.93 14072.01 
72845.96 14075.20 
72895.98 14078.39 
72946.01 14081.59 
72996.04 14084.78 
73046.06 14088.11 
73096.09 14091.51 
73146.12 14094.92 
73196.14 14098.33 
73246.17 14101.74 
73296.20 14105.14 
73346.22 14108.55 
73396.25 14111.98 
73446.27 14115.70 
73496.30 14119.42 
73546.33 14123.13 
73596.35 14126.85 
73646.38 14130.57 
73696.41 14134.29 
73746.43 14141.34 
73796.46 14163.15 
73846.49 14184.95 
73896.51 14206.76 
73946.54 14228.57 
73996.57 14250.42 
74046.59 14272.33 
74096.62 14294.23 
74146.65 14316.14 
74196.67 14337.14 
74246.70 14349.59 
74296.73 14362.03 
74346.75 14374.47 
74396.78 14386.92 
74446.80 14399.36 
74496.83 14411.81 
74546.86 14424.25 
74596.88 14434.36 
74646.91 14444.18 
74696.94 14453.99 
74746.96 14463.80 
74796.99 14473.62 
74847.02 14483.43 
74897.04 14493.24 
74947.07 14503.16 
74997.10 14515.03 
75047.12 14526.90 
75097.15 14538.77 
75147.18 14550.64 
75197.20 14562.52 
75247.23 14574.39 
75297.25 14586.26 
75347.28 14598.13 
75397.31 14610.00 
75447.33 14622.17 
75497.36 14634.95 
75547.39 14647.73 
75597.41 14660.51 
75647.44 14673.28 
75697.47 14686.06 
75747.49 14698.84 
75797.52 14711.62 
75847.55 14721.05 
75897.57 14729.71 
75947.60 14738.38 
75997.63 14747.04 
76047.65 14755.70 
76097.68 14764.36 
76147.71 14773.03 
76197.73 14781.69 
76247.76 14790.35 
76297.78 14799.02 
76347.81 14807.68 
76397.84 14816.34 
76447.86 14825.00 
76497.89 14833.67 
76547.92 14842.33 
76597.94 14850.99 
76647.97 14859.66 
76698.00 14868.32 
76748.02 14876.15 
76798.05 14882.20 
76848.08 14888.26 
76898.10 14894.32 
76948.13 14900.38 
76998.16 14906.43 
77048.18 14912.49 
77098.21 14918.55 
77148.24 14924.61 
77198.26 14930.66 
77248.29 14936.72 
77298.31 14942.78 
77348.34 14948.84 
77398.37 14954.89 
77448.39 14960.95 
77498.42 14967.01 
77548.45 14973.07 
77598.47 14978.28 
77648.50 14982.21 
77698.53 14986.15 
77748.55 14990.08 
77798.58 14994.01 
77848.61 14997.94 
77898.63 15001.87 
77948.66 15005.80 
77998.69 15009.73 
78048.71 15013.67 
78098.74 15017.60 
78148.76 15021.53 
78198.79 15025.46 
78248.82 15029.39 
78298.84 15033.32 
78348.87 15037.26 
78398.90 15041.17 
78448.92 15044.88 
78498.95 15048.60 
78548.98 15052.32 
78599.00 15056.03 
78649.03 15059.75 
78699.06 15063.47 
78749.08 15067.19 
78799.11 15070.90 
78849.14 15074.62 
78899.16 15078.34 
78949.19 15082.06 
78999.22 15085.77 
79049.24 15089.49 
79099.27 15093.50 
79149.29 15098.17 
79199.32 15102.85 
79249.35 15107.52 
79299.37 15112.19 
79349.40 15116.87 
79399.43 15121.54 
79449.45 15126.21 
79499.48 15130.88 
79549.51 15135.56 
79599.53 15140.23 
79649.56 15147.17 
79699.59 15158.56 
79749.61 15169.94 
79799.64 15181.33 
79849.67 15192.71 
79899.69 15204.10 
79949.72 15215.49 
79999.74 15226.87 
80049.77 15238.26 
80099.80 15247.95 
80149.82 15252.63 
80199.85 15257.30 
80249.88 15261.97 
80299.90 15266.65 
80349.93 15271.32 
80399.96 15275.99 
80449.98 15280.66 
80500.01 15285.34 
80550.04 15290.01 
80600.06 15294.68 
80650.09 15299.36 
80700.12 15304.03 
80750.14 15309.04 
80800.17 15314.30 
80850.20 15319.56 
80900.22 15324.81 
80950.25 15330.07 
81000.27 15335.33 
81050.30 15340.59 
81100.33 15345.84 
81150.35 15351.10 
81200.38 15356.36 
81250.41 15361.61 
81300.43 15366.87 
81350.46 15372.13 
81400.49 15377.11 
81450.51 15382.07 
81500.54 15387.02 
81550.57 15391.98 
81600.59 15396.94 
81650.62 15401.89 
81700.65 15406.85 
81750.67 15411.80 
81800.70 15416.76 
81850.72 15421.72 
81900.75 15426.67 
81950.78 15431.63 
82000.80 15435.17 
82050.83 15438.66 
82100.86 15442.15 
82150.88 15445.64 
82200.91 15449.13 
82250.94 15452.62 
82300.96 15456.11 
82350.99 15459.60 
82401.02 15463.09 
82451.04 15466.58 
82501.07 15470.07 
82551.10 15473.56 
82601.12 15477.06 
82651.15 15480.55 
82701.18 15484.11 
82751.20 15488.19 
82801.23 15492.28 
82851.25 15496.36 
82901.28 15500.44 
82951.31 15504.53 
83001.33 15508.61 
83051.36 15512.69 
83101.39 15516.78 
83151.41 15520.86 
83201.44 15524.94 
83251.47 15529.03 
83301.49 15533.11 
83351.52 15537.06 
83401.55 15540.47 
83451.57 15543.88 
83501.60 15547.28 
83551.63 15550.69 
83601.65 15554.10 
83651.68 15557.50 
83701.71 15560.91 
83751.73 15564.32 
83801.76 15567.73 
83851.78 15571.13 
83901.81 15574.54 
83951.84 15577.95 
84001.86 15581.36 
84051.89 15584.76 
84101.92 15588.17 
84151.94 15591.58 
84201.97 15594.99 
84252.00 15596.15 
84302.02 15596.15 
84352.05 15596.15 
84402.08 15596.15 
84452.10 15596.15 
84502.13 15596.15 
84552.16 15596.15 
84602.18 15596.15 
84652.21 15596.15 
84702.23 15596.15 
84752.26 15596.15 
84802.29 15596.15 
84852.31 15596.15 
84902.34 15596.15 
84952.37 15596.15 
85002.39 15596.40 
85052.42 15600.19 
85102.45 15603.98 
85152.47 15607.76 
85202.50 15611.55 
85252.53 15615.33 
85302.55 15619.12 
85352.58 15622.91 
85402.61 15626.69 
85452.63 15630.48 
85502.66 15634.26 
85552.69 15638.05 
85602.71 15641.84 
85652.74 15645.62 
85702.76 15645.95 
85752.79 15645.95 
85802.82 15645.95 
85852.84 15645.95 
85902.87 15645.95 
85952.90 15645.95 
86002.92 15645.95 
86052.95 15646.48 
86102.98 15651.03 
86153.00 15655.57 
86203.03 15660.11 
86253.06 15664.66 
86303.08 15669.20 
86353.11 15673.74 
86403.14 15678.29 
86453.16 15682.83 
86503.19 15688.46 
86553.21 15696.12 
86603.24 15703.79 
86653.27 15711.46 
86703.29 15719.12 
86753.32 15726.79 
86803.35 15734.46 
86853.37 15742.12 
86903.40 15747.61 
86953.43 15751.33 
87003.45 15755.05 
87053.48 15758.76 
87103.51 15762.48 
87153.53 15766.20 
87203.56 15769.91 
87253.59 15773.63 
87303.61 15777.35 
87353.64 15781.07 
87403.67 15784.78 
87453.69 15794.76 
87503.72 15806.01 
87553.74 15817.25 
87603.77 15828.50 
87653.80 15839.74 
87703.82 15850.98 
87753.85 15862.23 
87803.88 15873.47 
87853.90 15884.72 
87903.93 15896.22 
87953.96 15910.37 
88003.98 15924.52 
88054.01 15938.68 
88104.04 15952.83 
88154.06 15966.99 
88204.09 15981.14 
88254.12 15992.74 
88304.14 16003.50 
88354.17 16014.26 
88404.19 16025.02 
88454.22 16035.78 
88504.25 16046.54 
88554.27 16057.30 
88604.30 16068.06 
88654.33 16078.82 
88704.35 16088.59 
88754.38 16097.35 
88804.41 16106.11 
88854.43 16114.87 
88904.46 16123.63 
88954.49 16132.40 
89004.51 16141.16 
89054.54 16157.80 
89104.57 16178.25 
89154.59 16198.69 
89204.62 16219.13 
89254.65 16239.58 
89304.67 16260.02 
89354.70 16280.47 
89404.72 16300.91 
89454.75 16319.35 
89504.78 16334.69 
89554.80 16350.02 
89604.83 16365.35 
89654.86 16377.15 
89704.88 16385.33 
89754.91 16393.51 
89804.94 16401.69 
89854.96 16409.86 
89904.99 16418.04 
89955.02 16426.22 
90005.04 16434.40 
90055.07 16442.58 
90105.10 16450.75 
90155.12 16458.37 
90205.15 16465.81 
90255.18 16473.24 
90305.20 16480.68 
90355.23 16488.11 
90405.25 16499.12 
90455.28 16515.73 
90505.31 16532.34 
90555.33 16548.95 
90605.36 16565.56 
90655.39 16582.18 
90705.41 16598.79 
90755.44 16615.40 
90805.47 16629.87 
90855.49 16642.88 
90905.52 16655.89 
90955.55 16668.90 
91005.57 16681.91 
91055.60 16694.57 
91105.63 16706.07 
91155.65 16717.57 
91205.68 16729.07 
91255.70 16740.57 
91305.73 16752.07 
91355.76 16763.57 
91405.78 16775.07 
91455.81 16785.11 
91505.84 16793.29 
91555.86 16801.46 
91605.89 16809.64 
91655.92 16817.82 
91705.94 16826.00 
91755.97 16834.18 
91806.00 16842.35 
91856.02 16850.53 
91906.05 16858.71 
91956.08 16867.19 
92006.10 16875.79 
92056.13 16884.40 
92106.16 16893.01 
92156.18 16901.62 
92206.21 16910.23 
92256.23 16918.83 
92306.26 16927.44 
92356.29 16936.05 
92406.31 16944.19 
92456.34 16951.72 
92506.37 16959.25 
92556.39 16966.78 
92606.42 16974.32 
92656.45 16981.85 
92706.47 16989.38 
92756.50 16996.91 
92806.53 17004.45 
92856.55 17011.13 
92906.58 17013.92 
92956.61 17016.70 
93006.63 17019.49 
93056.66 17022.28 
93106.68 17025.07 
93156.71 17027.86 
93206.74 17030.64 
93256.76 17033.43 
93306.79 17036.22 
93356.82 17039.01 
93406.84 17044.54 
93456.87 17053.30 
93506.90 17062.07 
93556.92 17070.83 
93606.95 17079.59 
93656.98 17088.35 
93707.00 17097.11 
93757.03 17105.88 
93807.06 17114.64 
93857.08 17123.40 
93907.11 17133.95 
93957.14 17150.56 
94007.16 17167.17 
94057.19 17183.78 
94107.21 17200.40 
94157.24 17217.01 
94207.27 17233.62 
94257.29 17250.23 
94307.32 17266.84 
94357.35 17283.45 
94407.37 17300.06 
94457.40 17316.67 
94507.43 17333.28 
94557.45 17349.89 
94607.48 17366.51 
94657.51 17383.12 
94707.53 17399.34 
94757.56 17415.34 
94807.59 17431.34 
94857.61 17447.34 
94907.64 17463.34 
94957.66 17479.34 
95007.69 17495.34 
95057.72 17511.34 
95107.74 17527.34 
95157.77 17543.34 
95207.80 17559.34 
95257.82 17578.78 
95307.85 17602.78 
95357.88 17626.78 
95407.90 17650.78 
95457.93 17674.78 
95507.96 17698.78 
95557.98 17722.78 
95608.01 17746.78 
95658.04 17770.78 
95708.06 17794.78 
95758.09 17818.78 
95808.12 17839.28 
95858.14 17847.64 
95908.17 17856.00 
95958.19 17864.37 
96008.22 17872.73 
96058.25 17881.09 
96108.27 17889.46 
96158.30 17897.82 
96208.33 17906.19 
96258.35 17914.55 
96308.38 17922.91 
96358.41 17934.99 
96408.43 17950.72 
96458.46 17966.45 
96508.49 17982.17 
96558.51 17997.90 
96608.54 18013.63 
96658.57 18028.61 
96708.59 18039.96 
96758.62 18051.32 
96808.65 18062.68 
96858.67 18074.04 
96908.70 18085.40 
96958.72 18096.75 
97008.75 18108.11 
97058.78 18119.47 
97108.80 18130.83 
97158.83 18142.18 
97208.86 18153.54 
97258.88 18164.90 
97308.91 18176.19 
97358.94 18183.41 
97408.96 18190.63 
97458.99 18197.84 
97509.02 18205.06 
97559.04 18212.27 
97609.07 18219.49 
97659.10 18226.70 
97709.12 18233.92 
