1555.78 4225.28 
1605.82 4217.60 
1655.86 4209.93 
1705.90 4202.25 
1755.95 4194.57 
1805.99 4186.90 
1856.03 4180.56 
1906.07 4174.67 
1956.12 4168.77 
2006.16 4162.87 
2056.20 4156.97 
2106.24 4151.08 
2156.29 4145.18 
2206.33 4139.28 
2256.37 4133.38 
2306.41 4127.49 
2356.46 4122.82 
2406.50 4119.46 
2456.54 4116.10 
2506.58 4112.75 
2556.63 4109.39 
2606.67 4106.03 
2656.71 4102.67 
2706.75 4099.31 
2756.80 4095.95 
2806.84 4092.48 
2856.88 4088.88 
2906.92 4085.29 
2956.97 4081.69 
3007.01 4078.09 
3057.05 4074.49 
3107.09 4070.89 
3157.14 4068.94 
3207.18 4068.94 
3257.22 4068.94 
3307.26 4068.94 
3357.31 4068.94 
3407.35 4068.94 
3457.39 4068.94 
3507.43 4068.94 
3557.48 4068.94 
3607.52 4068.94 
3657.56 4068.94 
3707.60 4069.21 
3757.65 4070.65 
3807.69 4072.08 
3857.73 4073.52 
3907.77 4074.96 
3957.82 4076.40 
4007.86 4077.84 
4057.90 4079.28 
4107.95 4080.72 
4157.99 4082.16 
4208.03 4083.60 
4258.07 4086.86 
4308.12 4091.03 
4358.16 4095.20 
4408.20 4099.37 
4458.24 4103.54 
4508.29 4107.70 
4558.33 4111.87 
4608.37 4114.56 
4658.41 4115.06 
4708.46 4115.57 
4758.50 4116.07 
4808.54 4116.58 
4858.58 4117.08 
4908.63 4117.58 
4958.67 4118.09 
5008.71 4118.59 
5058.75 4119.09 
5108.80 4121.63 
5158.84 4127.38 
5208.88 4133.14 
5258.92 4138.90 
5308.97 4144.65 
5359.01 4150.41 
5409.05 4156.17 
5459.09 4161.93 
5509.14 4167.68 
5559.18 4172.65 
5609.22 4177.12 
5659.26 4181.60 
5709.31 4186.08 
5759.35 4190.56 
5809.39 4195.04 
5859.43 4199.51 
5909.48 4203.99 
5959.52 4208.47 
6009.56 4212.95 
6059.60 4217.42 
6109.65 4219.69 
6159.69 4217.86 
6209.73 4216.03 
6259.77 4214.20 
6309.82 4212.37 
6359.86 4210.53 
6409.90 4208.70 
6459.94 4206.87 
6509.99 4205.04 
6560.03 4203.21 
6610.07 4201.37 
6660.11 4200.15 
6710.16 4200.15 
6760.20 4200.15 
6810.24 4200.15 
6860.28 4200.15 
6910.33 4200.15 
6960.37 4200.15 
7010.41 4200.15 
7060.45 4201.68 
7110.50 4206.55 
7160.54 4211.41 
7210.58 4216.28 
7260.63 4221.14 
7310.67 4226.00 
7360.71 4230.87 
7410.75 4235.81 
7460.80 4242.20 
7510.84 4248.59 
7560.88 4254.98 
7610.92 4261.37 
7660.97 4267.76 
7711.01 4274.15 
7761.05 4280.53 
7811.09 4286.92 
7861.14 4293.31 
7911.18 4299.70 
7961.22 4304.47 
8011.26 4308.78 
8061.31 4313.10 
8111.35 4317.42 
8161.39 4321.74 
8211.43 4326.05 
8261.48 4330.37 
8311.52 4331.36 
8361.56 4331.36 
8411.60 4331.36 
8461.65 4331.36 
8511.69 4331.36 
8561.73 4331.36 
8611.77 4331.36 
8661.82 4331.36 
8711.86 4331.36 
8761.90 4331.36 
8811.94 4331.36 
8861.99 4331.36 
8912.03 4333.50 
8962.07 4335.65 
9012.11 4337.79 
9062.16 4339.93 
9112.20 4342.08 
9162.24 4344.22 
9212.28 4346.36 
9262.33 4348.51 
9312.37 4350.65 
9362.41 4352.79 
9412.45 4354.94 
9462.50 4356.59 
9512.54 4356.59 
9562.58 4356.59 
9612.62 4356.59 
9662.67 4356.59 
9712.71 4356.59 
9762.75 4356.59 
9812.79 4356.59 
9862.84 4356.59 
9912.88 4356.59 
9962.92 4356.59 
10012.96 4356.59 
10063.01 4356.59 
10113.05 4357.31 
10163.09 4360.82 
10213.14 4364.32 
10263.18 4367.83 
10313.22 4371.33 
10363.26 4374.83 
10413.31 4377.00 
10463.35 4377.49 
10513.39 4377.98 
10563.43 4378.47 
10613.48 4378.96 
10663.52 4379.45 
10713.56 4379.94 
10763.60 4380.44 
10813.65 4380.93 
10863.69 4381.42 
10913.73 4381.82 
10963.77 4381.82 
11013.82 4381.82 
11063.86 4381.82 
11113.90 4381.82 
11163.94 4381.82 
11213.99 4381.82 
11264.03 4381.82 
11314.07 4381.82 
11364.11 4381.82 
11414.16 4381.82 
11464.20 4381.82 
11514.24 4383.08 
11564.28 4385.00 
11614.33 4386.92 
11664.37 4388.84 
11714.41 4390.76 
11764.45 4392.68 
11814.50 4394.60 
11864.54 4396.52 
11914.58 4398.43 
11964.62 4400.35 
12014.67 4402.87 
12064.71 4409.12 
12114.75 4415.38 
12164.79 4421.63 
12214.84 4427.88 
12264.88 4434.14 
12314.92 4440.39 
12364.96 4446.64 
12415.01 4452.00 
12465.05 4457.22 
12515.09 4462.44 
12565.13 4467.67 
12615.18 4472.89 
12665.22 4478.12 
12715.26 4482.75 
12765.30 4482.75 
12815.35 4482.75 
12865.39 4482.75 
12915.43 4482.75 
12965.47 4482.75 
13015.52 4482.75 
13065.56 4482.75 
13115.60 4482.75 
13165.65 4482.75 
13215.69 4482.75 
13265.73 4482.75 
13315.77 4482.75 
13365.82 4482.75 
13415.86 4480.78 
13465.90 4477.42 
13515.94 4474.06 
13565.99 4470.70 
13616.03 4467.34 
13666.07 4463.99 
13716.11 4460.63 
13766.16 4457.27 
13816.20 4453.91 
13866.24 4450.55 
13916.28 4447.43 
13966.33 4447.43 
14016.37 4447.43 
14066.41 4447.43 
14116.45 4447.43 
14166.50 4447.43 
14216.54 4447.43 
14266.58 4447.43 
14316.62 4447.43 
14366.67 4447.43 
14416.71 4447.43 
14466.75 4450.48 
14516.79 4454.29 
14566.84 4458.10 
14616.88 4461.92 
14666.92 4465.73 
14716.96 4469.54 
14767.01 4473.35 
14817.05 4477.16 
14867.09 4480.98 
14917.13 4484.29 
14967.18 4487.17 
15017.22 4490.05 
15067.26 4492.93 
15117.30 4495.80 
15167.35 4498.68 
15217.39 4501.56 
15267.43 4504.44 
15317.47 4507.32 
15367.52 4509.67 
15417.56 4511.87 
15467.60 4514.07 
15517.64 4516.27 
15567.69 4518.47 
15617.73 4520.67 
15667.77 4522.86 
15717.81 4525.06 
15767.86 4527.26 
15817.90 4529.46 
15867.94 4531.66 
15917.98 4533.85 
15968.03 4536.05 
16018.07 4538.25 
16068.11 4545.83 
16118.15 4553.44 
16168.20 4561.05 
16218.24 4568.66 
16268.28 4576.28 
16318.33 4583.89 
16368.37 4591.50 
16418.41 4599.11 
16468.45 4606.72 
16518.50 4614.34 
16568.54 4621.95 
16618.58 4627.29 
16668.62 4631.77 
16718.67 4636.25 
16768.71 4640.73 
16818.75 4645.21 
16868.79 4649.68 
16918.84 4654.16 
16968.88 4657.97 
17018.92 4661.74 
17068.96 4665.52 
17119.01 4669.30 
17169.05 4672.68 
17219.09 4676.04 
17269.13 4679.39 
17319.18 4682.75 
17369.22 4686.11 
17419.26 4689.47 
17469.30 4692.83 
17519.35 4694.71 
17569.39 4694.71 
17619.43 4694.71 
17669.47 4694.71 
17719.52 4694.71 
17769.56 4694.71 
17819.60 4694.71 
17869.64 4696.68 
17919.69 4701.28 
17969.73 4705.89 
18019.77 4710.49 
18069.81 4715.10 
18119.86 4719.71 
18169.90 4724.31 
18219.94 4728.92 
18269.98 4733.52 
18320.03 4736.03 
18370.07 4737.47 
18420.11 4738.91 
18470.15 4740.35 
18520.20 4741.79 
18570.24 4743.23 
18620.28 4744.66 
18670.32 4746.10 
18720.37 4747.54 
18770.41 4748.98 
18820.45 4750.42 
18870.49 4751.86 
18920.54 4753.30 
18970.58 4754.76 
19020.62 4759.80 
19070.66 4764.84 
19120.71 4769.88 
19170.75 4774.91 
19220.79 4779.95 
19270.84 4784.99 
19320.88 4791.93 
19370.92 4799.99 
19420.96 4808.05 
19471.01 4816.11 
19521.05 4826.41 
19571.09 4837.92 
19621.13 4849.44 
19671.18 4860.95 
19721.22 4872.47 
19771.26 4883.69 
19821.30 4891.02 
19871.35 4898.35 
19921.39 4905.68 
19971.43 4913.00 
20021.47 4920.33 
20071.52 4927.66 
20121.56 4934.98 
20171.60 4942.31 
20221.64 4949.64 
20271.69 4956.97 
20321.73 4964.29 
20371.77 4972.03 
20421.81 4980.42 
20471.86 4988.82 
20521.90 4997.21 
20571.94 5005.61 
20621.98 5014.01 
20672.03 5022.40 
20722.07 5030.23 
20772.11 5038.07 
20822.15 5045.91 
20872.20 5053.74 
20922.24 5062.82 
20972.28 5076.26 
21022.32 5089.69 
21072.37 5103.12 
21122.41 5116.56 
21172.45 5129.99 
21222.49 5144.11 
21272.54 5158.62 
21322.58 5173.13 
21372.62 5187.64 
21422.66 5202.15 
21472.71 5216.65 
21522.75 5231.19 
21572.79 5257.79 
21622.83 5284.39 
21672.88 5310.98 
21722.92 5337.58 
21772.96 5364.18 
21823.00 5390.78 
21873.05 5419.16 
21923.09 5450.70 
21973.13 5482.24 
22023.17 5513.78 
22073.22 5545.31 
22123.26 5576.85 
22173.30 5609.33 
22223.35 5644.59 
22273.39 5679.85 
22323.43 5714.16 
22373.47 5734.31 
22423.52 5754.46 
22473.56 5774.61 
22523.60 5794.76 
22573.64 5814.91 
22623.69 5831.71 
22673.73 5844.95 
22723.77 5858.19 
22773.81 5871.43 
22823.86 5884.67 
22873.90 5897.91 
22923.94 5911.15 
22973.98 5924.40 
23024.03 5937.64 
23074.07 5949.85 
23124.11 5957.60 
23174.15 5965.35 
23224.20 5973.10 
23274.24 5980.85 
23324.28 5988.60 
23374.32 5996.35 
23424.37 6004.10 
23474.41 6011.85 
23524.45 6019.60 
23574.49 6027.35 
23624.54 6035.76 
23674.58 6044.31 
23724.62 6052.86 
23774.66 6061.41 
23824.71 6069.96 
23874.75 6078.50 
23924.79 6087.05 
23974.83 6095.60 
24024.88 6104.15 
24074.92 6112.67 
24124.96 6121.20 
24175.00 6129.72 
24225.05 6138.25 
24275.09 6146.77 
24325.13 6155.30 
24375.17 6164.06 
24425.22 6174.13 
24475.26 6184.21 
24525.30 6194.28 
24575.34 6204.36 
24625.39 6214.43 
24675.43 6224.51 
24725.47 6234.58 
24775.51 6244.66 
24825.56 6255.51 
24875.60 6272.04 
24925.64 6288.56 
24975.68 6305.08 
25025.73 6321.60 
25075.77 6338.13 
25125.81 6354.65 
25175.86 6371.17 
25225.90 6387.70 
25275.94 6404.22 
25325.98 6420.74 
25376.03 6437.26 
25426.07 6453.79 
25476.11 6470.31 
25526.15 6480.22 
25576.20 6488.86 
25626.24 6497.49 
25676.28 6506.13 
25726.32 6514.76 
25776.37 6523.20 
25826.41 6531.09 
25876.45 6538.97 
25926.49 6546.86 
25976.54 6554.74 
26026.58 6562.63 
26076.62 6569.62 
26126.66 6571.57 
26176.71 6573.52 
26226.75 6575.47 
26276.79 6577.42 
26326.83 6579.37 
26376.88 6581.32 
26426.92 6583.27 
26476.96 6585.22 
26527.00 6586.93 
26577.05 6588.60 
26627.09 6590.28 
26677.13 6591.96 
26727.17 6593.64 
26777.22 6595.32 
26827.26 6599.02 
26877.30 6604.44 
26927.34 6609.87 
26977.39 6615.29 
27027.43 6620.72 
27077.47 6626.14 
27127.51 6631.57 
27177.56 6638.34 
27227.60 6645.90 
27277.64 6653.45 
27327.68 6661.01 
27377.73 6668.57 
27427.77 6676.12 
27477.81 6682.54 
27527.85 6685.63 
27577.90 6688.73 
27627.94 6691.83 
27677.98 6694.93 
27728.02 6698.03 
27778.07 6701.13 
27828.11 6703.15 
27878.15 6703.15 
27928.19 6703.15 
27978.24 6703.15 
28028.28 6703.15 
28078.32 6703.15 
28128.36 6703.15 
28178.41 6703.15 
28228.45 6703.15 
28278.49 6703.15 
28328.54 6703.15 
28378.58 6703.15 
28428.62 6703.15 
28478.66 6703.15 
28528.71 6703.15 
28578.75 6703.15 
28628.79 6703.15 
28678.83 6703.15 
28728.88 6703.15 
28778.92 6703.15 
28828.96 6703.15 
28879.00 6703.15 
28929.05 6703.15 
28979.09 6703.15 
29029.13 6703.15 
29079.17 6703.15 
29129.22 6703.15 
29179.26 6703.15 
29229.30 6703.15 
29279.34 6703.15 
29329.39 6703.15 
29379.43 6703.15 
29429.47 6703.56 
29479.51 6704.44 
29529.56 6705.32 
29579.60 6706.19 
29629.64 6707.07 
29679.68 6707.94 
29729.73 6708.82 
29779.77 6709.70 
29829.81 6710.57 
29879.85 6711.45 
29929.90 6712.33 
29979.94 6713.20 
30029.98 6714.38 
30080.02 6716.47 
30130.07 6718.55 
30180.11 6720.63 
30230.15 6722.72 
30280.19 6724.80 
30330.24 6726.89 
30380.28 6728.97 
30430.32 6732.04 
30480.36 6735.91 
30530.41 6739.79 
30580.45 6743.66 
30630.49 6747.54 
30680.53 6751.41 
30730.58 6755.29 
30780.62 6759.16 
30830.66 6763.04 
30880.70 6766.91 
30930.75 6770.79 
30980.79 6774.66 
31030.83 6778.54 
31080.87 6782.41 
31130.92 6789.87 
31180.96 6798.63 
31231.00 6807.39 
31281.05 6816.15 
31331.09 6824.91 
31381.13 6833.68 
31431.17 6844.51 
31481.22 6856.60 
31531.26 6868.69 
31581.30 6880.78 
31631.34 6903.44 
31681.39 6932.08 
31731.43 6960.71 
31781.47 6989.34 
31831.51 7017.98 
31881.56 7037.24 
31931.60 7050.03 
31981.64 7062.81 
32031.68 7075.60 
32081.73 7088.39 
32131.77 7101.17 
32181.81 7113.96 
32231.85 7126.75 
32281.90 7139.54 
32331.94 7152.32 
32381.98 7160.92 
32432.02 7169.32 
32482.07 7177.71 
32532.11 7186.11 
32582.15 7194.50 
32632.19 7202.90 
32682.24 7212.20 
32732.28 7223.49 
32782.32 7234.77 
32832.36 7246.06 
32882.41 7257.34 
32932.45 7268.62 
32982.49 7279.91 
33032.53 7289.91 
33082.58 7297.97 
33132.62 7306.03 
33182.66 7314.09 
33232.70 7322.15 
33282.75 7330.21 
33332.79 7338.27 
33382.83 7345.53 
33432.87 7351.94 
33482.92 7358.35 
33532.96 7364.77 
33583.00 7371.18 
33633.04 7377.59 
33683.09 7382.87 
33733.13 7386.43 
33783.17 7389.98 
33833.21 7393.54 
33883.26 7397.09 
33933.30 7398.19 
33983.34 7398.19 
34033.38 7398.19 
34083.43 7398.19 
34133.47 7398.19 
34183.51 7398.19 
34233.56 7398.19 
34283.60 7398.19 
34333.64 7398.19 
34383.68 7398.23 
34433.73 7402.43 
34483.77 7406.62 
34533.81 7410.82 
34583.85 7415.02 
34633.90 7419.22 
34683.94 7423.41 
34733.98 7429.04 
34784.02 7437.10 
34834.07 7445.16 
34884.11 7453.22 
34934.15 7461.28 
34984.19 7469.34 
35034.24 7476.98 
35084.28 7484.54 
35134.32 7492.09 
35184.36 7499.65 
35234.41 7507.21 
35284.45 7514.76 
35334.49 7521.66 
35384.53 7525.90 
35434.58 7530.15 
35484.62 7534.39 
35534.66 7538.63 
35584.70 7542.87 
35634.75 7548.81 
35684.79 7554.86 
35734.83 7560.90 
35784.87 7566.95 
35834.92 7572.99 
35884.96 7579.04 
35935.00 7585.08 
35985.04 7591.13 
36035.09 7598.83 
36085.13 7607.47 
36135.17 7616.11 
36185.21 7624.74 
36235.26 7633.38 
36285.30 7642.01 
36335.34 7650.65 
36385.38 7659.28 
36435.43 7689.63 
36485.47 7722.50 
36535.51 7755.38 
36585.55 7788.25 
36635.60 7821.13 
36685.64 7847.40 
36735.68 7869.94 
36785.72 7892.48 
36835.77 7915.02 
36885.81 7937.57 
36935.85 7960.11 
36985.89 7982.65 
37035.94 8005.19 
37085.98 8028.10 
37136.02 8055.37 
37186.06 8082.63 
37236.11 8109.89 
37286.15 8138.42 
37336.19 8174.34 
37386.24 8210.25 
37436.28 8246.17 
37486.32 8282.09 
37536.36 8318.01 
37586.41 8365.30 
37636.45 8415.01 
37686.49 8464.71 
37736.53 8507.97 
37786.58 8539.51 
37836.62 8571.05 
37886.66 8602.58 
37936.70 8634.12 
37986.75 8665.91 
38036.79 8704.77 
38086.83 8743.63 
38136.87 8782.49 
38186.92 8812.71 
38236.96 8840.69 
38287.00 8868.68 
38337.04 8896.66 
38387.09 8924.94 
38437.13 8953.39 
38487.17 8981.83 
38537.21 9010.28 
38587.26 9043.09 
38637.30 9077.79 
38687.34 9112.50 
38737.38 9147.20 
38787.43 9185.48 
38837.47 9226.90 
38887.51 9268.32 
38937.55 9309.74 
38987.60 9344.49 
39037.64 9367.82 
39087.68 9391.15 
39137.72 9414.48 
39187.77 9437.81 
39237.81 9461.14 
39287.85 9484.48 
39337.89 9507.81 
39387.94 9531.14 
39437.98 9568.55 
39488.02 9616.28 
39538.06 9664.00 
39588.11 9711.72 
39638.15 9756.27 
39688.19 9786.49 
39738.23 9816.72 
39788.28 9846.94 
39838.32 9877.17 
39888.36 9907.61 
39938.40 9938.24 
39988.45 9968.87 
40038.49 9999.50 
40088.53 10030.13 
40138.57 10060.75 
40188.62 10092.44 
40238.66 10124.44 
40288.70 10156.45 
40338.75 10188.45 
40388.79 10207.54 
40438.83 10224.14 
40488.87 10240.73 
40538.92 10257.32 
40588.96 10271.06 
40639.00 10284.49 
40689.04 10297.92 
40739.09 10311.36 
40789.13 10324.79 
40839.17 10338.22 
40889.21 10349.03 
40939.26 10358.48 
40989.30 10367.92 
41039.34 10377.37 
41089.38 10386.81 
41139.43 10396.26 
41189.47 10405.70 
41239.51 10416.16 
41289.55 10429.60 
41339.60 10443.03 
41389.64 10456.46 
41439.68 10469.90 
41489.72 10483.33 
41539.77 10496.49 
41589.81 10509.52 
41639.85 10522.56 
41689.89 10535.60 
41739.94 10548.64 
41789.98 10561.68 
41840.02 10574.71 
41890.06 10587.75 
41940.11 10600.56 
41990.15 10613.32 
42040.19 10626.08 
42090.23 10638.84 
42140.28 10651.61 
42190.32 10664.37 
42240.36 10677.13 
42290.40 10688.39 
42340.45 10699.47 
42390.49 10710.55 
42440.53 10721.63 
42490.57 10731.79 
42540.62 10739.43 
42590.66 10747.08 
42640.70 10754.72 
42690.74 10762.36 
42740.79 10770.01 
42790.83 10777.65 
42840.87 10785.58 
42890.91 10793.73 
42940.96 10801.89 
42991.00 10810.05 
43041.04 10818.20 
43091.08 10826.36 
43141.13 10834.51 
43191.17 10842.67 
43241.21 10850.83 
43291.26 10858.98 
43341.30 10867.06 
43391.34 10875.12 
43441.38 10883.18 
43491.43 10891.24 
43541.47 10899.30 
43591.51 10907.36 
43641.55 10915.42 
43691.60 10943.55 
43741.64 10973.86 
43791.68 11004.17 
43841.72 11034.48 
43891.77 11064.79 
43941.81 11093.93 
43991.85 11121.63 
44041.89 11149.28 
44091.94 11169.43 
44141.98 11189.58 
44192.02 11209.73 
44242.06 11227.45 
44292.11 11240.55 
44342.15 11253.64 
44392.19 11266.74 
44442.23 11279.84 
44492.28 11292.94 
44542.32 11305.32 
44592.36 11315.39 
44642.40 11325.47 
44692.45 11335.54 
44742.49 11345.62 
44792.53 11355.69 
44842.57 11365.77 
44892.62 11374.89 
44942.66 11383.14 
44992.70 11391.38 
45042.74 11399.62 
45092.79 11407.87 
45142.83 11416.11 
45192.87 11424.35 
45242.91 11430.84 
45292.96 11436.88 
45343.00 11442.93 
45393.04 11448.97 
45443.08 11455.02 
45493.13 11461.06 
45543.17 11467.11 
45593.21 11473.15 
45643.25 11479.20 
45693.30 11482.08 
45743.34 11483.17 
45793.38 11484.26 
45843.42 11485.35 
45893.47 11486.44 
45943.51 11487.53 
45993.55 11488.62 
46043.59 11489.71 
46093.64 11490.80 
46143.68 11491.89 
46193.72 11492.98 
46243.77 11494.64 
46293.81 11497.42 
46343.85 11500.19 
46393.89 11502.97 
46443.94 11505.75 
46493.98 11508.53 
46544.02 11511.31 
46594.06 11514.09 
46644.11 11516.87 
46694.15 11521.84 
46744.19 11529.17 
46794.23 11536.50 
46844.28 11543.79 
46894.32 11550.84 
46944.36 11557.90 
46994.40 11564.95 
47044.45 11572.00 
47094.49 11579.05 
47144.53 11586.27 
47194.57 11604.18 
47244.62 11622.10 
47294.66 11640.29 
47344.70 11659.25 
47394.74 11678.22 
47444.79 11697.18 
47494.83 11716.15 
47544.87 11735.08 
47594.91 11753.68 
47644.96 11772.28 
47695.00 11790.88 
47745.04 11810.00 
47795.08 11833.51 
47845.13 11857.02 
47895.17 11880.52 
47945.21 11899.94 
47995.25 11914.16 
48045.30 11928.39 
48095.34 11942.61 
48145.38 11956.83 
48195.42 11970.58 
48245.47 11982.89 
48295.51 11995.21 
48345.55 12007.52 
48395.59 12019.84 
48445.64 12032.15 
48495.68 12045.90 
48545.72 12060.12 
48595.76 12074.35 
48645.81 12088.57 
48695.85 12102.79 
48745.89 12114.69 
48795.93 12124.77 
48845.98 12134.84 
48896.02 12144.91 
48946.06 12154.99 
48996.10 12165.06 
49046.15 12175.14 
49096.19 12184.80 
49146.23 12193.10 
49196.27 12201.40 
49246.32 12209.69 
49296.36 12217.99 
49346.40 12226.31 
49396.45 12235.09 
49446.49 12243.87 
49496.53 12252.66 
49546.57 12261.44 
49596.62 12270.22 
49646.66 12279.01 
49696.70 12287.79 
49746.74 12296.57 
49796.79 12305.36 
49846.83 12314.14 
49896.87 12322.92 
49946.91 12331.59 
49996.96 12339.47 
50047.00 12347.36 
50097.04 12355.24 
50147.08 12363.13 
50197.13 12371.01 
50247.17 12378.90 
50297.21 12386.29 
50347.25 12389.51 
50397.30 12392.74 
50447.34 12395.96 
50497.38 12399.18 
50547.42 12402.41 
50597.47 12405.63 
50647.51 12408.86 
50697.55 12412.29 
50747.59 12415.95 
50797.64 12419.61 
50847.68 12423.28 
50897.72 12426.94 
50947.76 12430.61 
50997.81 12434.27 
51047.85 12438.21 
51097.89 12442.24 
51147.93 12446.27 
51197.98 12450.30 
51248.02 12454.33 
51298.06 12458.36 
51348.10 12463.18 
51398.15 12468.44 
51448.19 12473.69 
51498.23 12478.95 
51548.27 12484.21 
51598.32 12489.46 
51648.36 12494.72 
51698.40 12501.83 
51748.44 12510.07 
51798.49 12518.32 
51848.53 12526.56 
51898.57 12534.80 
51948.61 12543.05 
51998.66 12551.29 
52048.70 12559.58 
52098.74 12567.88 
52148.78 12576.17 
52198.83 12584.47 
52248.87 12592.77 
52298.91 12600.62 
52348.96 12608.30 
52399.00 12615.98 
52449.04 12623.65 
52499.08 12631.33 
52549.13 12639.00 
52599.17 12645.97 
52649.21 12651.28 
52699.25 12656.58 
52749.30 12661.88 
52799.34 12667.18 
52849.38 12672.49 
52899.42 12677.30 
52949.47 12681.62 
52999.51 12685.94 
53049.55 12690.25 
53099.59 12694.57 
53149.64 12698.89 
53199.68 12703.21 
53249.72 12707.52 
53299.76 12711.84 
53349.81 12713.08 
53399.85 12714.14 
53449.89 12715.20 
53499.93 12716.26 
53549.98 12717.32 
53600.02 12718.23 
53650.06 12718.23 
53700.10 12718.23 
53750.15 12718.23 
53800.19 12718.23 
53850.23 12718.23 
53900.27 12718.23 
53950.32 12718.23 
54000.36 12718.23 
54050.40 12718.23 
54100.44 12718.23 
54150.49 12718.23 
54200.53 12718.23 
54250.57 12718.23 
54300.61 12718.23 
54350.66 12718.23 
54400.70 12718.23 
54450.74 12718.23 
54500.78 12718.23 
54550.83 12718.23 
54600.87 12718.23 
54650.91 12718.23 
54700.95 12718.23 
54751.00 12718.23 
54801.04 12718.23 
54851.08 12718.23 
54901.12 12718.23 
54951.17 12718.23 
55001.21 12718.23 
55051.25 12718.23 
55101.29 12718.23 
55151.34 12718.23 
55201.38 12718.23 
55251.42 12718.23 
55301.47 12718.23 
