 41.03 5477.04 
 91.06 5483.65 
141.09 5489.75 
191.12 5494.50 
241.15 5499.26 
291.18 5501.75 
341.21 5501.75 
391.24 5501.75 
441.27 5498.78 
491.30 5495.47 
541.33 5490.77 
591.36 5480.86 
641.38 5470.95 
691.41 5461.23 
741.44 5451.68 
791.47 5442.14 
841.50 5435.80 
891.53 5432.71 
941.56 5429.61 
991.59 5426.51 
1041.62 5426.81 
1091.65 5427.43 
1141.68 5428.05 
1191.70 5431.16 
1241.73 5439.36 
1291.76 5447.57 
1341.79 5455.98 
1391.82 5466.79 
1441.85 5477.60 
1491.88 5489.52 
1541.91 5502.14 
1591.94 5514.29 
1641.97 5523.84 
1692.00 5533.38 
1742.03 5542.35 
1792.05 5547.30 
1842.08 5552.26 
1892.11 5552.83 
1942.14 5552.83 
1992.17 5552.83 
2042.20 5547.85 
2092.23 5535.78 
2142.26 5523.72 
2192.29 5508.09 
2242.32 5491.76 
2292.35 5492.59 
2342.37 5494.68 
2392.40 5494.25 
2442.43 5493.21 
2492.46 5488.41 
2542.49 5481.80 
2592.52 5480.99 
2642.55 5483.19 
2692.58 5491.62 
2742.61 5503.51 
2792.64 5515.40 
2842.67 5528.41 
2892.70 5538.23 
2942.72 5544.60 
2992.75 5550.97 
3042.78 5558.34 
3092.81 5567.49 
3142.84 5576.64 
3192.87 5581.70 
3242.90 5581.70 
3292.93 5581.27 
3342.96 5576.77 
3392.99 5572.26 
3443.02 5572.85 
3493.04 5576.42 
3543.07 5580.00 
3593.10 5577.52 
3643.13 5574.80 
3693.16 5572.08 
3743.19 5569.36 
3793.22 5566.65 
3843.25 5563.96 
3893.28 5561.27 
3943.31 5558.58 
3993.34 5555.89 
4043.37 5553.21 
4093.39 5551.66 
4143.42 5550.69 
4193.45 5549.73 
4243.48 5548.76 
4293.51 5548.59 
4343.54 5548.59 
4393.57 5548.59 
4443.60 5548.59 
4493.63 5548.59 
4543.66 5545.60 
4593.69 5540.49 
4643.71 5535.37 
4693.74 5530.96 
4743.77 5526.88 
4793.80 5522.80 
4843.83 5525.17 
4893.86 5533.98 
4943.89 5542.79 
4993.92 5544.51 
5043.95 5546.04 
5093.98 5546.55 
5144.01 5546.21 
5194.04 5545.87 
5244.06 5545.53 
5294.09 5545.19 
5344.12 5545.81 
5394.15 5554.20 
5444.18 5562.59 
5494.21 5570.97 
5544.24 5579.36 
5594.27 5585.70 
5644.30 5585.70 
5694.33 5585.70 
5744.36 5586.29 
5794.38 5587.63 
5844.41 5588.98 
5894.44 5590.32 
5944.47 5591.67 
5994.50 5593.01 
6044.53 5596.11 
6094.56 5599.37 
6144.59 5602.63 
6194.62 5605.89 
6244.65 5609.15 
6294.68 5612.42 
6344.71 5615.68 
6394.73 5620.53 
6444.76 5626.85 
6494.79 5633.17 
6544.82 5639.49 
6594.85 5645.81 
6644.88 5652.13 
6694.91 5658.37 
6744.94 5663.41 
6794.97 5668.44 
6845.00 5673.48 
6895.03 5678.51 
6945.05 5683.55 
6995.08 5688.86 
7045.11 5695.58 
7095.14 5702.31 
7145.17 5709.03 
7195.20 5715.76 
7245.23 5722.49 
7295.26 5728.39 
7345.29 5734.22 
7395.32 5740.05 
7445.35 5745.88 
7495.38 5750.85 
7545.40 5750.85 
7595.43 5750.85 
7645.46 5756.19 
7695.49 5762.79 
7745.52 5769.40 
7795.55 5776.01 
7845.58 5782.07 
7895.61 5786.92 
7945.64 5791.78 
7995.67 5796.63 
8045.70 5801.49 
8095.72 5805.78 
8145.75 5809.86 
8195.78 5813.94 
8245.81 5817.19 
8295.84 5819.75 
8345.87 5822.31 
8395.90 5818.80 
8445.93 5811.93 
8495.96 5805.07 
8545.99 5798.21 
8596.02 5791.35 
8646.05 5788.57 
8696.07 5786.96 
8746.10 5785.35 
8796.13 5785.28 
8846.16 5788.59 
8896.19 5791.89 
8946.22 5795.20 
8996.25 5798.64 
9046.28 5802.08 
9096.31 5805.53 
9146.34 5808.98 
9196.37 5812.96 
9246.39 5817.23 
9296.42 5821.51 
9346.45 5825.78 
9396.48 5830.06 
9446.51 5835.38 
9496.54 5840.87 
9546.57 5846.36 
9596.60 5851.85 
9646.63 5857.34 
9696.66 5862.83 
9746.69 5868.85 
9796.72 5875.02 
9846.74 5881.19 
9896.77 5887.35 
9946.80 5896.69 
9996.83 5908.44 
10046.86 5919.97 
10096.89 5926.34 
10146.92 5932.71 
10196.95 5937.16 
10246.98 5938.96 
10297.01 5940.77 
10347.04 5942.18 
10397.06 5942.80 
10447.09 5943.42 
10497.12 5946.72 
10547.15 5955.34 
10597.18 5963.87 
10647.21 5972.01 
10697.24 5980.14 
10747.27 5988.27 
10797.30 5988.40 
10847.33 5981.50 
10897.36 5978.93 
10947.39 5983.40 
10997.41 5987.88 
11047.44 5991.12 
11097.47 5993.01 
11147.50 5994.89 
11197.53 5996.78 
11247.56 6000.47 
11297.59 6005.64 
11347.62 6010.81 
11397.65 6015.98 
11447.68 6019.05 
11497.71 6015.51 
11547.73 6011.97 
11597.76 6011.82 
11647.79 6013.74 
11697.82 6015.65 
11747.85 6017.62 
11797.88 6019.60 
11847.91 6021.58 
11897.94 6023.57 
11947.97 6025.52 
11998.00 6026.81 
12048.03 6028.11 
12098.06 6029.40 
12148.08 6030.69 
12198.11 6026.89 
12248.14 6021.22 
12298.17 6011.67 
12348.20 6000.93 
12398.23 6002.67 
12448.26 6015.88 
12498.29 6024.02 
12548.32 6031.15 
12598.35 6024.92 
12648.38 6008.64 
12698.40 6007.93 
12748.43 6007.22 
12798.46 6009.50 
12848.49 6014.07 
12898.52 6018.70 
12948.55 6023.65 
12998.58 6028.61 
13048.61 6033.32 
13098.64 6036.50 
13148.67 6039.67 
13198.70 6042.95 
13248.73 6046.25 
13298.75 6047.74 
13348.78 6047.74 
13398.81 6047.74 
13448.84 6047.74 
13498.87 6047.74 
13548.90 6047.74 
13598.93 6047.74 
13648.96 6047.74 
13698.99 6047.74 
13749.02 6047.74 
13799.05 6047.74 
13849.07 6048.67 
13899.10 6055.88 
13949.13 6063.09 
13999.16 6070.37 
14049.19 6079.26 
14099.22 6088.14 
14149.25 6095.65 
14199.28 6100.31 
14249.31 6099.61 
14299.34 6096.96 
14349.37 6094.32 
14399.40 6092.55 
14449.42 6090.85 
14499.45 6089.15 
14549.48 6094.37 
14599.51 6103.29 
14649.54 6113.84 
14699.57 6115.25 
14749.60 6116.02 
14799.63 6116.78 
14849.66 6117.54 
14899.69 6117.93 
14949.72 6113.36 
14999.74 6108.78 
15049.77 6103.11 
15099.80 6096.80 
15149.83 6092.49 
15199.86 6089.66 
15249.89 6086.83 
15299.92 6084.35 
15349.95 6084.68 
15399.98 6094.20 
15450.01 6103.71 
15500.04 6102.15 
15550.07 6099.00 
15600.09 6096.95 
15650.12 6094.90 
15700.15 6091.56 
15750.18 6087.46 
15800.21 6083.36 
15850.24 6082.99 
15900.27 6082.99 
15950.30 6082.99 
16000.33 6087.47 
16050.36 6093.63 
16100.39 6099.69 
16150.41 6099.69 
16200.44 6095.05 
16250.47 6090.41 
16300.50 6089.82 
16350.53 6089.24 
16400.56 6088.66 
16450.59 6088.56 
16500.62 6088.56 
16550.65 6088.56 
16600.68 6089.40 
16650.71 6092.40 
16700.74 6095.41 
16750.76 6098.85 
16800.79 6104.19 
16850.82 6109.53 
16900.85 6114.04 
16950.88 6118.29 
17000.91 6121.96 
17050.94 6121.96 
17100.97 6121.96 
17151.00 6121.96 
17201.03 6123.48 
17251.06 6130.91 
17301.08 6134.17 
17351.11 6135.70 
17401.14 6136.81 
17451.17 6136.81 
17501.20 6136.81 
17551.23 6136.81 
17601.26 6136.81 
17651.29 6136.81 
17701.32 6136.81 
17751.35 6136.70 
17801.38 6135.04 
17851.41 6133.39 
17901.43 6130.10 
17951.46 6126.45 
18001.49 6122.80 
18051.52 6119.06 
18101.55 6115.10 
18151.58 6107.88 
18201.61 6095.57 
18251.64 6083.27 
18301.67 6076.46 
18351.70 6072.29 
18401.73 6068.11 
18451.75 6063.75 
18501.78 6058.00 
18551.81 6052.24 
18601.84 6047.97 
18651.87 6049.01 
18701.90 6051.49 
18751.93 6055.80 
18801.96 6060.87 
18851.99 6067.87 
18902.02 6062.26 
18952.05 6053.31 
19002.08 6053.31 
19052.10 6053.31 
19102.13 6056.26 
19152.16 6060.66 
19202.19 6065.07 
19252.22 6069.19 
19302.25 6072.66 
19352.28 6076.13 
19402.31 6079.60 
19452.34 6080.33 
19502.37 6078.88 
19552.40 6077.44 
19602.42 6076.31 
19652.45 6076.98 
19702.48 6077.64 
19752.51 6078.30 
19802.54 6078.96 
19852.57 6086.36 
19902.60 6096.27 
19952.63 6105.94 
20002.66 6112.55 
20052.69 6119.16 
20102.72 6125.76 
20152.75 6131.79 
20202.77 6131.79 
20252.80 6131.79 
20302.83 6131.79 
20352.86 6131.79 
20402.89 6136.81 
20452.92 6142.06 
20502.95 6147.30 
20552.98 6152.55 
20603.01 6157.80 
20653.04 6155.69 
20703.07 6153.10 
20753.09 6150.52 
20803.12 6152.95 
20853.15 6159.56 
20903.18 6166.16 
20953.21 6172.73 
21003.24 6169.56 
21053.27 6166.39 
21103.30 6163.21 
21153.33 6164.00 
21203.36 6173.39 
21253.39 6182.78 
21303.42 6186.67 
21353.44 6185.30 
21403.47 6183.93 
21453.50 6182.57 
21503.53 6182.44 
21553.56 6186.41 
21603.59 6190.37 
21653.62 6195.23 
21703.65 6202.36 
21753.68 6209.50 
21803.71 6216.64 
21853.74 6223.12 
21903.76 6229.15 
21953.79 6235.19 
22003.82 6240.02 
22053.85 6240.02 
22103.88 6240.02 
22153.91 6240.02 
22203.94 6240.02 
22253.97 6239.78 
22304.00 6232.57 
22354.03 6225.36 
22404.06 6218.15 
22454.09 6210.94 
22504.11 6203.83 
22554.14 6197.22 
22604.17 6190.61 
22654.20 6184.01 
22704.23 6177.40 
22754.26 6170.79 
22804.29 6164.18 
22854.32 6157.73 
22904.35 6151.42 
22954.38 6145.12 
23004.41 6142.18 
23054.43 6147.96 
23104.46 6153.74 
23154.49 6159.52 
23204.52 6161.04 
23254.55 6161.04 
23304.58 6159.42 
23354.61 6155.11 
23404.64 6150.80 
23454.67 6146.49 
23504.70 6149.20 
23554.73 6152.03 
23604.76 6154.86 
23654.78 6155.19 
23704.81 6155.19 
23754.84 6155.19 
23804.87 6155.19 
23854.90 6155.25 
23904.93 6159.56 
23954.96 6163.87 
24004.99 6168.18 
24055.02 6168.91 
24105.05 6167.44 
24155.08 6165.97 
24205.10 6164.50 
24255.13 6161.98 
24305.16 6158.85 
24355.19 6155.72 
24405.22 6162.14 
24455.25 6170.49 
24505.28 6178.67 
24555.31 6181.31 
24605.34 6183.96 
24655.37 6186.60 
24705.40 6189.24 
24755.43 6190.62 
24805.45 6191.15 
24855.48 6191.69 
24905.51 6192.22 
24955.54 6192.76 
25005.57 6193.65 
25055.60 6196.70 
25105.63 6199.75 
25155.66 6202.80 
25205.69 6205.85 
25255.72 6208.90 
25305.75 6212.62 
25355.77 6217.37 
25405.80 6222.13 
25455.83 6226.89 
25505.86 6231.62 
25555.89 6236.34 
25605.92 6241.06 
25655.95 6242.65 
25705.98 6242.15 
25756.01 6241.66 
25806.04 6241.16 
25856.07 6240.67 
25906.10 6240.17 
25956.12 6242.07 
26006.15 6245.01 
26056.18 6247.95 
26106.21 6250.88 
26156.24 6251.72 
26206.27 6251.72 
26256.30 6251.72 
26306.33 6251.72 
26356.36 6251.72 
26406.39 6251.72 
26456.42 6251.72 
26506.44 6250.86 
26556.47 6249.49 
26606.50 6248.13 
26656.53 6246.76 
26706.56 6245.62 
26756.59 6244.91 
26806.62 6244.21 
26856.65 6243.50 
26906.68 6243.40 
26956.71 6245.45 
27006.74 6247.50 
27056.77 6249.55 
27106.79 6251.60 
27156.82 6254.21 
27206.85 6256.85 
27256.88 6259.50 
27306.91 6262.14 
27356.94 6262.45 
27406.97 6260.56 
27457.00 6258.68 
27507.03 6257.11 
27557.06 6256.01 
27607.09 6254.91 
27657.11 6253.81 
27707.14 6252.71 
27757.17 6251.90 
27807.20 6253.65 
27857.23 6255.40 
27907.26 6257.15 
27957.29 6258.90 
28007.32 6260.64 
28057.35 6262.29 
28107.38 6263.95 
28157.41 6265.60 
28207.44 6264.94 
28257.46 6262.35 
28307.49 6259.77 
28357.52 6257.18 
28407.55 6254.60 
28457.58 6252.01 
28507.61 6249.42 
28557.64 6251.11 
28607.67 6254.16 
28657.70 6257.21 
28707.73 6260.26 
28757.76 6263.31 
28807.78 6266.35 
28857.81 6265.87 
28907.84 6265.40 
28957.87 6264.93 
29007.90 6264.46 
29057.93 6263.99 
29107.96 6263.51 
29157.99 6266.08 
29208.02 6269.39 
29258.05 6272.79 
29308.08 6276.76 
29358.11 6280.72 
29408.13 6284.69 
29458.16 6288.65 
29508.19 6289.38 
29558.22 6288.87 
29608.25 6288.37 
29658.28 6287.86 
29708.31 6287.35 
29758.34 6286.84 
29808.37 6288.46 
29858.40 6290.14 
29908.43 6291.83 
29958.45 6293.52 
30008.48 6295.21 
30058.51 6296.89 
30108.54 6298.58 
30158.57 6300.16 
30208.60 6301.75 
30258.63 6303.33 
30308.66 6306.30 
30358.69 6311.91 
30408.72 6317.53 
30458.75 6323.14 
30508.78 6328.75 
30558.80 6334.36 
30608.83 6339.97 
30658.86 6345.58 
30708.89 6349.81 
30758.92 6352.78 
30808.95 6355.76 
30858.98 6359.68 
30909.01 6364.32 
30959.04 6368.96 
31009.07 6373.60 
31059.10 6378.24 
31109.12 6382.88 
31159.15 6387.52 
31209.18 6393.15 
31259.21 6399.35 
31309.24 6405.54 
31359.27 6411.74 
31409.30 6417.93 
31459.33 6425.37 
31509.36 6432.92 
31559.39 6440.47 
31609.42 6445.40 
31659.45 6449.73 
31709.47 6454.07 
31759.50 6458.41 
31809.53 6462.74 
31859.56 6467.05 
31909.59 6471.36 
31959.62 6475.67 
32009.65 6479.98 
32059.68 6484.29 
32109.71 6488.60 
32159.74 6493.21 
32209.77 6498.49 
32259.79 6503.78 
32309.82 6509.07 
32359.85 6514.35 
32409.88 6514.99 
32459.91 6514.99 
32509.94 6514.99 
32559.97 6514.99 
32610.00 6515.10 
32660.03 6515.78 
32710.06 6516.46 
32760.09 6517.15 
32810.12 6517.83 
32860.14 6513.89 
32910.17 6509.32 
32960.20 6504.74 
33010.23 6500.39 
33060.26 6501.05 
33110.29 6501.71 
33160.32 6502.37 
33210.35 6503.03 
33260.38 6503.56 
33310.41 6504.02 
33360.44 6504.47 
33410.46 6504.92 
33460.49 6505.37 
33510.52 6505.82 
33560.55 6506.08 
33610.58 6505.01 
33660.61 6503.94 
33710.64 6502.87 
33760.67 6501.79 
33810.70 6500.72 
33860.73 6499.46 
33910.76 6498.09 
33960.79 6496.72 
34010.81 6495.35 
34060.84 6494.84 
34110.87 6495.71 
34160.90 6496.57 
34210.93 6497.43 
34260.96 6501.65 
34310.99 6505.89 
34361.02 6510.14 
34411.05 6514.39 
