 34.87 5323.67 
 84.93 5325.78 
134.99 5327.89 
185.04 5330.00 
235.10 5332.11 
285.16 5334.22 
335.21 5336.33 
385.27 5338.91 
435.33 5341.52 
485.38 5344.14 
535.44 5346.75 
585.50 5349.36 
635.55 5351.97 
685.61 5354.58 
735.67 5357.19 
785.72 5359.81 
835.78 5362.42 
885.84 5365.03 
935.89 5367.27 
985.95 5368.89 
1036.01 5370.51 
1086.06 5372.13 
1136.12 5373.75 
1186.18 5375.37 
1236.23 5376.99 
1286.29 5378.61 
1336.35 5380.23 
1386.40 5381.86 
1436.46 5383.48 
1486.52 5385.10 
1536.57 5386.72 
1586.63 5388.34 
1636.69 5389.96 
1686.74 5392.05 
1736.80 5394.66 
1786.86 5397.27 
1836.91 5399.89 
1886.97 5402.50 
1937.03 5405.11 
1987.08 5407.72 
2037.14 5410.33 
2087.20 5412.95 
2137.25 5415.56 
2187.31 5418.17 
2237.37 5420.78 
2287.43 5423.91 
2337.48 5427.08 
2387.54 5430.26 
2437.60 5433.44 
2487.65 5436.61 
2537.71 5439.79 
2587.77 5442.96 
2637.82 5446.14 
2687.88 5449.32 
2737.94 5452.87 
2787.99 5456.98 
2838.05 5461.10 
2888.11 5465.21 
2938.16 5469.32 
2988.22 5473.44 
3038.28 5477.55 
3088.33 5481.66 
3138.39 5485.78 
3188.45 5489.89 
3238.50 5493.82 
3288.56 5496.44 
3338.62 5499.05 
3388.67 5501.66 
3438.73 5504.27 
3488.79 5506.88 
3538.84 5509.49 
3588.90 5512.78 
3638.96 5519.07 
3689.01 5525.37 
3739.07 5531.67 
3789.13 5537.96 
3839.18 5544.26 
3889.24 5550.56 
3939.30 5556.85 
3989.35 5562.09 
4039.41 5567.31 
4089.47 5572.54 
4139.52 5577.76 
4189.58 5582.98 
4239.64 5588.21 
4289.70 5593.26 
4339.75 5594.88 
4389.81 5596.50 
4439.87 5598.12 
4489.92 5599.74 
4539.98 5601.36 
4590.04 5602.98 
4640.09 5604.61 
4690.15 5605.94 
4740.21 5607.08 
4790.26 5608.21 
4840.32 5609.35 
4890.38 5610.49 
4940.43 5611.63 
4990.49 5612.76 
5040.55 5613.90 
5090.60 5615.25 
5140.66 5616.72 
5190.72 5618.18 
5240.77 5619.65 
5290.83 5621.08 
5340.89 5622.46 
5390.94 5623.84 
5441.00 5625.23 
5491.06 5626.61 
5541.11 5627.99 
5591.17 5629.37 
5641.23 5630.76 
5691.28 5632.14 
5741.34 5635.68 
5791.40 5639.83 
5841.45 5643.97 
5891.51 5648.12 
5941.57 5652.27 
5991.62 5656.42 
6041.68 5660.57 
6091.74 5664.71 
6141.79 5668.79 
6191.85 5671.14 
6241.91 5673.49 
6291.97 5675.84 
6342.02 5678.19 
6392.08 5680.54 
6442.14 5682.34 
6492.19 5684.08 
6542.25 5685.82 
6592.31 5687.56 
6642.36 5689.31 
6692.42 5691.05 
6742.48 5692.79 
6792.53 5693.61 
6842.59 5694.39 
6892.65 5695.17 
6942.70 5695.96 
6992.76 5696.74 
7042.82 5697.52 
7092.87 5698.31 
7142.93 5699.09 
7192.99 5699.88 
7243.04 5700.66 
7293.10 5701.44 
7343.16 5701.91 
7393.21 5701.91 
7443.27 5701.91 
7493.33 5701.91 
7543.38 5701.91 
7593.44 5701.91 
7643.50 5701.91 
7693.55 5701.91 
7743.61 5701.91 
7793.67 5701.91 
7843.72 5701.91 
7893.78 5701.91 
7943.84 5701.91 
7993.89 5701.70 
8043.95 5701.43 
8094.01 5701.16 
8144.06 5700.90 
8194.12 5700.63 
8244.18 5700.36 
8294.23 5700.10 
8344.29 5699.83 
8394.35 5699.56 
8444.41 5699.29 
8494.46 5699.03 
8544.52 5698.53 
8594.58 5697.79 
8644.63 5697.06 
8694.69 5696.32 
8744.75 5695.59 
8794.80 5694.85 
8844.86 5694.12 
8894.92 5693.39 
8944.97 5692.59 
8995.03 5691.64 
9045.09 5690.68 
9095.14 5689.73 
9145.20 5688.78 
9195.26 5687.83 
9245.31 5686.87 
9295.37 5685.92 
9345.43 5684.97 
9395.48 5684.01 
9445.54 5682.55 
9495.60 5680.93 
9545.65 5679.31 
9595.71 5677.69 
9645.77 5676.06 
9695.82 5674.44 
9745.88 5672.82 
9795.94 5670.85 
9845.99 5668.11 
9896.05 5665.36 
9946.11 5662.62 
9996.16 5659.88 
10046.22 5657.14 
10096.28 5654.40 
10146.33 5651.65 
10196.39 5649.89 
10246.45 5648.77 
10296.50 5647.64 
10346.56 5646.52 
10396.62 5648.42 
10446.68 5650.84 
10496.73 5653.26 
10546.79 5655.68 
10596.85 5658.10 
10646.90 5661.94 
10696.96 5666.87 
10747.02 5671.80 
10797.07 5676.73 
10847.13 5681.66 
10897.19 5685.69 
10947.24 5689.43 
10997.30 5693.17 
11047.36 5697.34 
11097.41 5702.38 
11147.47 5707.42 
11197.53 5712.45 
11247.58 5717.49 
11297.64 5720.58 
11347.70 5723.63 
11397.75 5726.67 
11447.81 5729.72 
11497.87 5733.45 
11547.92 5737.37 
11597.98 5741.28 
11648.04 5745.20 
11698.09 5749.12 
11748.15 5754.02 
11798.21 5759.45 
11848.26 5764.87 
11898.32 5770.30 
11948.38 5774.04 
11998.43 5776.73 
12048.49 5779.41 
12098.55 5782.09 
12148.60 5784.78 
12198.66 5787.12 
12248.72 5788.17 
12298.77 5789.21 
12348.83 5790.26 
12398.89 5790.75 
12448.94 5790.44 
12499.00 5790.14 
12549.06 5789.83 
12599.12 5789.53 
12649.17 5789.22 
12699.23 5788.92 
12749.29 5790.17 
12799.34 5791.58 
12849.40 5792.99 
12899.46 5794.40 
12949.51 5796.19 
12999.57 5798.15 
13049.63 5800.11 
13099.68 5802.07 
13149.74 5803.93 
13199.80 5805.15 
13249.85 5806.36 
13299.91 5807.58 
13349.97 5808.79 
13400.02 5809.85 
13450.08 5810.39 
13500.14 5810.93 
13550.19 5811.48 
13600.25 5812.02 
13650.31 5812.56 
13700.36 5815.26 
13750.42 5818.67 
13800.48 5821.84 
13850.53 5823.43 
13900.59 5825.01 
13950.65 5826.60 
14000.70 5827.88 
14050.76 5829.15 
14100.82 5830.43 
14150.87 5831.63 
14200.93 5832.27 
14250.99 5832.91 
14301.04 5833.56 
14351.10 5834.20 
14401.16 5834.85 
14451.21 5835.49 
14501.27 5834.77 
14551.33 5834.00 
14601.39 5833.24 
14651.44 5831.98 
14701.50 5825.51 
14751.56 5820.62 
14801.61 5818.10 
14851.67 5815.71 
14901.73 5816.67 
14951.78 5817.62 
15001.84 5818.58 
15051.90 5819.54 
15101.95 5821.88 
15152.01 5824.38 
15202.07 5826.87 
15252.12 5829.36 
15302.18 5831.85 
15352.24 5834.39 
15402.29 5837.02 
15452.35 5839.66 
15502.41 5842.29 
15552.46 5844.92 
15602.52 5847.55 
15652.58 5849.09 
15702.63 5850.10 
15752.69 5851.12 
15802.75 5852.13 
15852.80 5853.14 
15902.86 5854.15 
15952.92 5855.15 
16002.97 5856.15 
16053.03 5857.15 
16103.09 5860.30 
16153.14 5863.94 
16203.20 5866.74 
16253.26 5868.04 
16303.31 5869.35 
16353.37 5870.66 
16403.43 5871.82 
16453.48 5872.87 
16503.54 5873.92 
16553.60 5874.98 
16603.66 5876.03 
16653.71 5877.08 
16703.77 5878.70 
16753.83 5880.38 
16803.88 5882.06 
16853.94 5883.74 
16904.00 5885.42 
16954.05 5887.09 
17004.11 5887.09 
17054.17 5887.09 
17104.22 5887.09 
17154.28 5886.71 
17204.34 5883.54 
17254.39 5880.38 
17304.45 5879.22 
17354.51 5878.21 
17404.56 5877.20 
17454.62 5876.19 
17504.68 5875.19 
17554.73 5874.19 
17604.79 5873.94 
17654.85 5873.69 
17704.90 5873.44 
17754.96 5873.19 
17805.02 5872.94 
17855.07 5872.69 
17905.13 5872.44 
17955.19 5872.14 
18005.24 5871.31 
18055.30 5870.48 
18105.36 5869.64 
18155.41 5868.81 
18205.47 5867.98 
18255.53 5867.15 
18305.58 5866.31 
18355.64 5865.49 
18405.70 5864.74 
18455.75 5863.99 
18505.81 5863.24 
18555.87 5862.49 
18605.92 5861.74 
18655.98 5860.99 
18706.04 5860.23 
18756.10 5859.48 
18806.15 5858.73 
18856.21 5857.98 
18906.27 5857.19 
18956.32 5856.33 
19006.38 5855.46 
19056.44 5854.60 
19106.49 5853.73 
19156.55 5852.87 
19206.61 5852.00 
19256.66 5851.14 
19306.72 5850.62 
19356.78 5850.28 
19406.83 5849.93 
19456.89 5849.59 
19506.95 5849.24 
19557.00 5848.90 
19607.06 5848.55 
19657.12 5848.20 
19707.17 5847.86 
19757.23 5847.51 
19807.29 5847.17 
19857.34 5846.84 
19907.40 5846.71 
19957.46 5846.58 
20007.51 5846.46 
20057.57 5846.33 
20107.63 5846.20 
20157.68 5846.07 
20207.74 5845.94 
20257.80 5845.81 
20307.85 5845.68 
20357.91 5845.55 
20407.97 5845.76 
20458.02 5846.08 
20508.08 5846.40 
20558.14 5846.72 
20608.19 5847.03 
20658.25 5847.35 
20708.31 5847.67 
20758.37 5847.99 
20808.42 5849.39 
20858.48 5852.69 
20908.54 5855.99 
20958.59 5859.28 
21008.65 5862.58 
21058.71 5865.88 
21108.76 5869.18 
21158.82 5875.19 
21208.88 5881.51 
21258.93 5887.84 
21308.99 5893.64 
21359.05 5899.40 
21409.10 5905.16 
21459.16 5910.92 
21509.22 5916.68 
21559.27 5921.86 
21609.33 5923.75 
21659.39 5925.65 
21709.44 5927.54 
21759.50 5928.48 
21809.56 5928.86 
21859.61 5929.25 
21909.67 5929.63 
21959.73 5930.01 
22009.78 5930.39 
22059.84 5930.78 
22109.90 5930.95 
22159.95 5930.95 
22210.01 5930.95 
22260.07 5930.95 
22310.12 5930.95 
22360.18 5930.95 
22410.24 5930.95 
22460.29 5931.83 
22510.35 5933.14 
22560.41 5934.44 
22610.46 5935.75 
22660.52 5937.05 
22710.58 5938.36 
22760.64 5939.67 
22810.69 5941.30 
22860.75 5943.20 
22910.81 5945.11 
22960.86 5947.01 
23010.92 5948.92 
23060.98 5950.92 
23111.03 5952.98 
23161.09 5955.04 
23211.15 5957.09 
23261.20 5959.15 
23311.26 5961.15 
23361.32 5963.06 
23411.37 5964.97 
23461.43 5966.87 
23511.49 5968.78 
23561.54 5970.89 
23611.60 5973.24 
23661.66 5975.60 
23711.71 5977.95 
23761.77 5980.30 
23811.83 5982.65 
23861.88 5984.39 
23911.94 5985.59 
23962.00 5986.79 
24012.05 5987.99 
24062.11 5989.19 
24112.17 5990.39 
24162.22 5991.59 
24212.28 5992.87 
24262.34 5994.14 
24312.39 5995.42 
24362.45 5996.70 
24412.51 5997.98 
24462.56 5999.25 
24512.62 6002.79 
24562.68 6006.38 
24612.73 6009.97 
24662.79 6013.56 
24712.85 6016.99 
24762.90 6019.84 
24812.96 6022.69 
24863.02 6025.54 
24913.08 6028.39 
24963.13 6029.18 
25013.19 6029.64 
25063.25 6030.09 
25113.30 6030.54 
25163.36 6030.99 
25213.42 6031.44 
25263.47 6031.90 
25313.53 6034.36 
25363.59 6036.85 
25413.64 6039.34 
25463.70 6041.84 
25513.76 6045.28 
25563.81 6049.29 
25613.87 6053.30 
25663.93 6057.32 
25713.98 6061.33 
25764.04 6067.04 
25814.10 6079.33 
25864.15 6091.62 
25914.21 6102.26 
25964.27 6109.03 
26014.32 6115.79 
26064.38 6122.56 
26114.44 6129.33 
26164.49 6134.51 
26214.55 6139.60 
26264.61 6144.68 
26314.66 6149.76 
26364.72 6154.88 
26414.78 6160.76 
26464.83 6166.63 
26514.89 6172.51 
26564.95 6178.06 
26615.00 6179.95 
26665.06 6181.85 
26715.12 6183.74 
26765.17 6185.64 
26815.23 6187.83 
26865.29 6190.03 
26915.35 6192.23 
26965.40 6193.64 
27015.46 6194.54 
27065.52 6195.45 
27115.57 6196.35 
27165.63 6198.41 
27215.69 6201.89 
27265.74 6205.37 
27315.80 6208.84 
27365.86 6212.32 
27415.91 6216.39 
27465.97 6220.51 
27516.03 6224.63 
27566.08 6229.16 
27616.14 6234.79 
27666.20 6240.42 
27716.25 6245.72 
27766.31 6249.63 
27816.37 6253.55 
27866.42 6257.47 
27916.48 6261.39 
27966.54 6262.54 
28016.59 6263.63 
28066.65 6264.72 
28116.71 6266.01 
28166.76 6267.47 
28216.82 6268.94 
28266.88 6270.41 
28316.93 6271.88 
28366.99 6273.28 
28417.05 6274.59 
28467.10 6275.90 
28517.16 6277.20 
28567.22 6277.44 
28617.27 6277.63 
28667.33 6277.82 
28717.39 6278.01 
28767.44 6279.79 
28817.50 6281.59 
28867.56 6283.39 
28917.61 6285.18 
28967.67 6286.98 
29017.73 6288.93 
29067.79 6291.01 
29117.84 6293.08 
29167.90 6295.16 
29217.96 6297.11 
29268.01 6298.63 
29318.07 6300.15 
29368.13 6301.66 
29418.18 6302.78 
29468.24 6302.63 
29518.30 6302.49 
29568.35 6302.34 
29618.41 6302.20 
29668.47 6302.07 
29718.52 6302.20 
29768.58 6302.33 
29818.64 6302.47 
29868.69 6302.60 
29918.75 6302.73 
29968.81 6302.30 
30018.86 6300.90 
30068.92 6299.51 
30118.98 6298.12 
30169.03 6296.73 
30219.09 6294.64 
30269.15 6291.89 
30319.20 6289.13 
30369.26 6286.38 
30419.32 6284.49 
30469.37 6283.81 
30519.43 6283.14 
30569.49 6282.57 
30619.54 6283.08 
30669.60 6283.59 
30719.66 6284.10 
30769.71 6284.62 
30819.77 6285.13 
30869.83 6285.69 
30919.88 6286.89 
30969.94 6288.09 
31020.00 6289.29 
31070.06 6290.49 
31120.11 6291.68 
31170.17 6292.88 
31220.23 6294.07 
31270.28 6294.86 
31320.34 6295.66 
31370.40 6296.45 
31420.45 6297.25 
31470.51 6298.04 
31520.57 6298.83 
31570.62 6299.63 
31620.68 6300.42 
31670.74 6301.22 
31720.79 6302.01 
31770.85 6302.49 
31820.91 6302.49 
31870.96 6302.49 
31921.02 6302.49 
31971.08 6302.49 
32021.13 6302.49 
32071.19 6302.49 
32121.25 6302.49 
32171.30 6302.49 
32221.36 6302.49 
32271.42 6303.25 
32321.47 6304.82 
32371.53 6306.39 
32421.59 6307.95 
32471.64 6309.52 
32521.70 6311.09 
32571.76 6312.65 
32621.81 6314.22 
32671.87 6315.79 
32721.93 6317.36 
32771.98 6318.92 
32822.04 6320.26 
32872.10 6321.51 
32922.15 6322.75 
32972.21 6324.00 
33022.27 6325.25 
33072.33 6326.49 
33122.38 6327.74 
33172.44 6328.99 
33222.50 6330.23 
33272.55 6331.84 
33322.61 6334.62 
33372.67 6337.41 
33422.72 6340.20 
33472.78 6342.99 
33522.84 6345.78 
33572.89 6348.57 
33622.95 6351.36 
33673.01 6354.15 
33723.06 6356.05 
33773.12 6357.68 
33823.18 6359.30 
33873.23 6360.92 
33923.29 6362.54 
33973.35 6364.16 
34023.40 6365.78 
34073.46 6367.40 
34123.52 6369.38 
34173.57 6371.86 
34223.63 6374.33 
34273.69 6376.81 
34323.74 6379.28 
34373.80 6381.75 
34423.86 6384.23 
34473.91 6386.70 
34523.97 6389.18 
34574.03 6391.65 
34624.08 6394.13 
34674.14 6396.50 
34724.20 6398.77 
34774.25 6401.05 
34824.31 6403.32 
34874.37 6405.60 
34924.42 6407.87 
34974.48 6410.15 
35024.54 6412.42 
35074.59 6414.70 
35124.65 6417.65 
35174.71 6421.07 
35224.77 6424.49 
35274.82 6427.91 
35324.88 6431.33 
35374.94 6434.75 
35424.99 6438.17 
35475.05 6441.59 
35525.11 6445.27 
35575.16 6449.07 
35625.22 6452.88 
35675.28 6456.68 
35725.33 6460.48 
35775.39 6464.28 
35825.45 6468.09 
35875.50 6471.89 
35925.56 6475.69 
35975.62 6479.49 
36025.67 6483.93 
36075.73 6488.43 
36125.79 6492.92 
36175.84 6497.42 
36225.90 6501.91 
36275.96 6506.40 
36326.01 6510.90 
36376.07 6515.39 
36426.13 6519.89 
36476.18 6524.47 
36526.24 6529.56 
36576.30 6534.66 
36626.35 6539.75 
36676.41 6544.84 
36726.47 6549.94 
36776.52 6555.03 
36826.58 6560.12 
36876.64 6565.22 
36926.69 6570.02 
36976.75 6574.58 
37026.81 6579.14 
37076.86 6583.69 
37126.92 6588.25 
37176.98 6592.81 
37227.04 6597.37 
37277.09 6602.45 
37327.15 6608.07 
37377.21 6613.69 
37427.26 6619.31 
37477.32 6624.93 
37527.38 6630.55 
37577.43 6636.18 
37627.49 6642.91 
37677.55 6649.78 
37727.60 6656.66 
37777.66 6663.53 
37827.72 6670.40 
37877.77 6677.28 
37927.83 6684.15 
37977.89 6690.59 
38027.94 6695.85 
38078.00 6701.10 
38128.06 6706.36 
38178.11 6711.62 
38228.17 6716.88 
38278.23 6722.49 
38328.28 6728.19 
38378.34 6733.89 
38428.40 6739.59 
38478.45 6745.33 
38528.51 6751.58 
38578.57 6757.83 
38628.62 6764.08 
38678.68 6770.33 
38728.74 6776.58 
38778.79 6782.84 
38828.85 6789.36 
38878.91 6796.48 
38928.96 6803.59 
38979.02 6810.70 
39029.08 6817.82 
39079.13 6824.93 
39129.19 6831.70 
39179.25 6838.42 
39229.31 6845.13 
39279.36 6851.85 
39329.42 6858.57 
39379.48 6865.28 
39429.53 6871.58 
39479.59 6877.79 
39529.65 6884.00 
39579.70 6890.21 
39629.76 6896.42 
39679.82 6902.63 
39729.87 6908.83 
39779.93 6914.75 
39829.99 6919.57 
39880.04 6924.39 
39930.10 6929.22 
39980.16 6934.04 
40030.21 6938.86 
40080.27 6942.47 
40130.33 6945.31 
40180.38 6948.15 
40230.44 6950.99 
40280.50 6953.82 
40330.55 6956.64 
40380.61 6959.46 
40430.67 6962.28 
40480.72 6965.10 
40530.78 6967.92 
40580.84 6970.74 
40630.89 6973.70 
40680.95 6977.06 
40731.01 6980.42 
40781.06 6984.06 
40831.12 6988.61 
40881.18 6993.16 
40931.23 6997.71 
40981.29 7002.26 
41031.35 7007.67 
41081.40 7013.31 
41131.46 7018.95 
41181.52 7024.37 
41231.57 7028.89 
41281.63 7033.41 
41331.69 7037.93 
41381.75 7042.18 
41431.80 7046.09 
41481.86 7049.61 
41531.92 7052.22 
41581.97 7054.84 
41632.03 7057.49 
41682.09 7060.16 
41732.14 7062.83 
41782.20 7066.83 
41832.26 7071.86 
41882.31 7076.90 
41932.37 7083.16 
41982.43 7090.46 
42032.48 7097.75 
42082.54 7105.05 
42132.60 7111.59 
42182.65 7116.90 
42232.71 7122.21 
42282.77 7127.52 
42332.82 7132.83 
42382.88 7137.23 
42432.94 7141.56 
42482.99 7145.63 
42533.05 7148.56 
42583.11 7151.50 
42633.16 7153.78 
42683.22 7154.65 
42733.28 7155.52 
42783.33 7156.39 
42833.39 7159.38 
42883.45 7165.07 
42933.50 7170.75 
42983.56 7176.44 
43033.62 7182.13 
43083.67 7189.50 
43133.73 7196.90 
43183.79 7204.30 
43233.84 7211.30 
43283.90 7214.92 
