3748.99 7190.82 
3799.00 7220.97 
3849.02 7251.11 
3899.03 7281.26 
3949.05 7316.72 
3999.07 7360.69 
4049.08 7404.65 
4099.10 7444.92 
4149.11 7480.81 
4199.13 7516.70 
4249.15 7552.59 
4299.16 7588.48 
4349.18 7626.11 
4399.19 7667.22 
4449.21 7708.33 
4499.22 7749.44 
4549.24 7786.13 
4599.26 7812.93 
4649.27 7839.73 
4699.29 7866.52 
4749.30 7893.32 
4799.32 7920.12 
4849.34 7951.15 
4899.35 7983.13 
4949.37 8015.10 
4999.38 8047.07 
5049.40 8076.93 
5099.42 8106.24 
5149.43 8135.55 
5199.45 8164.86 
5249.46 8191.57 
5299.48 8214.41 
5349.50 8237.25 
5399.51 8260.09 
5449.53 8282.93 
5499.54 8305.76 
5549.56 8328.60 
5599.58 8351.44 
5649.59 8369.98 
5699.61 8380.56 
5749.62 8391.14 
5799.64 8401.72 
5849.65 8412.29 
5899.67 8422.87 
5949.69 8433.45 
5999.70 8441.20 
6049.72 8444.67 
6099.73 8448.13 
6149.75 8451.60 
6199.77 8455.06 
6249.78 8458.53 
6299.80 8461.99 
6349.81 8465.46 
6399.83 8468.92 
6449.85 8472.39 
6499.86 8475.85 
6549.88 8473.97 
6599.89 8470.62 
6649.91 8467.27 
6699.93 8463.92 
6749.94 8460.57 
6799.96 8457.22 
6849.97 8453.88 
6899.99 8450.53 
6950.01 8447.18 
7000.02 8443.83 
7050.04 8440.48 
7100.05 8433.08 
7150.07 8424.71 
7200.08 8416.33 
7250.10 8407.96 
7300.12 8399.58 
7350.13 8391.21 
7400.15 8382.84 
7450.16 8374.46 
7500.18 8366.09 
7550.20 8357.71 
7600.21 8349.34 
7650.23 8347.89 
7700.24 8347.89 
7750.26 8347.89 
7800.28 8347.89 
7850.29 8347.89 
7900.31 8347.89 
7950.32 8347.89 
8000.34 8347.89 
8050.36 8347.89 
8100.37 8347.89 
8150.39 8347.89 
8200.40 8347.89 
8250.42 8347.89 
8300.43 8347.89 
8350.45 8347.89 
8400.47 8347.89 
8450.48 8347.89 
8500.50 8347.89 
8550.51 8347.89 
8600.53 8347.89 
8650.55 8347.89 
8700.56 8347.89 
8750.58 8347.89 
8800.59 8347.89 
8850.61 8347.89 
8900.63 8347.89 
8950.64 8347.89 
9000.66 8347.89 
9050.67 8350.84 
9100.69 8355.41 
9150.71 8359.98 
9200.72 8364.55 
9250.74 8369.12 
9300.75 8373.68 
9350.77 8378.25 
9400.79 8382.82 
9450.80 8388.94 
9500.82 8396.12 
9550.83 8403.30 
9600.85 8410.48 
9650.86 8417.65 
9700.88 8429.36 
9750.90 8446.10 
9800.91 8462.85 
9850.93 8479.60 
9900.94 8496.35 
9950.96 8513.10 
10000.98 8529.84 
10050.99 8546.59 
10101.01 8563.34 
10151.02 8582.81 
10201.04 8603.50 
10251.06 8624.18 
10301.07 8644.87 
10351.09 8665.56 
10401.10 8686.25 
10451.12 8706.66 
10501.14 8726.76 
10551.15 8746.86 
10601.17 8766.96 
10651.18 8786.43 
10701.20 8805.75 
10751.22 8825.08 
10801.23 8844.40 
10851.25 8863.60 
10901.26 8880.34 
10951.28 8897.09 
11001.29 8913.84 
11051.31 8930.59 
11101.33 8947.34 
11151.34 8961.73 
11201.36 8974.29 
11251.37 8986.85 
11301.39 8999.41 
11351.41 9011.98 
11401.42 9024.54 
11451.44 9037.10 
11501.45 9049.51 
11551.47 9061.48 
11601.49 9073.44 
11651.50 9085.40 
11701.52 9097.37 
11751.53 9109.33 
11801.55 9121.29 
11851.57 9133.25 
11901.58 9141.84 
11951.60 9147.76 
12001.61 9153.67 
12051.63 9159.58 
12101.64 9165.49 
12151.66 9171.40 
12201.68 9175.32 
12251.69 9175.32 
12301.71 9175.32 
12351.72 9175.32 
12401.74 9175.32 
12451.76 9175.32 
12501.77 9174.39 
12551.79 9166.24 
12601.80 9158.10 
12651.82 9149.95 
12701.84 9141.80 
12751.85 9133.65 
12801.87 9125.50 
12851.88 9117.36 
12901.90 9109.21 
12951.92 9101.06 
13001.93 9092.91 
13051.95 9084.77 
13101.96 9076.62 
13151.98 9068.47 
13202.00 9069.81 
13252.01 9078.18 
13302.03 9086.55 
13352.04 9094.93 
13402.06 9103.30 
13452.07 9111.68 
13502.09 9120.05 
13552.11 9128.42 
13602.12 9136.80 
13652.14 9145.17 
13702.15 9153.55 
13752.17 9161.92 
13802.19 9170.30 
13852.20 9175.32 
13902.22 9175.32 
13952.23 9175.32 
14002.25 9175.32 
14052.27 9171.26 
14102.28 9160.40 
14152.30 9149.54 
14202.31 9138.67 
14252.33 9127.81 
14302.35 9116.95 
14352.36 9106.08 
14402.38 9095.22 
14452.39 9084.36 
14502.41 9073.49 
14552.43 9062.63 
14602.44 9051.76 
14652.46 9040.90 
14702.47 9030.04 
14752.49 9028.22 
14802.50 9028.22 
14852.52 9028.22 
14902.54 9028.22 
14952.55 9028.22 
15002.57 9028.22 
15052.58 9028.22 
15102.60 9028.22 
15152.62 9028.22 
15202.63 9028.22 
15252.65 9028.22 
15302.66 9028.22 
15352.68 9028.22 
15402.70 9028.22 
15452.71 9028.22 
15502.73 9028.22 
15552.74 9028.22 
15602.76 9028.22 
15652.78 9028.22 
15702.79 9028.22 
15752.81 9028.22 
15802.82 9028.22 
15852.84 9028.22 
15902.85 9028.22 
15952.87 9028.22 
16002.89 9028.22 
16052.90 9028.22 
16102.92 9028.22 
16152.93 9028.22 
16202.95 9028.22 
16252.97 9028.22 
16302.98 9028.22 
16353.00 9028.22 
16403.01 9028.22 
16453.03 9033.96 
16503.05 9041.14 
16553.06 9048.31 
16603.08 9055.49 
16653.09 9062.67 
16703.11 9079.14 
16753.13 9100.07 
16803.14 9121.01 
16853.16 9141.94 
16903.17 9164.06 
16953.19 9189.19 
17003.21 9214.31 
17053.22 9239.43 
17103.24 9264.55 
17153.25 9289.67 
17203.27 9314.80 
17253.28 9343.01 
17303.30 9372.56 
17353.32 9402.12 
17403.33 9431.67 
17453.35 9461.23 
17503.36 9490.78 
17553.38 9516.24 
17603.40 9537.18 
17653.41 9558.11 
17703.43 9579.05 
17753.44 9599.08 
17803.46 9609.12 
17853.48 9619.17 
17903.49 9629.22 
17953.51 9638.72 
18003.52 9647.45 
18053.54 9656.19 
18103.56 9664.93 
18153.57 9673.67 
18203.59 9682.41 
18253.60 9691.14 
18303.62 9699.88 
18353.64 9708.67 
18403.65 9724.13 
18453.67 9739.59 
18503.68 9755.05 
18553.70 9770.50 
18603.71 9786.62 
18653.73 9804.71 
18703.75 9822.80 
18753.76 9840.88 
18803.78 9858.97 
18853.79 9877.06 
18903.81 9895.15 
18953.83 9913.24 
19003.84 9931.32 
19053.86 9950.53 
19103.87 9979.84 
19153.89 10009.15 
19203.91 10038.46 
19253.92 10067.77 
19303.94 10097.08 
19353.95 10126.39 
19403.97 10155.70 
19453.99 10185.01 
19504.00 10212.27 
19554.02 10235.10 
19604.03 10257.94 
19654.05 10280.78 
19704.06 10303.62 
19754.08 10326.46 
19804.10 10349.30 
19854.11 10372.13 
19904.13 10389.73 
19954.14 10392.87 
20004.16 10396.01 
20054.18 10399.16 
20104.19 10402.30 
20154.21 10405.44 
20204.22 10411.87 
20254.24 10423.04 
20304.26 10434.20 
20354.27 10445.37 
20404.29 10456.53 
20454.30 10467.70 
20504.32 10478.86 
20554.34 10485.61 
20604.35 10491.41 
20654.37 10497.20 
20704.38 10503.00 
20754.40 10508.80 
20804.42 10514.60 
20854.43 10520.39 
20904.45 10526.19 
20954.46 10531.99 
21004.48 10536.77 
21054.49 10539.29 
21104.51 10541.80 
21154.53 10544.31 
21204.54 10546.82 
21254.56 10549.33 
21304.57 10551.85 
21354.59 10554.36 
21404.61 10554.39 
21454.62 10554.39 
21504.64 10554.39 
21554.65 10554.39 
21604.67 10554.39 
21654.69 10554.39 
21704.70 10554.39 
21754.72 10554.39 
21804.73 10554.39 
21854.75 10557.03 
21904.77 10562.62 
21954.78 10568.20 
22004.80 10573.78 
22054.81 10579.36 
22104.83 10584.95 
22154.85 10590.53 
22204.86 10594.73 
22254.88 10598.74 
22304.89 10602.76 
22354.91 10606.78 
22404.92 10610.80 
22454.94 10614.82 
22504.96 10618.84 
22554.97 10622.86 
22604.99 10626.88 
22655.00 10626.70 
22705.02 10625.03 
22755.04 10623.35 
22805.05 10621.68 
22855.07 10620.00 
22905.08 10618.33 
22955.10 10616.65 
23005.12 10614.98 
23055.13 10613.30 
23105.15 10611.63 
23155.16 10609.95 
23205.18 10619.08 
23255.20 10631.64 
23305.21 10644.20 
23355.23 10656.76 
23405.24 10669.32 
23455.26 10681.88 
23505.27 10694.45 
23555.29 10731.84 
23605.31 10800.93 
23655.32 10870.01 
23705.34 10925.79 
23755.35 10968.85 
23805.37 11011.92 
23855.39 11054.99 
23905.40 11098.05 
23955.42 11137.40 
24005.43 11170.90 
24055.45 11204.40 
24105.47 11237.89 
24155.48 11271.39 
24205.50 11304.88 
24255.51 11331.69 
24305.53 11357.74 
24355.55 11383.80 
24405.56 11409.85 
24455.58 11435.90 
24505.59 11461.95 
24555.61 11488.01 
24605.63 11514.06 
24655.64 11540.11 
24705.66 11565.65 
24755.67 11562.86 
24805.69 11560.07 
24855.70 11557.28 
24905.72 11554.48 
24955.74 11551.69 
25005.75 11548.90 
25055.77 11544.11 
25105.78 11536.66 
25155.80 11529.22 
25205.82 11521.78 
25255.83 11514.33 
25305.85 11506.89 
25355.86 11499.45 
25405.88 11492.00 
25455.90 11484.56 
25505.91 11477.11 
25555.93 11474.96 
25605.94 11477.15 
25655.96 11479.33 
25705.98 11481.52 
25755.99 11483.70 
25806.01 11485.88 
25856.02 11488.07 
25906.04 11490.25 
25956.06 11493.81 
26006.07 11506.37 
26056.09 11518.93 
26106.10 11531.50 
26156.12 11544.06 
26206.13 11556.62 
26256.15 11568.91 
26306.17 11580.51 
26356.18 11592.10 
26406.20 11603.70 
26456.21 11615.29 
26506.23 11639.50 
26556.25 11675.39 
26606.26 11711.28 
26656.28 11736.86 
26706.29 11761.98 
26756.31 11787.10 
26806.33 11812.23 
26856.34 11848.41 
26906.36 11893.07 
26956.37 11937.73 
27006.39 11986.41 
27056.41 12045.79 
27106.42 12105.17 
27156.44 12164.55 
27206.45 12227.87 
27256.47 12303.24 
27306.48 12377.80 
27356.50 12437.47 
27406.52 12497.13 
27456.53 12556.80 
27506.55 12616.46 
27556.56 12676.13 
27606.58 12740.10 
27656.60 12821.74 
27706.61 12903.39 
27756.63 12965.49 
27806.64 12974.23 
27856.66 12982.97 
27906.68 12991.71 
27956.69 13000.44 
28006.71 13009.18 
28056.72 13017.92 
28106.74 13026.66 
28156.76 13035.40 
28206.77 13044.07 
28256.79 13052.73 
28306.80 13061.40 
28356.82 13070.06 
28406.84 13078.72 
28456.85 13087.38 
28506.87 13096.05 
28556.88 13104.71 
28606.90 13113.37 
28656.91 13122.04 
28706.93 13137.41 
28756.95 13174.25 
28806.96 13211.10 
28856.98 13247.94 
28906.99 13284.79 
28957.01 13321.64 
29007.03 13349.71 
29057.04 13374.83 
29107.06 13399.95 
29157.07 13425.07 
29207.09 13450.19 
29257.11 13475.32 
29307.12 13498.01 
29357.14 13508.06 
29407.15 13518.10 
29457.17 13528.15 
29507.19 13538.20 
29557.20 13548.25 
29607.22 13558.30 
29657.23 13568.35 
29707.25 13578.40 
29757.27 13588.37 
29807.28 13591.96 
29857.30 13595.55 
29907.31 13599.13 
29957.33 13602.72 
30007.34 13606.31 
30057.36 13609.90 
30107.38 13613.49 
30157.39 13617.08 
30207.41 13620.67 
30257.42 13624.26 
30307.44 13625.10 
30357.46 13625.10 
30407.47 13625.10 
30457.49 13625.10 
30507.50 13625.10 
30557.52 13625.10 
30607.54 13625.10 
30657.55 13625.10 
30707.57 13625.10 
30757.58 13625.10 
30807.60 13625.10 
30857.62 13625.10 
30907.63 13625.10 
30957.65 13625.10 
31007.66 13625.10 
31057.68 13625.10 
31107.69 13625.10 
31157.71 13625.10 
31207.73 13626.40 
31257.74 13629.19 
31307.76 13631.99 
31357.77 13634.78 
31407.79 13637.57 
31457.81 13640.36 
31507.82 13643.15 
31557.84 13651.77 
31607.85 13661.20 
31657.87 13670.62 
31707.89 13680.04 
31757.90 13689.46 
31807.92 13698.70 
31857.93 13700.89 
31907.95 13703.07 
31957.97 13705.26 
32007.98 13707.44 
32058.00 13709.62 
32108.01 13711.81 
32158.03 13713.99 
32208.05 13716.18 
32258.06 13717.04 
32308.08 13717.04 
32358.09 13717.04 
32408.11 13717.04 
32458.12 13717.04 
32508.14 13717.04 
32558.16 13717.04 
32608.17 13717.04 
32658.19 13717.04 
32708.20 13717.04 
32758.22 13717.04 
32808.24 13717.04 
32858.25 13717.04 
32908.27 13717.04 
32958.28 13717.04 
33008.30 13717.04 
33058.32 13717.04 
33108.33 13717.04 
33158.35 13718.86 
33208.36 13724.77 
33258.38 13730.69 
33308.40 13736.60 
33358.41 13742.51 
33408.43 13748.42 
33458.44 13754.55 
33508.46 13762.92 
33558.48 13771.29 
33608.49 13779.67 
33658.51 13788.04 
33708.52 13796.42 
33758.54 13804.79 
33808.55 13813.16 
33858.57 13821.54 
33908.59 13829.91 
33958.60 13838.29 
34008.62 13846.66 
34058.63 13855.04 
34108.65 13863.41 
34158.67 13871.78 
34208.68 13880.16 
34258.70 13888.53 
34308.71 13896.91 
34358.73 13911.83 
34408.75 13932.77 
34458.76 13953.70 
34508.78 13974.64 
34558.79 13995.20 
34608.81 14013.23 
34658.83 14031.27 
34708.84 14049.30 
34758.86 14067.34 
34808.87 14085.38 
34858.89 14103.41 
34908.91 14121.45 
34958.92 14139.49 
35008.94 14157.52 
35058.95 14175.56 
35108.97 14193.60 
35158.98 14211.63 
35209.00 14229.67 
35259.02 14247.70 
35309.03 14255.75 
35359.05 14262.13 
35409.06 14268.51 
35459.08 14274.89 
35509.10 14281.28 
35559.11 14287.66 
35609.13 14294.04 
35659.14 14300.42 
35709.16 14306.80 
35759.18 14313.19 
35809.19 14325.56 
35859.21 14338.78 
35909.22 14352.01 
35959.24 14365.23 
36009.26 14378.45 
36059.27 14391.67 
36109.29 14404.90 
36159.30 14418.12 
36209.32 14432.55 
36259.33 14454.09 
36309.35 14475.62 
36359.37 14497.15 
36409.38 14503.59 
36459.40 14508.87 
36509.41 14514.16 
36559.43 14519.45 
36609.45 14524.74 
36659.46 14530.03 
36709.48 14535.32 
36759.49 14540.61 
36809.51 14544.84 
36859.53 14544.84 
36909.54 14544.84 
36959.56 14544.84 
37009.57 14544.84 
37059.59 14544.84 
37109.61 14544.84 
37159.62 14544.84 
37209.64 14544.84 
37259.65 14544.84 
37309.67 14544.84 
37359.69 14544.84 
37409.70 14544.84 
37459.72 14544.84 
37509.73 14544.84 
37559.75 14544.84 
37609.76 14544.84 
37659.78 14544.84 
37709.80 14544.84 
37759.81 14544.84 
37809.83 14544.84 
37859.84 14544.84 
37909.86 14544.84 
37959.88 14544.84 
38009.89 14544.84 
38059.91 14544.84 
38109.92 14544.84 
38159.94 14544.84 
38209.96 14544.84 
38259.97 14544.84 
38309.99 14544.84 
38360.00 14560.03 
38410.02 14577.42 
38460.04 14594.81 
38510.05 14612.20 
38560.07 14629.60 
38610.08 14646.99 
38660.10 14664.38 
38710.12 14681.77 
38760.13 14699.16 
38810.15 14716.56 
38860.16 14733.95 
38910.18 14751.34 
38960.19 14799.16 
39010.21 14849.41 
39060.23 14899.65 
39110.24 14949.90 
39160.26 15000.14 
39210.27 15036.91 
39260.29 15071.69 
39310.31 15106.47 
39360.32 15141.26 
39410.34 15176.04 
39460.35 15210.83 
39510.37 15231.29 
39560.39 15250.13 
39610.40 15268.97 
39660.42 15287.81 
39710.43 15306.65 
39760.45 15325.49 
39810.47 15344.34 
39860.48 15361.62 
39910.50 15377.60 
39960.51 15393.59 
40010.53 15409.58 
40060.54 15425.56 
40110.56 15441.55 
40160.58 15457.54 
40210.59 15473.52 
40260.61 15489.51 
40310.62 15505.50 
40360.64 15516.32 
40410.66 15520.50 
40460.67 15524.69 
40510.69 15528.88 
40560.70 15533.06 
40610.72 15537.25 
40660.74 15541.44 
40710.75 15545.63 
40760.77 15549.81 
40810.78 15554.00 
40860.80 15558.19 
40910.82 15560.01 
40960.83 15558.44 
41010.85 15556.87 
41060.86 15555.30 
41110.88 15553.73 
41160.90 15552.16 
41210.91 15550.59 
41260.93 15549.02 
41310.94 15547.45 
41360.96 15545.88 
41410.97 15544.31 
41460.99 15542.74 
41511.01 15541.17 
41561.02 15539.60 
41611.04 15538.03 
41661.05 15531.11 
41711.07 15521.98 
41761.09 15512.84 
41811.10 15503.71 
41861.12 15494.57 
41911.13 15485.44 
41961.15 15476.30 
42011.17 15467.17 
42061.18 15458.03 
42111.20 15448.90 
42161.21 15445.22 
42211.23 15445.22 
42261.25 15445.22 
42311.26 15445.22 
42361.28 15445.22 
42411.29 15445.22 
42461.31 15445.60 
42511.33 15447.88 
42561.34 15450.17 
42611.36 15452.45 
42661.37 15454.74 
42711.39 15457.02 
42761.40 15459.30 
42811.42 15461.59 
42861.44 15463.87 
42911.45 15466.15 
42961.47 15469.10 
43011.48 15483.24 
43061.50 15497.37 
43111.52 15511.50 
43161.53 15525.63 
43211.55 15539.76 
43261.56 15553.89 
43311.58 15568.02 
43361.60 15582.15 
43411.61 15596.29 
43461.63 15610.42 
43511.64 15624.55 
43561.66 15638.68 
43611.68 15652.81 
43661.69 15666.94 
43711.71 15680.37 
43761.72 15692.49 
43811.74 15704.62 
43861.75 15716.75 
43911.77 15728.88 
43961.79 15741.01 
44011.80 15753.13 
44061.82 15765.26 
44111.83 15777.39 
44161.85 15789.52 
44211.87 15801.65 
44261.88 15813.77 
44311.90 15825.90 
44361.91 15838.13 
44411.93 15853.83 
44461.95 15869.53 
44511.96 15885.23 
44561.98 15900.93 
44611.99 15916.63 
44662.01 15932.34 
44712.03 15948.04 
44762.04 15961.83 
44812.06 15974.72 
44862.07 15987.60 
44912.09 16000.48 
44962.11 16013.37 
45012.12 16026.25 
45062.14 16039.13 
45112.15 16052.02 
45162.17 16064.90 
45212.18 16077.78 
45262.20 16090.67 
45312.22 16103.55 
45362.23 16116.43 
45412.25 16129.31 
45462.26 16142.20 
45512.28 16155.08 
45562.30 16167.96 
45612.31 16180.85 
45662.33 16198.60 
45712.34 16217.92 
45762.36 16237.25 
45812.38 16256.57 
45862.39 16275.90 
45912.41 16295.22 
45962.42 16314.55 
46012.44 16333.87 
46062.46 16353.19 
46112.47 16372.52 
46162.49 16391.84 
46212.50 16411.17 
46262.52 16426.86 
46312.54 16441.70 
46362.55 16456.54 
46412.57 16471.38 
46462.58 16486.22 
46512.60 16501.05 
46562.61 16515.89 
46612.63 16530.73 
46662.65 16545.57 
46712.66 16560.40 
46762.68 16574.85 
46812.69 16587.41 
46862.71 16599.97 
46912.73 16612.53 
46962.74 16625.09 
47012.76 16637.65 
47062.77 16650.21 
47112.79 16662.77 
47162.81 16675.97 
47212.82 16689.68 
47262.84 16703.38 
47312.85 16717.08 
47362.87 16730.78 
47412.89 16744.49 
47462.90 16758.19 
47512.92 16771.89 
47562.93 16785.60 
47612.95 16799.30 
47662.96 16813.00 
47712.98 16826.71 
47763.00 16840.41 
47813.01 16854.11 
47863.03 16866.06 
47913.04 16876.83 
47963.06 16887.60 
48013.08 16898.36 
48063.09 16909.13 
48113.11 16919.90 
48163.12 16930.66 
48213.14 16941.43 
48263.16 16952.20 
48313.17 16962.96 
48363.19 16973.73 
48413.20 16984.50 
48463.22 16995.26 
48513.24 17006.03 
48563.25 17016.80 
48613.27 17027.56 
48663.28 17038.33 
48713.30 17049.10 
48763.32 17064.26 
48813.33 17080.34 
48863.35 17096.41 
48913.36 17112.49 
48963.38 17128.57 
49013.39 17144.65 
49063.41 17160.73 
49113.43 17176.80 
49163.44 17192.88 
49213.46 17208.96 
49263.47 17225.04 
49313.49 17241.12 
49363.51 17257.19 
49413.52 17273.27 
49463.54 17289.35 
49513.55 17305.43 
49563.57 17318.12 
49613.59 17330.68 
49663.60 17343.25 
49713.62 17355.81 
49763.63 17368.37 
49813.65 17380.93 
49863.67 17393.49 
49913.68 17406.05 
49963.70 17418.61 
50013.71 17431.17 
50063.73 17441.70 
50113.75 17451.75 
50163.76 17461.80 
50213.78 17471.85 
50263.79 17481.90 
50313.81 17491.95 
50363.82 17502.00 
50413.84 17512.05 
50463.86 17522.09 
50513.87 17532.14 
50563.89 17542.19 
50613.90 17552.24 
50663.92 17562.09 
50713.94 17570.47 
50763.95 17578.84 
50813.97 17587.22 
50863.98 17595.59 
50914.00 17603.97 
50964.02 17612.34 
51014.03 17620.71 
51064.05 17629.09 
51114.06 17637.46 
51164.08 17645.84 
51214.10 17654.21 
51264.11 17662.58 
51314.13 17670.96 
51364.14 17679.33 
51414.16 17687.71 
51464.17 17696.52 
51514.19 17705.38 
51564.21 17714.25 
51614.22 17723.12 
51664.24 17731.98 
51714.25 17740.85 
51764.27 17749.72 
51814.29 17758.58 
51864.30 17767.45 
51914.32 17776.32 
51964.33 17785.26 
52014.35 17794.92 
52064.37 17804.58 
52114.38 17814.25 
52164.40 17823.91 
52214.41 17833.57 
52264.43 17843.23 
52314.45 17852.90 
52364.46 17862.56 
52414.48 17872.22 
52464.49 17881.88 
52514.51 17891.55 
52564.53 17901.21 
52614.54 17910.87 
52664.56 17920.53 
52714.57 17930.19 
52764.59 17939.86 
52814.60 17954.34 
52864.62 17972.07 
52914.64 17989.81 
52964.65 18007.54 
53014.67 18025.27 
53064.68 18043.01 
53114.70 18060.74 
53164.72 18078.47 
53214.73 18096.21 
53264.75 18113.94 
53314.76 18131.67 
53364.78 18147.02 
53414.80 18161.79 
53464.81 18176.57 
53514.83 18191.35 
53564.84 18206.13 
53614.86 18220.90 
53664.88 18235.68 
53714.89 18250.46 
53764.91 18265.24 
53814.92 18280.02 
53864.94 18295.01 
53914.96 18320.13 
53964.97 18345.25 
54014.99 18370.37 
54065.00 18395.50 
54115.02 18420.62 
54165.03 18445.74 
54215.05 18470.86 
54265.07 18495.98 
54315.08 18521.11 
54365.10 18546.23 
54415.11 18571.35 
54465.13 18596.47 
54515.15 18621.59 
54565.16 18646.72 
54615.18 18671.84 
54665.19 18696.96 
54715.21 18718.51 
54765.23 18736.78 
54815.24 18755.06 
54865.26 18773.33 
54915.27 18791.60 
54965.29 18809.87 
55015.31 18828.14 
55065.32 18846.41 
55115.34 18864.68 
55165.35 18882.95 
55215.37 18901.22 
55265.38 18919.49 
55315.40 18937.76 
55365.42 18956.03 
55415.43 18972.35 
55465.45 18987.13 
55515.46 19001.90 
55565.48 19016.68 
55615.50 19031.46 
55665.51 19046.24 
55715.53 19061.02 
55765.54 19075.79 
55815.56 19090.57 
55865.58 19105.35 
55915.59 19120.13 
55965.61 19133.84 
56015.62 19147.24 
56065.64 19160.64 
56115.66 19174.04 
56165.67 19187.43 
56215.69 19200.83 
56265.70 19214.23 
56315.72 19227.63 
56365.74 19241.03 
56415.75 19255.27 
56465.77 19272.02 
56515.78 19288.77 
56565.80 19305.51 
56615.81 19322.26 
56665.83 19339.01 
56715.85 19355.76 
56765.86 19372.51 
56815.88 19389.26 
56865.89 19406.00 
56915.91 19422.75 
56965.93 19439.50 
57015.94 19452.16 
57065.96 19463.99 
57115.97 19475.81 
57165.99 19487.63 
57216.01 19499.45 
57266.02 19511.27 
57316.04 19523.10 
57366.05 19534.92 
57416.07 19546.74 
57466.09 19558.56 
57516.10 19570.42 
57566.12 19582.98 
57616.13 19595.54 
57666.15 19608.10 
57716.17 19620.66 
57766.18 19633.22 
57816.20 19645.78 
57866.21 19658.34 
57916.23 19670.90 
57966.24 19683.47 
58016.26 19696.03 
58066.28 19708.59 
58116.29 19721.15 
58166.31 19733.71 
58216.32 19746.27 
58266.34 19758.83 
58316.36 19771.39 
58366.37 19783.95 
58416.39 19795.15 
58466.40 19802.69 
58516.42 19810.22 
58566.44 19817.76 
58616.45 19825.30 
58666.47 19832.83 
58716.48 19840.37 
58766.50 19847.91 
58816.52 19855.44 
58866.53 19862.98 
58916.55 19870.52 
58966.56 19878.05 
59016.58 19885.59 
59066.59 19893.13 
59116.61 19900.66 
59166.63 19908.20 
59216.64 19915.74 
59266.66 19923.27 
59316.67 19930.81 
59366.69 19938.35 
59416.71 19945.88 
59466.72 19953.42 
59516.74 19960.96 
59566.75 19968.49 
59616.77 19976.03 
59666.79 19983.57 
59716.80 19989.99 
59766.82 19996.27 
59816.83 20002.55 
59866.85 20008.83 
59916.87 20015.11 
59966.88 20021.39 
60016.90 20027.67 
60066.91 20033.95 
60116.93 20040.23 
60166.95 20046.51 
60216.96 20052.79 
60266.98 20059.07 
60316.99 20065.35 
60367.01 20071.64 
60417.02 20077.92 
60467.04 20086.67 
60517.06 20096.72 
60567.07 20106.77 
60617.09 20116.82 
60667.10 20126.87 
60717.12 20136.91 
60767.14 20146.96 
60817.15 20157.01 
60867.17 20167.06 
60917.18 20177.85 
60967.20 20193.31 
61017.22 20208.77 
61067.23 20224.23 
61117.25 20239.69 
61167.26 20255.15 
61217.28 20270.61 
61267.30 20286.07 
61317.31 20301.53 
61367.33 20312.83 
61417.34 20323.59 
61467.36 20334.36 
61517.38 20345.13 
61567.39 20355.89 
61617.41 20366.66 
61667.42 20377.43 
61717.44 20388.19 
61767.45 20398.95 
61817.47 20407.82 
61867.49 20416.69 
61917.50 20425.55 
61967.52 20434.42 
62017.53 20443.29 
62067.55 20452.15 
62117.57 20461.02 
62167.58 20469.89 
62217.60 20478.75 
62267.61 20487.62 
62317.63 20499.38 
62367.65 20521.71 
62417.66 20544.04 
62467.68 20566.37 
62517.69 20588.70 
62567.71 20611.03 
62617.73 20633.36 
62667.74 20655.69 
62717.76 20678.02 
62767.77 20700.35 
62817.79 20722.68 
62867.80 20745.02 
62917.82 20766.42 
62967.84 20787.57 
63017.85 20808.73 
63067.87 20829.88 
63117.88 20851.04 
63167.90 20872.19 
63217.92 20893.35 
63267.93 20914.50 
63317.95 20935.66 
63367.96 20956.81 
63417.98 20977.97 
63468.00 20999.13 
63518.01 21018.58 
63568.03 21037.42 
63618.04 21056.27 
63668.06 21075.11 
63718.08 21093.95 
63768.09 21112.79 
63818.11 21131.63 
63868.12 21150.47 
63918.14 21169.32 
63968.16 21188.16 
64018.17 21205.78 
64068.19 21222.53 
64118.20 21239.28 
64168.22 21256.03 
64218.23 21272.78 
64268.25 21289.52 
64318.27 21306.27 
64368.28 21323.02 
64418.30 21339.77 
64468.31 21356.52 
64518.33 21373.26 
64568.35 21389.49 
64618.36 21402.88 
64668.38 21416.28 
64718.39 21429.68 
64768.41 21443.08 
64818.43 21456.48 
64868.44 21469.88 
64918.46 21483.27 
64968.47 21496.67 
65018.49 21510.07 
65068.51 21517.38 
65118.52 21521.25 
65168.54 21525.11 
65218.55 21528.98 
65268.57 21532.84 
65318.59 21536.71 
65368.60 21540.57 
65418.62 21544.44 
65468.63 21546.80 
65518.65 21546.80 
65568.66 21552.02 
65618.68 21562.79 
65668.70 21573.55 
65718.71 21584.32 
65768.73 21595.09 
65818.74 21605.85 
65868.76 21616.62 
65918.78 21627.39 
65968.79 21638.15 
66018.81 21647.22 
66068.82 21655.15 
66118.84 21663.09 
66168.86 21671.02 
66218.87 21678.95 
66268.89 21686.89 
66318.90 21694.82 
66368.92 21702.75 
66418.94 21710.69 
66468.95 21718.62 
66518.97 21726.55 
66568.98 21734.49 
66619.00 21743.57 
66669.02 21753.62 
66719.03 21763.66 
66769.05 21773.71 
66819.06 21783.76 
66869.08 21793.81 
66919.09 21803.86 
66969.11 21813.91 
67019.13 21823.96 
67069.14 21834.19 
67119.16 21851.92 
67169.17 21869.65 
67219.19 21887.39 
67269.21 21905.12 
67319.22 21922.85 
67369.24 21940.59 
67419.25 21958.32 
67469.27 21976.05 
67519.29 21993.78 
67569.30 22011.52 
67619.32 22032.17 
67669.33 22062.31 
67719.35 22092.46 
67769.37 22122.61 
67819.38 22152.75 
67869.40 22182.90 
67919.41 22213.05 
67969.43 22243.19 
68019.44 22273.34 
68069.46 22303.49 
68119.48 22333.63 
68169.49 22363.78 
68219.51 22393.93 
68269.52 22424.07 
68319.54 22454.22 
68369.56 22484.37 
68419.57 22510.33 
68469.59 22529.17 
68519.60 22548.02 
68569.62 22566.86 
68619.64 22585.70 
68669.65 22604.54 
68719.67 22623.38 
68769.68 22642.22 
68819.70 22661.07 
68869.72 22679.91 
68919.73 22698.75 
68969.75 22717.59 
69019.76 22736.43 
69069.78 22755.27 
69119.80 22774.12 
69169.81 22791.81 
69219.83 22802.39 
69269.84 22812.96 
69319.86 22823.54 
69369.87 22834.12 
69419.89 22844.70 
69469.91 22855.27 
69519.92 22865.85 
69569.94 22876.43 
69619.95 22887.01 
69669.97 22897.58 
69719.99 22908.16 
69770.00 22918.79 
69820.02 22929.95 
69870.03 22941.12 
69920.05 22952.28 
69970.07 22963.45 
70020.08 22974.62 
70070.10 22989.48 
70120.11 23010.63 
70170.13 23031.79 
70220.15 23052.94 
70270.16 23074.10 
70320.18 23095.25 
70370.19 23116.41 
70420.21 23137.57 
70470.23 23158.72 
70520.24 23179.88 
70570.26 23201.03 
70620.27 23222.19 
70670.29 23245.19 
70720.30 23272.24 
70770.32 23299.30 
70820.34 23326.35 
70870.35 23353.40 
70920.37 23380.46 
70970.38 23407.51 
71020.40 23434.57 
71070.42 23461.64 
71120.43 23489.05 
71170.45 23516.46 
71220.46 23543.86 
71270.48 23571.27 
71320.50 23598.67 
71370.51 23626.08 
71420.53 23653.07 
71470.54 23675.40 
71520.56 23697.73 
71570.58 23720.06 
71620.59 23742.39 
71670.61 23764.72 
71720.62 23787.65 
71770.64 23811.57 
71820.65 23835.50 
71870.67 23859.42 
71920.69 23883.35 
71970.70 23907.28 
72020.72 23931.20 
72070.73 23955.13 
72120.75 23979.05 
72170.77 24002.98 
72220.78 24026.90 
72270.80 24050.83 
72320.81 24074.76 
72370.83 24098.23 
72420.85 24111.76 
72470.86 24125.28 
72520.88 24138.81 
72570.89 24152.34 
72620.91 24165.87 
72670.93 24179.39 
72720.94 24192.92 
72770.96 24206.45 
72820.97 24219.97 
72870.99 24233.50 
72921.01 24247.03 
72971.02 24260.56 
73021.04 24274.08 
73071.05 24287.61 
73121.07 24301.14 
73171.08 24314.67 
73221.10 24342.69 
73271.12 24382.89 
73321.13 24423.08 
73371.15 24463.28 
73421.16 24503.47 
73471.18 24543.67 
73521.20 24580.89 
73571.21 24606.01 
73621.23 24631.13 
73671.24 24656.25 
73721.26 24681.38 
73771.28 24708.32 
73821.29 24748.51 
73871.31 24788.71 
73921.32 24828.90 
73971.34 24869.10 
74021.36 24909.29 
74071.37 24949.49 
74121.39 24989.69 
74171.40 25029.88 
74221.42 25070.08 
74271.44 25102.71 
74321.45 25130.35 
74371.47 25157.98 
74421.48 25185.62 
74471.50 25213.25 
74521.51 25240.89 
74571.53 25268.52 
74621.55 25296.15 
74671.56 25323.79 
74721.58 25351.42 
74771.59 25379.06 
74821.61 25406.69 
74871.63 25434.33 
74921.64 25464.75 
74971.66 25495.46 
75021.67 25526.16 
75071.69 25556.87 
75121.71 25587.57 
75171.72 25618.28 
75221.74 25648.98 
75271.75 25679.69 
75321.77 25710.39 
75371.79 25741.10 
75421.80 25771.80 
75471.82 25798.26 
75521.83 25820.24 
75571.85 25842.23 
75621.86 25864.21 
75671.88 25886.19 
75721.90 25908.17 
75771.91 25930.15 
75821.93 25952.14 
75871.94 25974.12 
75921.96 25996.10 
75971.98 26013.24 
76021.99 26020.69 
76072.01 26028.13 
76122.02 26035.57 
76172.04 26043.02 
76222.06 26050.46 
76272.07 26057.91 
76322.09 26065.35 
76372.10 26072.79 
76422.12 26080.24 
76472.14 26087.68 
76522.15 26095.12 
76572.17 26102.57 
76622.18 26110.01 
76672.20 26117.45 
76722.22 26124.90 
76772.23 26132.34 
76822.25 26140.37 
76872.26 26150.77 
76922.28 26161.16 
76972.29 26171.56 
77022.31 26181.95 
77072.33 26192.35 
77122.34 26202.74 
77172.36 26213.14 
77222.37 26223.53 
77272.39 26233.93 
77322.41 26244.32 
77372.42 26254.72 
77422.44 26265.11 
77472.45 26275.51 
77522.47 26285.91 
77572.49 26296.30 
77622.50 26306.70 
77672.52 26317.09 
77722.53 26327.49 
77772.55 26345.95 
77822.57 26366.51 
77872.58 26387.06 
77922.60 26407.62 
77972.61 26428.17 
78022.63 26448.73 
78072.65 26469.28 
78122.66 26489.84 
78172.68 26510.39 
78222.69 26530.94 
78272.71 26551.50 
78322.72 26572.05 
78372.74 26592.61 
78422.76 26613.16 
78472.77 26630.55 
78522.79 26647.29 
78572.80 26664.04 
78622.82 26680.79 
78672.84 26697.54 
78722.85 26714.29 
78772.87 26731.03 
78822.88 26747.78 
78872.90 26764.53 
78922.92 26781.28 
78972.93 26798.03 
79022.95 26816.34 
79072.96 26836.89 
79122.98 26857.44 
79173.00 26878.00 
79223.01 26898.55 
79273.03 26919.11 
79323.04 26939.66 
79373.06 26960.22 
79423.07 26980.77 
79473.09 27001.33 
79523.11 27021.88 
79573.12 27042.44 
79623.14 27062.99 
79673.15 27083.54 
79723.17 27100.51 
79773.19 27113.07 
79823.20 27125.63 
79873.22 27138.19 
79923.23 27150.75 
79973.25 27163.32 
80023.27 27175.88 
80073.28 27188.44 
80123.30 27201.00 
80173.31 27213.56 
80223.33 27226.12 
80273.35 27238.68 
80323.36 27251.24 
80373.38 27259.73 
80423.39 27266.91 
80473.41 27274.09 
80523.43 27281.26 
80573.44 27288.44 
80623.46 27295.62 
80673.47 27302.80 
80723.49 27309.98 
80773.50 27317.15 
80823.52 27322.05 
80873.54 27326.62 
80923.55 27331.19 
80973.57 27335.76 
81023.58 27340.32 
81073.60 27344.89 
81123.62 27349.46 
81173.63 27354.03 
81223.65 27358.60 
81273.66 27363.16 
81323.68 27367.73 
81373.70 27372.30 
81423.71 27376.87 
81473.73 27381.43 
81523.74 27381.84 
81573.76 27381.84 
81623.78 27381.84 
81673.79 27381.84 
81723.81 27381.84 
81773.82 27381.84 
81823.84 27381.84 
81873.86 27381.84 
81923.87 27381.84 
81973.89 27381.84 
82023.90 27381.84 
82073.92 27381.84 
82123.93 27381.84 
82173.95 27381.84 
82223.97 27381.84 
82273.98 27381.84 
82324.00 27381.84 
82374.01 27381.84 
82424.03 27381.84 
82474.05 27381.84 
82524.06 27381.84 
82574.08 27381.36 
82624.09 27379.93 
82674.11 27378.49 
82724.13 27377.06 
82774.14 27375.62 
82824.16 27374.18 
82874.17 27372.75 
82924.19 27371.31 
82974.21 27369.88 
83024.22 27368.44 
83074.24 27367.01 
83124.25 27365.57 
83174.27 27364.14 
83224.28 27362.70 
83274.30 27361.26 
83324.32 27359.83 
83374.33 27358.39 
83424.35 27356.96 
83474.36 27355.52 
83524.38 27354.09 
83574.40 27352.65 
83624.41 27351.22 
83674.43 27348.14 
83724.44 27333.36 
83774.46 27318.59 
83824.48 27303.81 
83874.49 27289.03 
83924.51 27274.25 
83974.52 27259.48 
84024.54 27244.70 
84074.56 27229.92 
84124.57 27215.14 
84174.59 27200.37 
84224.60 27185.73 
84274.62 27171.37 
84324.64 27157.02 
84374.65 27142.66 
84424.67 27128.31 
84474.68 27114.53 
84524.70 27100.83 
84574.71 27087.13 
84624.73 27073.42 
84674.75 27059.72 
84724.76 27046.02 
84774.78 27032.32 
84824.79 27031.10 
84874.81 27031.10 
84924.83 27031.10 
84974.84 27031.10 
85024.86 27031.10 
85074.87 27031.10 
85124.89 27031.10 
85174.91 27032.45 
85224.92 27037.02 
85274.94 27041.59 
85324.95 27046.16 
85374.97 27050.72 
85424.99 27055.29 
85475.00 27059.86 
85525.02 27066.95 
85575.03 27079.51 
85625.05 27092.07 
85675.07 27104.63 
85725.08 27117.19 
85775.10 27136.35 
85825.11 27176.54 
85875.13 27216.74 
85925.14 27256.93 
85975.16 27297.13 
86025.18 27337.32 
86075.19 27377.52 
86125.21 27413.49 
86175.22 27448.96 
86225.24 27484.43 
86275.26 27519.89 
86325.27 27555.36 
86375.29 27590.83 
86425.30 27626.29 
86475.32 27661.76 
86525.34 27697.22 
86575.35 27732.69 
86625.37 27767.77 
86675.38 27799.50 
86725.40 27831.24 
86775.42 27862.97 
86825.43 27894.70 
86875.45 27926.44 
86925.46 27958.17 
86975.48 27989.90 
87025.49 28021.64 
87075.51 28053.37 
87125.53 28085.10 
87175.54 28116.83 
87225.56 28148.47 
87275.57 28178.02 
87325.59 28207.58 
87375.61 28237.13 
87425.62 28266.69 
87475.64 28296.24 
87525.65 28325.80 
87575.67 28355.35 
87625.69 28384.91 
87675.70 28414.47 
87725.72 28444.02 
87775.73 28469.97 
87825.75 28485.57 
87875.77 28501.16 
87925.78 28516.75 
87975.80 28532.34 
88025.81 28547.94 
88075.83 28563.53 
88125.85 28579.12 
88175.86 28594.72 
88225.88 28610.31 
88275.89 28625.90 
88325.91 28641.50 
88375.92 28657.09 
88425.94 28672.68 
88475.96 28688.27 
88525.97 28703.87 
88575.99 28719.46 
88626.00 28735.05 
88676.02 28750.65 
88726.04 28766.03 
88776.05 28781.39 
88826.07 28796.74 
88876.08 28812.09 
88926.10 28827.44 
88976.12 28842.80 
89026.13 28858.15 
89076.15 28873.50 
89126.16 28888.85 
89176.18 28904.21 
89226.20 28919.56 
89276.21 28934.91 
89326.23 28950.26 
89376.24 28965.62 
89426.26 28980.97 
89476.28 28996.32 
89526.29 29011.67 
89576.31 29027.03 
89626.32 29042.38 
89676.34 29057.73 
89726.35 29073.08 
89776.37 29088.43 
89826.39 29103.78 
89876.40 29118.24 
89926.42 29132.69 
89976.43 29147.15 
90026.45 29161.60 
90076.47 29176.06 
90126.48 29190.52 
90176.50 29204.97 
90226.51 29219.43 
90276.53 29233.88 
90326.55 29248.34 
90376.56 29262.80 
90426.58 29277.25 
90476.59 29291.71 
90526.61 29306.17 
90576.63 29320.62 
90626.64 29335.08 
90676.66 29352.83 
90726.67 29375.16 
90776.69 29397.49 
90826.70 29419.82 
90876.72 29442.15 
90926.74 29464.48 
90976.75 29486.81 
91026.77 29509.14 
91076.78 29531.47 
91126.80 29553.81 
91176.82 29576.14 
91226.83 29589.06 
91276.85 29601.38 
91326.86 29613.71 
91376.88 29626.03 
91426.90 29638.36 
91476.91 29650.68 
91526.93 29663.00 
91576.94 29675.33 
91626.96 29687.65 
91676.98 29699.98 
91726.99 29712.30 
91777.01 29724.62 
91827.02 29736.95 
91877.04 29749.27 
91927.06 29761.60 
91977.07 29773.92 
92027.09 29786.24 
92077.10 29798.57 
92127.12 29810.89 
92177.13 29823.22 
92227.15 29833.48 
92277.17 29840.27 
92327.18 29847.06 
92377.20 29853.85 
92427.21 29860.64 
92477.23 29867.43 
92527.25 29874.22 
92577.26 29881.01 
92627.28 29887.80 
92677.29 29894.59 
92727.31 29901.38 
92777.33 29908.17 
92827.34 29914.96 
92877.36 29921.75 
92927.37 29928.57 
92977.39 29937.71 
93027.41 29946.84 
93077.42 29955.98 
93127.44 29965.11 
93177.45 29974.25 
93227.47 29983.38 
93277.49 29992.52 
93327.50 30001.65 
93377.52 30010.79 
93427.53 30019.92 
93477.55 30029.06 
93527.56 30038.19 
93577.58 30047.33 
93627.60 30056.46 
93677.61 30065.60 
93727.63 30074.74 
93777.64 30083.87 
93827.66 30093.01 
93877.68 30102.14 
93927.69 30111.28 
93977.71 30120.41 
94027.72 30129.55 
94077.74 30138.68 
94127.76 30147.82 
94177.77 30156.95 
94227.79 30166.09 
94277.80 30175.22 
94327.82 30184.36 
94377.84 30193.49 
94427.85 30203.53 
94477.87 30219.61 
94527.88 30235.69 
94577.90 30251.77 
94627.92 30267.84 
94677.93 30283.92 
94727.95 30300.00 
94777.96 30316.08 
94827.98 30332.16 
94877.99 30348.23 
94928.01 30360.93 
94978.03 30369.11 
95028.04 30377.29 
95078.06 30385.47 
95128.07 30393.65 
95178.09 30401.83 
95228.11 30410.01 
95278.12 30418.19 
95328.14 30426.37 
95378.15 30434.55 
95428.17 30442.73 
95478.19 30450.91 
95528.20 30459.09 
95578.22 30467.27 
95628.23 30475.44 
95678.25 30483.62 
95728.27 30491.80 
95778.28 30499.80 
95828.30 30507.73 
95878.31 30515.67 
95928.33 30523.60 
95978.34 30531.53 
96028.36 30539.47 
96078.38 30547.40 
96128.39 30556.11 
96178.41 30566.16 
96228.42 30576.21 
96278.44 30586.26 
96328.46 30596.30 
96378.47 30606.35 
96428.49 30619.61 
96478.50 30635.54 
96528.52 30651.47 
96578.54 30667.40 
96628.55 30683.33 
96678.57 30699.26 
96728.58 30715.19 
96778.60 30731.13 
96828.62 30747.06 
96878.63 30762.99 
96928.65 30778.92 
96978.66 30794.85 
97028.68 30810.78 
97078.70 30826.71 
97128.71 30842.64 
97178.73 30858.57 
97228.74 30873.37 
97278.76 30887.50 
97328.77 30901.63 
97378.79 30915.76 
97428.81 30929.89 
97478.82 30944.02 
97528.84 30958.15 
97578.85 30972.28 
97628.87 30986.41 
97678.89 31000.55 
97728.90 31014.68 
97778.92 31028.81 
97828.93 31042.99 
97878.95 31057.34 
97928.97 31071.70 
97978.98 31086.05 
98029.00 31100.41 
98079.01 31114.77 
98129.03 31129.12 
98179.05 31143.48 
98229.06 31157.83 
98279.08 31172.19 
98329.09 31186.54 
98379.11 31200.71 
98429.13 31214.53 
98479.14 31228.34 
98529.16 31242.16 
98579.17 31255.98 
98629.19 31269.80 
98679.20 31283.61 
98729.22 31297.43 
98779.24 31311.25 
98829.25 31325.07 
98879.27 31338.88 
98929.28 31352.70 
98979.30 31366.52 
99029.32 31380.33 
99079.33 31394.15 
99129.35 31407.97 
99179.36 31420.75 
99229.38 31433.31 
99279.40 31445.87 
99329.41 31458.43 
99379.43 31470.99 
99429.44 31483.55 
99479.46 31496.12 
99529.48 31508.68 
99579.49 31521.24 
99629.51 31533.80 
99679.52 31546.36 
99729.54 31558.92 
99779.55 31571.48 
99829.57 31584.04 
99879.59 31596.60 
99929.60 31609.16 
99979.62 31621.73 
100029.63 31633.24 
100079.65 31644.41 
100129.67 31655.57 
100179.68 31666.74 
100229.70 31677.90 
100279.71 31689.07 
100329.73 31700.23 
100379.75 31709.06 
100429.76 31717.17 
100479.78 31725.27 
100529.79 31733.37 
100579.81 31741.48 
100629.83 31749.58 
100679.84 31757.68 
100729.86 31765.79 
100779.87 31773.89 
100829.89 31782.00 
100879.91 31790.10 
100929.92 31798.20 
100979.94 31807.50 
101029.95 31817.22 
101079.97 31826.95 
101129.98 31836.67 
101180.00 31846.40 
101230.02 31856.12 
101280.03 31865.84 
101330.05 31875.57 
101380.06 31885.29 
101430.08 31895.02 
101480.10 31904.74 
101530.11 31914.47 
101580.13 31923.39 
101630.14 31931.97 
101680.16 31940.54 
101730.18 31949.12 
101780.19 31957.70 
101830.21 31966.28 
101880.22 31974.86 
101930.24 31983.44 
101980.26 31992.01 
102030.27 32000.59 
102080.29 32009.17 
102130.30 32017.75 
102180.32 32026.33 
102230.34 32034.91 
102280.35 32043.48 
102330.37 32052.06 
102380.38 32059.08 
102430.40 32065.70 
102480.41 32072.31 
102530.43 32078.92 
102580.45 32085.53 
102630.46 32092.14 
102680.48 32098.75 
102730.49 32105.36 
102780.51 32111.97 
102830.53 32118.58 
102880.54 32125.20 
102930.56 32131.81 
102980.57 32138.42 
103030.59 32145.03 
103080.61 32151.35 
103130.62 32151.35 
103180.64 32151.35 
103230.65 32151.35 
103280.67 32151.35 
103330.69 32151.35 
103380.70 32151.35 
103430.72 32151.35 
103480.73 32151.35 
103530.75 32151.35 
103580.76 32151.35 
103630.78 32151.35 
103680.80 32151.46 
103730.81 32160.08 
103780.83 32168.69 
103830.84 32177.30 
103880.86 32185.92 
103930.88 32194.53 
103980.89 32203.14 
104030.91 32211.76 
104080.92 32220.37 
104130.94 32228.98 
104180.96 32237.60 
104230.97 32246.21 
104280.99 32254.82 
104331.00 32263.44 
104381.02 32273.15 
104431.04 32284.31 
104481.05 32295.48 
104531.07 32306.64 
104581.08 32317.81 
104631.10 32328.97 
104681.12 32340.14 
104731.13 32351.30 
104781.15 32362.47 
104831.16 32373.63 
104881.18 32384.80 
104931.19 32395.97 
104981.21 32407.13 
105031.23 32418.30 
105081.24 32429.46 
105131.26 32440.63 
105181.27 32451.79 
105231.29 32462.96 
105281.31 32467.38 
105331.32 32471.57 
105381.34 32475.76 
105431.35 32479.94 
105481.37 32484.13 
105531.39 32488.32 
105581.40 32492.50 
105631.42 32496.69 
105681.43 32500.88 
105731.45 32509.71 
105781.47 32521.01 
105831.48 32532.32 
105881.50 32543.62 
105931.51 32554.93 
105981.53 32566.23 
106031.55 32577.54 
106081.56 32588.84 
106131.58 32600.15 
106181.59 32611.45 
106231.61 32622.75 
106281.62 32634.06 
106331.64 32645.36 
106381.66 32656.67 
106431.67 32667.97 
