 16.12 4581.66 
 66.14 4590.44 
116.16 4598.45 
166.18 4606.46 
216.19 4614.47 
266.21 4622.48 
316.23 4630.48 
366.25 4636.06 
416.26 4638.52 
466.28 4640.98 
516.30 4643.44 
566.32 4645.90 
616.33 4648.36 
666.35 4650.48 
716.37 4652.15 
766.39 4653.83 
816.40 4655.51 
866.42 4657.18 
916.44 4658.86 
966.46 4660.54 
1016.48 4660.83 
1066.49 4660.83 
1116.51 4660.83 
1166.53 4660.83 
1216.55 4660.83 
1266.56 4660.83 
1316.58 4660.83 
1366.60 4660.83 
1416.62 4660.83 
1466.63 4660.83 
1516.65 4660.83 
1566.67 4660.83 
1616.69 4660.83 
1666.70 4660.83 
1716.72 4660.83 
1766.74 4662.59 
1816.76 4666.02 
1866.78 4669.45 
1916.79 4672.89 
1966.81 4676.32 
2016.83 4679.75 
2066.85 4683.16 
2116.86 4686.19 
2166.88 4689.21 
2216.90 4692.24 
2266.92 4695.27 
2316.93 4698.30 
2366.95 4701.32 
2416.97 4704.35 
2466.99 4707.38 
2517.00 4710.41 
2567.02 4712.62 
2617.04 4712.95 
2667.06 4713.27 
2717.08 4713.59 
2767.09 4713.92 
2817.11 4714.24 
2867.13 4714.57 
2917.15 4714.89 
2967.16 4715.21 
3017.18 4715.54 
3067.20 4715.86 
3117.22 4716.18 
3167.23 4716.62 
3217.25 4717.06 
3267.27 4717.51 
3317.29 4717.96 
3367.30 4718.41 
3417.32 4718.85 
3467.34 4719.30 
3517.36 4719.75 
3567.38 4720.63 
3617.39 4721.76 
3667.41 4722.90 
3717.43 4724.04 
3767.45 4725.17 
3817.46 4726.31 
3867.48 4727.44 
3917.50 4728.58 
3967.52 4729.71 
4017.53 4730.85 
4067.55 4730.99 
4117.57 4730.99 
4167.59 4730.99 
4217.60 4730.99 
4267.62 4730.99 
4317.64 4730.99 
4367.66 4730.99 
4417.68 4730.99 
4467.69 4730.99 
4517.71 4730.99 
4567.73 4730.99 
4617.75 4732.13 
4667.76 4733.38 
4717.78 4734.63 
4767.80 4735.89 
4817.82 4737.14 
4867.83 4738.39 
4917.85 4739.64 
4967.87 4740.89 
5017.89 4742.43 
5067.90 4748.99 
5117.92 4755.55 
5167.94 4762.11 
5217.96 4768.67 
5267.98 4778.19 
5317.99 4790.14 
5368.01 4802.09 
5418.03 4814.04 
5468.05 4825.98 
5518.06 4838.11 
5568.08 4850.69 
5618.10 4863.26 
5668.12 4875.83 
5718.13 4888.40 
5768.15 4900.97 
5818.17 4913.55 
5868.19 4929.21 
5918.20 4947.52 
5968.22 4965.82 
6018.24 4984.13 
6068.26 5002.43 
6118.28 5020.74 
6168.29 5039.57 
6218.31 5064.17 
6268.33 5088.77 
6318.35 5113.36 
6368.36 5137.96 
6418.38 5153.99 
6468.40 5163.83 
6518.42 5173.67 
6568.43 5183.51 
6618.45 5193.35 
6668.47 5198.65 
6718.49 5194.55 
6768.50 5190.45 
6818.52 5183.65 
6868.54 5175.22 
6918.56 5166.78 
6968.58 5158.35 
7018.59 5149.92 
7068.61 5144.02 
7118.63 5142.45 
7168.65 5140.89 
7218.66 5139.33 
7268.68 5137.77 
7318.70 5136.21 
7368.72 5134.64 
7418.73 5134.54 
7468.75 5135.87 
7518.77 5137.20 
7568.79 5138.53 
7618.80 5139.86 
7668.82 5141.19 
7718.84 5142.46 
7768.86 5143.35 
7818.88 5144.24 
7868.89 5145.14 
7918.91 5146.03 
7968.93 5146.93 
8018.95 5147.82 
8068.96 5148.72 
8118.98 5149.61 
8169.00 5150.51 
8219.02 5154.51 
8269.03 5159.97 
8319.05 5165.44 
8369.07 5170.90 
8419.09 5176.37 
8469.10 5181.84 
8519.12 5189.61 
8569.14 5199.81 
8619.16 5210.01 
8669.18 5220.21 
8719.19 5230.40 
8769.21 5240.60 
8819.23 5250.80 
8869.25 5261.91 
8919.26 5274.21 
8969.28 5286.51 
9019.30 5298.81 
9069.32 5311.11 
9119.33 5318.53 
9169.35 5322.96 
9219.37 5327.39 
9269.39 5331.82 
9319.40 5336.24 
9369.42 5340.67 
9419.44 5345.10 
9469.46 5349.53 
9519.48 5353.92 
9569.49 5356.44 
9619.51 5358.96 
9669.53 5361.49 
9719.55 5364.01 
9769.56 5366.53 
9819.58 5369.05 
9869.60 5372.62 
9919.62 5378.50 
9969.63 5384.38 
10019.65 5390.27 
10069.67 5396.15 
10119.69 5402.03 
10169.70 5407.91 
10219.72 5413.79 
10269.74 5419.20 
10319.76 5423.88 
10369.78 5428.57 
10419.79 5433.25 
10469.81 5437.94 
10519.83 5442.62 
10569.85 5447.31 
10619.86 5451.42 
10669.88 5452.78 
10719.90 5454.15 
10769.92 5455.51 
10819.93 5456.88 
10869.95 5458.25 
10919.97 5459.61 
10969.99 5457.74 
11020.00 5455.81 
11070.02 5453.88 
11120.04 5451.96 
11170.06 5450.03 
11220.08 5448.10 
11270.09 5446.17 
11320.11 5444.24 
11370.13 5441.64 
11420.15 5436.54 
11470.16 5431.43 
11520.18 5426.33 
11570.20 5421.22 
11620.22 5416.12 
11670.23 5411.01 
11720.25 5405.91 
11770.27 5400.80 
11820.29 5395.96 
11870.30 5393.64 
11920.32 5391.32 
11970.34 5389.00 
12020.36 5386.68 
12070.38 5384.36 
12120.39 5382.04 
12170.41 5379.72 
12220.43 5377.40 
12270.45 5375.07 
12320.46 5379.40 
12370.48 5383.87 
12420.50 5388.34 
12470.52 5392.81 
12520.53 5397.28 
12570.55 5402.88 
12620.57 5411.08 
12670.59 5419.28 
12720.60 5427.48 
12770.62 5435.68 
12820.64 5443.87 
12870.66 5452.16 
12920.68 5461.15 
12970.69 5470.13 
13020.71 5479.12 
13070.73 5488.11 
13120.75 5497.10 
13170.76 5506.08 
13220.78 5515.07 
13270.80 5524.06 
13320.82 5532.80 
13370.83 5540.33 
13420.85 5547.86 
13470.87 5555.39 
13520.89 5562.92 
13570.90 5570.45 
13620.92 5577.98 
13670.94 5585.51 
13720.96 5593.04 
13770.98 5601.93 
13820.99 5611.30 
13871.01 5620.67 
13921.03 5630.04 
13971.05 5639.41 
14021.06 5648.78 
14071.08 5658.15 
14121.10 5670.21 
14171.12 5684.84 
14221.13 5699.47 
14271.15 5714.09 
14321.17 5728.72 
14371.19 5743.34 
14421.20 5757.66 
14471.22 5770.26 
14521.24 5782.86 
14571.26 5795.46 
14621.28 5808.06 
14671.29 5820.66 
14721.31 5833.26 
14771.33 5845.86 
14821.35 5858.47 
14871.36 5871.08 
14921.38 5883.70 
14971.40 5896.31 
15021.42 5908.92 
15071.43 5921.54 
15121.45 5931.16 
15171.47 5936.08 
15221.49 5941.00 
15271.50 5945.92 
15321.52 5950.84 
15371.54 5955.76 
15421.56 5958.87 
15471.58 5958.87 
15521.59 5958.87 
15571.61 5958.87 
15621.63 5958.87 
15671.65 5958.87 
15721.66 5958.87 
15771.68 5958.87 
15821.70 5955.19 
15871.72 5951.41 
15921.73 5947.62 
15971.75 5943.84 
16021.77 5940.05 
16071.79 5936.27 
16121.80 5931.78 
16171.82 5925.34 
16221.84 5918.90 
16271.86 5912.46 
16321.88 5906.02 
16371.89 5899.57 
16421.91 5893.13 
16471.93 5886.79 
16521.95 5882.95 
16571.96 5879.11 
16621.98 5875.26 
16672.00 5871.42 
16722.02 5867.58 
16772.03 5866.99 
16822.05 5869.23 
16872.07 5871.46 
16922.09 5873.70 
16972.10 5875.93 
17022.12 5878.17 
17072.14 5886.03 
17122.16 5894.82 
17172.18 5903.60 
17222.19 5912.39 
17272.21 5921.17 
17322.23 5929.96 
17372.25 5938.74 
17422.26 5946.18 
17472.28 5952.85 
17522.30 5959.52 
17572.32 5966.19 
17622.33 5972.86 
17672.35 5979.53 
17722.37 5986.21 
17772.39 5992.88 
17822.40 5999.55 
17872.42 6006.22 
17922.44 6012.59 
17972.46 6018.66 
18022.48 6024.73 
18072.49 6030.80 
18122.51 6036.87 
18172.53 6042.94 
18222.55 6049.01 
18272.56 6055.08 
18322.58 6061.15 
18372.60 6067.22 
18422.62 6073.29 
18472.63 6079.36 
18522.65 6085.43 
18572.67 6091.56 
18622.69 6097.88 
18672.70 6104.21 
18722.72 6110.53 
18772.74 6116.86 
18822.76 6123.18 
18872.78 6129.51 
18922.79 6135.83 
18972.81 6142.16 
19022.83 6148.48 
19072.85 6154.81 
19122.86 6161.13 
19172.88 6167.33 
19222.90 6173.00 
19272.92 6178.68 
19322.93 6184.35 
19372.95 6190.03 
19422.97 6195.71 
19472.99 6201.38 
19523.00 6207.06 
19573.02 6212.74 
19623.04 6218.41 
19673.06 6224.09 
19723.08 6229.79 
19773.09 6236.57 
19823.11 6243.36 
19873.13 6250.14 
19923.15 6256.93 
19973.16 6263.72 
20023.18 6270.50 
20073.20 6277.29 
20123.22 6284.07 
20173.23 6290.86 
20223.25 6297.64 
20273.27 6304.43 
20323.29 6311.21 
20373.30 6318.00 
20423.32 6324.78 
20473.34 6331.61 
20523.36 6339.04 
20573.38 6346.47 
20623.39 6353.90 
20673.41 6361.33 
20723.43 6368.76 
20773.45 6376.19 
20823.46 6383.62 
20873.48 6391.05 
20923.50 6398.48 
20973.52 6405.91 
21023.53 6413.34 
21073.55 6420.77 
21123.57 6428.20 
21173.59 6435.63 
21223.60 6443.06 
21273.62 6450.49 
21323.64 6457.40 
21373.66 6463.87 
21423.68 6470.34 
21473.69 6476.81 
21523.71 6483.28 
21573.73 6489.75 
21623.75 6496.22 
21673.76 6502.69 
21723.78 6509.16 
21773.80 6515.64 
21823.82 6523.02 
21873.83 6530.40 
21923.85 6537.77 
21973.87 6545.15 
22023.89 6552.53 
22073.90 6559.91 
22123.92 6567.29 
22173.94 6574.67 
22223.96 6582.07 
22273.98 6589.64 
22323.99 6597.21 
22374.01 6604.77 
22424.03 6612.34 
22474.05 6619.91 
22524.06 6627.48 
22574.08 6635.05 
22624.10 6642.61 
22674.12 6650.18 
22724.13 6658.88 
22774.15 6667.77 
22824.17 6676.67 
22874.19 6685.57 
22924.20 6694.46 
22974.22 6703.36 
23024.24 6712.26 
23074.26 6721.15 
23124.28 6731.32 
23174.29 6742.87 
23224.31 6754.41 
23274.33 6765.96 
23324.35 6777.50 
23374.36 6789.05 
23424.38 6800.59 
23474.40 6812.14 
23524.42 6823.69 
23574.43 6835.99 
23624.45 6848.54 
23674.47 6861.09 
23724.49 6873.64 
23774.50 6886.19 
23824.52 6898.74 
23874.54 6911.29 
23924.56 6923.83 
23974.58 6936.20 
24024.59 6942.80 
24074.61 6949.40 
24124.63 6956.00 
24174.65 6962.60 
24224.66 6969.20 
24274.68 6975.79 
24324.70 6982.39 
24374.72 6987.31 
24424.73 6991.62 
24474.75 6995.92 
24524.77 7000.23 
24574.79 7004.53 
24624.80 7008.84 
24674.82 7013.14 
24724.84 7018.67 
24774.86 7024.97 
24824.88 7031.28 
24874.89 7037.59 
24924.91 7043.89 
24974.93 7050.20 
25024.95 7056.51 
25074.96 7057.68 
25124.98 7056.27 
25175.00 7054.87 
25225.02 7053.46 
25275.03 7052.06 
25325.05 7050.65 
25375.07 7047.95 
25425.09 7043.56 
25475.10 7039.17 
25525.12 7034.77 
25575.14 7030.38 
25625.16 7024.17 
25675.18 7015.71 
25725.19 7007.25 
25775.21 6998.80 
25825.23 6990.34 
25875.25 6981.89 
25925.26 6968.03 
25975.28 6952.37 
26025.30 6936.72 
26075.32 6921.07 
26125.33 6905.41 
26175.35 6889.76 
26225.37 6885.55 
26275.39 6882.96 
26325.40 6880.38 
26375.42 6877.79 
26425.44 6875.20 
26475.46 6872.61 
26525.48 6870.66 
26575.49 6873.90 
26625.51 6877.13 
26675.53 6880.37 
26725.55 6883.61 
26775.56 6886.84 
26825.58 6890.08 
26875.60 6893.90 
26925.62 6898.82 
26975.63 6903.74 
27025.65 6908.65 
27075.67 6913.57 
27125.69 6918.49 
27175.70 6923.41 
27225.72 6927.51 
27275.74 6928.74 
27325.76 6929.97 
27375.78 6931.20 
27425.79 6932.43 
27475.81 6933.66 
27525.83 6934.89 
27575.85 6935.70 
27625.86 6932.77 
27675.88 6929.84 
27725.90 6926.91 
27775.92 6923.99 
27825.93 6921.06 
27875.95 6918.13 
27925.97 6915.20 
27975.99 6915.15 
28026.00 6916.85 
28076.02 6918.55 
28126.04 6920.24 
28176.06 6921.94 
28226.08 6926.30 
28276.09 6933.79 
28326.11 6941.27 
28376.13 6948.76 
28426.15 6959.01 
28476.16 6974.09 
28526.18 6989.16 
28576.20 7004.24 
28626.22 7019.32 
28676.23 7034.39 
28726.25 7053.11 
28776.27 7072.48 
28826.29 7091.86 
28876.30 7111.24 
28926.32 7130.62 
28976.34 7150.00 
29026.36 7180.87 
29076.38 7212.09 
29126.39 7243.31 
29176.41 7274.52 
29226.43 7303.85 
29276.45 7329.52 
29326.46 7355.18 
29376.48 7380.85 
29426.50 7401.91 
29476.52 7408.82 
29526.53 7415.74 
29576.55 7422.66 
29626.57 7429.58 
29676.59 7436.50 
29726.60 7439.87 
29776.62 7440.34 
29826.64 7440.80 
29876.66 7441.27 
29926.68 7441.73 
29976.69 7442.19 
30026.71 7442.66 
30076.73 7443.12 
30126.75 7443.59 
30176.76 7443.31 
30226.78 7437.16 
30276.80 7431.01 
30326.82 7424.86 
30376.83 7418.71 
30426.85 7411.37 
30476.87 7395.84 
30526.89 7380.30 
30576.90 7364.77 
30626.92 7346.37 
30676.94 7326.99 
30726.96 7307.61 
30776.98 7288.23 
30826.99 7268.86 
30877.01 7249.48 
30927.03 7240.52 
30977.05 7233.14 
31027.06 7225.76 
31077.08 7218.38 
31127.10 7211.00 
31177.12 7203.62 
31227.13 7196.24 
31277.15 7192.57 
31327.17 7190.15 
31377.19 7187.73 
31427.20 7185.31 
31477.22 7182.89 
31527.24 7180.47 
31577.26 7178.05 
31627.28 7175.63 
31677.29 7173.21 
31727.31 7170.79 
31777.33 7168.38 
31827.35 7168.94 
31877.36 7169.88 
31927.38 7170.83 
31977.40 7171.78 
32027.42 7172.72 
32077.43 7173.67 
32127.45 7174.61 
32177.47 7175.56 
32227.49 7176.51 
32277.50 7180.18 
32327.52 7185.47 
32377.54 7190.77 
32427.56 7196.06 
32477.58 7201.35 
32527.59 7206.65 
32577.61 7211.94 
32627.63 7217.23 
32677.65 7222.53 
32727.66 7227.82 
32777.68 7233.11 
32827.70 7238.40 
32877.72 7243.70 
32927.73 7248.99 
32977.75 7254.59 
33027.77 7260.43 
33077.79 7266.28 
33127.80 7272.12 
33177.82 7277.96 
33227.84 7283.80 
33277.86 7289.64 
33327.88 7295.48 
33377.89 7301.33 
33427.91 7307.17 
33477.93 7313.01 
33527.95 7318.85 
33577.96 7324.69 
33627.98 7330.53 
33678.00 7336.23 
33728.02 7341.62 
33778.03 7347.01 
33828.05 7352.41 
33878.07 7357.80 
33928.09 7363.19 
33978.10 7368.58 
34028.12 7373.97 
34078.14 7379.36 
34128.16 7384.75 
34178.18 7390.14 
34228.19 7395.53 
34278.21 7400.93 
34328.23 7407.26 
34378.25 7415.56 
34428.26 7423.87 
34478.28 7432.18 
34528.30 7440.49 
34578.32 7448.80 
34628.33 7457.11 
34678.35 7465.42 
34728.37 7473.73 
34778.39 7482.04 
34828.40 7490.35 
34878.42 7498.66 
34928.44 7506.97 
34978.46 7515.49 
35028.48 7525.26 
35078.49 7535.03 
35128.51 7544.79 
35178.53 7554.56 
35228.55 7564.33 
35278.56 7574.09 
35328.58 7583.86 
35378.60 7593.63 
35428.62 7603.39 
35478.63 7613.16 
35528.65 7622.93 
35578.67 7632.68 
35628.69 7642.11 
35678.70 7651.54 
35728.72 7660.97 
35778.74 7670.39 
35828.76 7679.82 
35878.78 7689.25 
35928.79 7698.68 
35978.81 7708.11 
36028.83 7717.54 
36078.85 7726.97 
36128.86 7736.88 
36178.88 7747.68 
36228.90 7758.47 
36278.92 7769.27 
36328.93 7780.07 
36378.95 7790.86 
36428.97 7801.66 
36478.99 7812.45 
36529.00 7823.25 
36579.02 7834.05 
36629.04 7844.84 
36679.06 7855.70 
36729.08 7866.59 
36779.09 7877.47 
36829.11 7888.36 
36879.13 7899.25 
36929.15 7910.14 
36979.16 7921.02 
37029.18 7931.91 
37079.20 7942.80 
37129.22 7953.68 
37179.23 7964.57 
37229.25 7975.46 
37279.27 7989.23 
37329.29 8003.17 
37379.30 8017.11 
37429.32 8031.05 
37479.34 8044.98 
37529.36 8058.92 
37579.38 8072.86 
37629.39 8086.80 
37679.41 8100.74 
37729.43 8114.68 
37779.45 8128.61 
37829.46 8145.16 
37879.48 8165.42 
37929.50 8185.68 
37979.52 8205.93 
38029.53 8226.19 
38079.55 8246.45 
38129.57 8266.70 
38179.59 8283.29 
38229.60 8299.37 
38279.62 8315.46 
38329.64 8331.54 
38379.66 8347.62 
38429.68 8363.71 
38479.69 8379.79 
38529.71 8395.87 
38579.73 8411.95 
38629.75 8428.04 
38679.76 8441.68 
38729.78 8455.00 
38779.80 8468.33 
38829.82 8481.65 
38879.83 8494.97 
38929.85 8508.30 
38979.87 8521.62 
39029.89 8534.94 
39079.90 8548.27 
39129.92 8558.90 
39179.94 8568.12 
39229.96 8577.34 
39279.98 8586.57 
39329.99 8595.79 
39380.01 8605.01 
39430.03 8614.24 
39480.05 8623.46 
39530.06 8632.69 
39580.08 8640.44 
39630.10 8646.27 
39680.12 8652.09 
39730.13 8657.92 
39780.15 8663.75 
39830.17 8669.57 
39880.19 8675.40 
39930.20 8680.42 
39980.22 8679.91 
40030.24 8679.41 
40080.26 8678.91 
40130.28 8678.41 
40180.29 8677.91 
40230.31 8677.40 
40280.33 8676.90 
40330.35 8676.40 
40380.36 8675.90 
40430.38 8676.03 
40480.40 8676.43 
40530.42 8676.83 
40580.43 8677.22 
40630.45 8677.62 
40680.47 8678.02 
40730.49 8678.41 
40780.50 8678.81 
40830.52 8679.21 
40880.54 8679.60 
40930.56 8680.00 
40980.58 8680.40 
41030.59 8680.48 
41080.61 8680.48 
41130.63 8680.48 
41180.65 8680.48 
41230.66 8680.48 
41280.68 8680.48 
41330.70 8680.48 
41380.72 8680.48 
41430.73 8680.48 
41480.75 8680.48 
41530.77 8681.44 
41580.79 8685.78 
41630.80 8690.12 
41680.82 8694.46 
41730.84 8698.80 
41780.86 8703.14 
41830.88 8707.48 
41880.89 8711.82 
41930.91 8716.16 
41980.93 8720.50 
42030.95 8727.14 
42080.96 8736.98 
42130.98 8746.82 
42181.00 8756.66 
42231.02 8766.50 
42281.03 8776.34 
42331.05 8786.64 
42381.07 8797.18 
42431.09 8807.72 
42481.10 8818.26 
42531.12 8828.80 
42581.14 8839.34 
42631.16 8849.88 
42681.18 8872.69 
42731.19 8896.49 
42781.21 8920.30 
42831.23 8944.10 
42881.25 8967.90 
42931.26 8991.71 
42981.28 9016.87 
43031.30 9042.08 
43081.32 9067.29 
43131.33 9092.51 
43181.35 9117.72 
43231.37 9142.93 
43281.39 9168.14 
43331.40 9194.93 
43381.42 9225.84 
43431.44 9256.74 
43481.46 9287.65 
43531.48 9318.55 
43581.49 9349.45 
43631.51 9380.36 
43681.53 9411.26 
43731.55 9442.04 
43781.56 9472.79 
43831.58 9503.53 
43881.60 9534.28 
43931.62 9565.03 
43981.63 9595.77 
44031.65 9627.18 
44081.67 9658.98 
44131.69 9690.77 
44181.70 9722.57 
44231.72 9754.37 
44281.74 9786.16 
44331.76 9817.96 
44381.78 9849.75 
44431.79 9875.60 
44481.81 9899.48 
44531.83 9923.35 
44581.85 9947.22 
44631.86 9971.10 
44681.88 9994.97 
44731.90 10015.33 
44781.92 10022.90 
44831.93 10030.47 
44881.95 10038.04 
44931.97 10045.61 
44981.99 10050.97 
45032.00 10048.40 
45082.02 10045.84 
45132.04 10043.28 
45182.06 10040.72 
45232.08 10038.15 
45282.09 10035.59 
45332.11 10033.03 
45382.13 10030.47 
45432.15 10027.91 
45482.16 10026.75 
45532.18 10025.61 
45582.20 10024.46 
45632.22 10023.32 
45682.23 10022.17 
45732.25 10021.03 
45782.27 10019.89 
45832.29 10018.74 
45882.30 10017.46 
45932.32 10016.13 
45982.34 10014.80 
46032.36 10013.47 
46082.38 10012.15 
46132.39 10010.82 
46182.41 10009.49 
46232.43 10013.70 
46282.45 10021.39 
46332.46 10029.08 
46382.48 10036.76 
46432.50 10044.45 
46482.52 10052.14 
46532.53 10065.39 
46582.55 10085.07 
46632.57 10104.75 
46682.59 10124.43 
46732.60 10144.10 
46782.62 10163.78 
46832.64 10183.46 
46882.66 10202.23 
46932.68 10220.68 
46982.69 10239.13 
47032.71 10257.57 
47082.73 10276.02 
47132.75 10294.47 
47182.76 10312.92 
47232.78 10331.41 
47282.80 10350.83 
47332.82 10370.25 
47382.83 10389.67 
47432.85 10409.09 
47482.87 10428.50 
47532.89 10447.92 
47582.90 10467.34 
47632.92 10484.33 
47682.94 10500.48 
47732.96 10516.64 
47782.98 10532.80 
47832.99 10548.95 
47883.01 10567.51 
47933.03 10592.11 
47983.05 10616.71 
48033.06 10641.31 
48083.08 10665.90 
48133.10 10689.56 
48183.12 10702.91 
48233.13 10716.26 
48283.15 10729.61 
48333.17 10742.97 
48383.19 10753.15 
48433.20 10755.67 
48483.22 10758.19 
48533.24 10760.72 
48583.26 10763.24 
48633.28 10765.76 
48683.29 10764.64 
48733.31 10763.35 
48783.33 10762.05 
48833.35 10760.76 
48883.36 10759.46 
48933.38 10754.40 
48983.40 10748.11 
49033.42 10741.82 
49083.43 10735.53 
49133.45 10729.24 
49183.47 10722.94 
49233.49 10713.07 
49283.50 10702.65 
49333.52 10692.22 
49383.54 10681.80 
49433.56 10671.38 
49483.58 10660.96 
49533.59 10650.53 
49583.61 10640.11 
49633.63 10635.72 
49683.65 10632.93 
49733.66 10630.13 
49783.68 10627.34 
49833.70 10624.54 
49883.72 10621.75 
49933.73 10625.37 
49983.75 10630.92 
50033.77 10636.48 
50083.79 10642.03 
50133.80 10651.75 
50183.82 10665.24 
50233.84 10678.73 
50283.86 10692.21 
50333.88 10706.31 
50383.89 10721.96 
50433.91 10737.62 
50483.93 10753.27 
50533.95 10768.92 
50583.96 10784.57 
50633.98 10800.23 
50684.00 10815.88 
50734.02 10833.28 
50784.03 10851.26 
50834.05 10869.23 
50884.07 10887.20 
50934.09 10905.18 
50984.10 10923.15 
51034.12 10941.13 
51084.14 10957.55 
51134.16 10973.09 
51184.18 10988.62 
51234.19 11004.16 
51284.21 11019.69 
51334.23 11035.23 
51384.25 11050.76 
51434.26 11066.30 
51484.28 11082.68 
51534.30 11099.24 
51584.32 11115.79 
51634.33 11132.35 
51684.35 11148.91 
51734.37 11165.46 
51784.39 11182.02 
51834.40 11196.86 
51884.42 11211.02 
51934.44 11225.18 
51984.46 11239.35 
52034.48 11251.59 
52084.49 11256.06 
52134.51 11260.54 
52184.53 11265.01 
52234.55 11269.48 
52284.56 11273.95 
52334.58 11278.42 
52384.60 11282.90 
52434.62 11284.65 
52484.63 11285.05 
52534.65 11285.45 
52584.67 11285.85 
52634.69 11286.26 
52684.70 11286.66 
52734.72 11287.06 
52784.74 11287.47 
52834.76 11287.58 
52884.78 11287.09 
52934.79 11286.60 
52984.81 11286.11 
53034.83 11285.62 
53084.85 11285.13 
53134.86 11284.63 
53184.88 11281.78 
53234.90 11276.31 
53284.92 11270.84 
53334.93 11265.38 
53384.95 11259.91 
53434.97 11254.45 
53484.99 11248.98 
53535.00 11243.38 
53585.02 11236.36 
53635.04 11229.33 
53685.06 11222.30 
53735.08 11215.27 
53785.09 11208.25 
53835.11 11201.22 
53885.13 11194.19 
53935.15 11186.67 
53985.16 11178.47 
54035.18 11170.27 
54085.20 11162.08 
54135.22 11153.88 
54185.23 11145.68 
54235.25 11137.48 
54285.27 11129.28 
54335.29 11121.08 
54385.30 11112.88 
54435.32 11104.68 
54485.34 11096.62 
54535.36 11088.61 
54585.38 11080.59 
54635.39 11072.58 
54685.41 11064.56 
54735.43 11056.55 
54785.45 11048.53 
54835.46 11040.52 
54885.48 11032.50 
54935.50 11024.49 
54985.52 11016.47 
55035.53 11008.46 
55085.55 11001.52 
55135.57 10995.44 
55185.59 10989.35 
55235.60 10983.26 
55285.62 10977.18 
55335.64 10971.09 
55385.66 10965.01 
55435.68 10958.92 
55485.69 10952.84 
55535.71 10946.75 
55585.73 10940.66 
55635.75 10934.58 
55685.76 10928.49 
55735.78 10923.10 
55785.80 10919.48 
55835.82 10915.87 
55885.83 10912.25 
55935.85 10908.63 
55985.87 10905.02 
56035.89 10901.40 
56085.90 10897.78 
56135.92 10894.16 
56185.94 10890.55 
56235.96 10884.46 
56285.98 10878.31 
56335.99 10872.17 
56386.01 10866.02 
56436.03 10859.87 
56486.05 10853.72 
56536.06 10847.57 
56586.08 10841.42 
56636.10 10835.27 
56686.12 10829.12 
56736.13 10826.70 
56786.15 10827.07 
56836.17 10827.45 
56886.19 10827.83 
56936.20 10828.21 
56986.22 10828.59 
57036.24 10828.97 
57086.26 10829.34 
57136.28 10829.72 
57186.29 10834.38 
57236.31 10841.12 
57286.33 10847.86 
57336.35 10854.60 
57386.36 10861.34 
57436.38 10868.08 
57486.40 10874.82 
57536.42 10881.55 
57586.43 10888.29 
57636.45 10895.03 
57686.47 10906.04 
57736.49 10919.06 
57786.50 10932.07 
57836.52 10945.09 
57886.54 10958.10 
57936.56 10971.12 
57986.58 10984.13 
58036.59 10997.15 
58086.61 11010.16 
58136.63 11023.17 
58186.65 11036.19 
58236.66 11049.20 
58286.68 11062.22 
58336.70 11075.23 
58386.72 11085.95 
58436.73 11096.63 
58486.75 11107.31 
58536.77 11117.99 
58586.79 11128.67 
58636.80 11139.35 
58686.82 11150.03 
58736.84 11160.71 
58786.86 11171.39 
58836.88 11182.07 
58886.89 11192.75 
58936.91 11203.43 
58986.93 11214.11 
59036.95 11224.42 
59086.96 11234.05 
59136.98 11243.67 
59187.00 11253.30 
59237.02 11262.92 
59287.03 11272.55 
59337.05 11282.17 
59387.07 11291.80 
59437.09 11301.42 
59487.10 11311.05 
59537.12 11320.67 
59587.14 11330.30 
59637.16 11339.92 
59687.18 11349.39 
59737.19 11358.85 
59787.21 11368.31 
59837.23 11377.77 
59887.25 11387.23 
59937.26 11396.69 
59987.28 11406.15 
60037.30 11415.61 
60087.32 11425.07 
60137.33 11431.88 
60187.35 11437.15 
60237.37 11442.42 
60287.39 11447.69 
60337.40 11452.96 
60387.42 11458.24 
60437.44 11463.51 
60487.46 11469.34 
60537.48 11480.57 
60587.49 11491.80 
60637.51 11503.03 
60687.53 11514.26 
60737.55 11525.49 
60787.56 11536.72 
60837.58 11547.95 
60887.60 11559.17 
60937.62 11571.79 
60987.63 11584.68 
61037.65 11597.56 
61087.67 11610.45 
61137.69 11623.33 
61187.70 11636.21 
61237.72 11649.10 
61287.74 11661.98 
61337.76 11674.87 
61387.78 11687.75 
61437.79 11700.63 
61487.81 11714.44 
61537.83 11729.04 
61587.85 11743.65 
61637.86 11758.25 
61687.88 11772.85 
61737.90 11787.46 
61787.92 11802.06 
61837.93 11816.67 
61887.95 11831.27 
61937.97 11845.88 
61987.99 11860.48 
62038.00 11875.06 
62088.02 11889.03 
62138.04 11903.01 
62188.06 11916.98 
62238.08 11930.96 
62288.09 11944.93 
62338.11 11958.91 
62388.13 11972.88 
62438.15 11987.36 
62488.16 12004.66 
62538.18 12021.95 
62588.20 12039.25 
62638.22 12056.54 
62688.23 12073.84 
62738.25 12091.13 
62788.27 12108.43 
62838.29 12125.72 
62888.30 12143.02 
62938.32 12160.31 
62988.34 12177.61 
63038.36 12197.88 
63088.38 12219.63 
63138.39 12241.39 
63188.41 12263.15 
63238.43 12284.91 
63288.45 12306.67 
63338.46 12328.43 
63388.48 12350.19 
63438.50 12371.95 
63488.52 12394.02 
63538.53 12416.73 
63588.55 12439.43 
63638.57 12462.14 
63688.59 12484.84 
63738.60 12507.55 
63788.62 12530.25 
63838.64 12551.88 
63888.66 12571.37 
63938.68 12590.86 
63988.69 12610.35 
64038.71 12629.84 
64088.73 12649.34 
64138.75 12668.83 
64188.76 12688.32 
64238.78 12707.81 
64288.80 12727.30 
64338.82 12742.07 
64388.83 12755.83 
64438.85 12769.58 
64488.87 12783.34 
64538.89 12797.10 
64588.90 12810.86 
64638.92 12824.62 
64688.94 12838.37 
64738.96 12852.13 
64788.98 12865.89 
64838.99 12879.47 
64889.01 12892.46 
64939.03 12905.45 
64989.05 12918.45 
65039.06 12931.44 
65089.08 12944.44 
65139.10 12957.43 
65189.12 12970.43 
65239.13 12983.42 
65289.15 12996.42 
65339.17 13011.48 
65389.19 13027.33 
65439.20 13043.17 
65489.22 13059.02 
65539.24 13074.87 
65589.26 13090.71 
65639.28 13106.56 
65689.29 13122.41 
65739.31 13138.25 
65789.33 13153.37 
65839.35 13167.58 
65889.36 13181.78 
65939.38 13195.98 
65989.40 13210.19 
66039.42 13224.39 
66089.43 13238.59 
66139.45 13252.80 
66189.47 13267.00 
66239.49 13281.21 
66289.50 13295.41 
66339.52 13309.61 
66389.54 13323.97 
66439.56 13338.73 
66489.58 13353.49 
66539.59 13368.25 
66589.61 13383.01 
66639.63 13397.76 
66689.65 13412.52 
66739.66 13427.28 
66789.68 13442.04 
66839.70 13456.80 
66889.72 13469.44 
66939.73 13481.74 
66989.75 13494.04 
67039.77 13506.34 
67089.79 13518.64 
67139.80 13530.94 
67189.82 13543.24 
67239.84 13555.53 
67289.86 13567.83 
67339.88 13580.13 
67389.89 13592.43 
67439.91 13604.73 
67489.93 13618.97 
67539.95 13635.00 
67589.96 13651.02 
67639.98 13667.05 
67690.00 13683.08 
67740.02 13699.10 
67790.03 13715.13 
67840.05 13731.15 
67890.07 13747.18 
67940.09 13763.20 
67990.10 13779.23 
68040.12 13795.64 
68090.14 13813.49 
68140.16 13831.33 
68190.18 13849.18 
68240.19 13867.02 
68290.21 13884.87 
68340.23 13902.71 
68390.25 13920.56 
68440.26 13938.40 
68490.28 13957.75 
68540.30 13978.75 
68590.32 13999.75 
68640.33 14020.75 
68690.35 14041.74 
68740.37 14062.74 
68790.39 14083.74 
68840.40 14104.70 
68890.42 14125.60 
68940.44 14146.51 
68990.46 14167.42 
69040.48 14188.32 
69090.49 14209.23 
69140.51 14230.14 
69190.53 14251.21 
69240.55 14272.39 
69290.56 14293.57 
69340.58 14314.75 
69390.60 14335.93 
69440.62 14357.11 
69490.63 14374.64 
69540.65 14387.40 
69590.67 14400.15 
69640.69 14412.90 
69690.70 14425.66 
69740.72 14428.11 
69790.74 14428.11 
69840.76 14428.11 
69890.78 14428.11 
69940.79 14428.11 
69990.81 14428.11 
70040.83 14428.11 
70090.85 14428.11 
70140.86 14428.11 
70190.88 14428.11 
70240.90 14428.11 
70290.92 14429.10 
70340.93 14430.27 
70390.95 14431.44 
70440.97 14432.61 
70490.99 14433.78 
70541.00 14434.95 
70591.02 14436.12 
70641.04 14439.82 
70691.06 14444.88 
70741.08 14449.95 
70791.09 14455.01 
70841.11 14460.07 
70891.13 14465.14 
70941.15 14477.17 
70991.16 14490.70 
71041.18 14504.22 
71091.20 14517.75 
71141.22 14531.28 
71191.23 14544.81 
71241.25 14558.34 
71291.27 14571.76 
71341.29 14585.17 
71391.30 14598.59 
71441.32 14612.01 
71491.34 14625.42 
71541.36 14638.84 
71591.38 14652.26 
71641.39 14668.64 
71691.41 14688.93 
71741.43 14709.23 
71791.45 14729.52 
71841.46 14749.81 
71891.48 14770.10 
71941.50 14790.40 
71991.52 14812.72 
72041.53 14836.53 
72091.55 14860.33 
72141.57 14884.13 
72191.59 14907.94 
72241.60 14928.57 
72291.62 14940.55 
72341.64 14952.54 
72391.66 14964.52 
72441.68 14976.50 
72491.69 14988.49 
72541.71 15000.47 
72591.73 15008.96 
72641.75 15014.98 
72691.76 15021.00 
72741.78 15027.03 
72791.80 15033.05 
72841.82 15039.07 
72891.83 15045.10 
72941.85 15051.12 
72991.87 15056.93 
73041.89 15061.85 
73091.90 15066.77 
73141.92 15071.69 
73191.94 15076.61 
73241.96 15081.53 
73291.98 15086.45 
73341.99 15091.37 
73392.01 15096.19 
73442.03 15100.91 
73492.05 15105.63 
73542.06 15110.34 
73592.08 15115.06 
73642.10 15119.78 
73692.12 15124.49 
73742.13 15129.21 
73792.15 15133.93 
73842.17 15138.65 
73892.19 15143.36 
73942.20 15148.08 
73992.22 15152.80 
74042.24 15156.09 
74092.26 15159.34 
74142.28 15162.60 
74192.29 15165.85 
74242.31 15169.11 
74292.33 15172.37 
74342.35 15175.62 
74392.36 15178.88 
74442.38 15182.13 
74492.40 15185.39 
74542.42 15188.64 
74592.43 15191.89 
74642.45 15195.11 
74692.47 15198.34 
74742.49 15201.57 
74792.50 15204.79 
74842.52 15208.02 
74892.54 15211.24 
74942.56 15214.47 
74992.58 15217.70 
75042.59 15220.92 
75092.61 15224.15 
75142.63 15225.30 
75192.65 15226.17 
75242.66 15227.03 
75292.68 15227.89 
75342.70 15228.76 
75392.72 15229.62 
75442.73 15230.48 
75492.75 15231.34 
75542.77 15232.21 
75592.79 15232.98 
75642.80 15232.98 
75692.82 15232.98 
75742.84 15232.98 
75792.86 15232.98 
75842.88 15232.98 
75892.89 15232.98 
75942.91 15232.98 
75992.93 15232.98 
76042.95 15232.98 
76092.96 15232.98 
76142.98 15232.98 
76193.00 15236.57 
76243.02 15240.26 
76293.03 15243.95 
76343.05 15247.64 
76393.07 15251.33 
76443.09 15255.02 
76493.10 15259.33 
76543.12 15268.11 
76593.14 15276.90 
76643.16 15285.68 
76693.18 15294.47 
76743.19 15303.25 
76793.21 15312.04 
76843.23 15320.82 
76893.25 15330.50 
76943.26 15340.24 
76993.28 15349.99 
77043.30 15359.73 
77093.32 15369.48 
77143.33 15379.23 
77193.35 15388.97 
77243.37 15398.72 
77293.39 15408.46 
77343.40 15418.67 
77393.42 15428.95 
77443.44 15439.24 
77493.46 15449.52 
77543.48 15459.81 
77593.49 15470.10 
77643.51 15480.38 
77693.53 15490.67 
77743.55 15500.95 
77793.56 15509.72 
77843.58 15516.43 
77893.60 15523.14 
77943.62 15529.85 
77993.63 15536.56 
78043.65 15543.27 
78093.67 15549.97 
78143.69 15556.68 
78193.70 15563.39 
78243.72 15570.10 
78293.74 15573.73 
78343.76 15577.36 
78393.78 15581.00 
78443.79 15584.63 
78493.81 15588.26 
78543.83 15591.89 
78593.85 15595.53 
78643.86 15599.16 
78693.88 15602.79 
78743.90 15606.43 
78793.92 15610.06 
78843.93 15618.84 
78893.95 15627.86 
78943.97 15636.88 
78993.99 15645.90 
79044.00 15654.92 
79094.02 15663.94 
79144.04 15672.96 
79194.06 15683.69 
79244.08 15704.50 
79294.09 15725.31 
79344.11 15746.13 
79394.13 15766.94 
79444.15 15787.75 
79494.16 15808.56 
79544.18 15827.47 
79594.20 15843.21 
79644.22 15858.96 
79694.23 15874.70 
79744.25 15890.44 
79794.27 15906.18 
79844.29 15921.92 
79894.30 15942.22 
79944.32 15963.22 
79994.34 15984.21 
80044.36 16005.21 
80094.38 16026.21 
80144.39 16047.21 
80194.41 16068.20 
80244.43 16089.20 
80294.45 16110.20 
80344.46 16131.19 
80394.48 16151.36 
80444.50 16167.98 
80494.52 16184.60 
80544.53 16201.22 
80594.55 16217.83 
80644.57 16234.45 
80694.59 16251.07 
80744.61 16267.69 
80794.62 16284.31 
80844.64 16300.93 
80894.66 16318.46 
80944.68 16336.71 
80994.69 16354.96 
81044.71 16373.21 
81094.73 16391.46 
81144.75 16409.71 
81194.76 16427.96 
81244.78 16446.20 
81294.80 16463.95 
81344.82 16481.17 
81394.83 16498.39 
81444.85 16515.61 
81494.87 16532.82 
81544.89 16550.04 
81594.91 16567.26 
81644.92 16584.48 
81694.94 16603.91 
81744.96 16624.41 
81794.98 16644.90 
81844.99 16665.40 
81895.01 16685.90 
81945.03 16706.39 
81995.05 16726.89 
82045.06 16747.39 
82095.08 16762.33 
82145.10 16776.38 
82195.12 16790.44 
82245.13 16804.49 
82295.15 16818.55 
82345.17 16832.60 
82395.19 16846.66 
82445.21 16860.71 
82495.22 16874.77 
82545.24 16888.83 
82595.26 16902.88 
82645.28 16913.19 
82695.29 16923.22 
82745.31 16933.24 
82795.33 16943.26 
82845.35 16953.28 
82895.36 16963.30 
82945.38 16973.32 
82995.40 16974.35 
83045.42 16974.35 
83095.43 16974.35 
83145.45 16974.35 
83195.47 16972.90 
83245.49 16969.82 
83295.51 16966.75 
83345.52 16963.68 
83395.54 16959.49 
83445.56 16952.78 
83495.58 16946.08 
83545.59 16939.37 
83595.61 16932.66 
83645.63 16925.95 
83695.65 16920.61 
83745.66 16916.27 
83795.68 16911.93 
83845.70 16907.59 
83895.72 16903.25 
83945.73 16898.91 
83995.75 16894.56 
84045.77 16890.22 
84095.79 16885.88 
84145.81 16883.94 
84195.82 16882.92 
84245.84 16881.89 
84295.86 16880.87 
84345.88 16879.84 
84395.89 16878.82 
84445.91 16879.40 
84495.93 16881.74 
84545.95 16884.08 
84595.96 16886.42 
84645.98 16888.77 
84696.00 16891.12 
84746.02 16895.60 
84796.03 16900.07 
84846.05 16904.54 
84896.07 16909.01 
84946.09 16913.49 
84996.11 16920.53 
85046.12 16934.19 
85096.14 16947.85 
85146.16 16961.52 
85196.18 16975.18 
85246.19 16988.85 
85296.21 17002.51 
85346.23 17019.61 
85396.25 17047.05 
85446.26 17074.48 
85496.28 17101.92 
85546.30 17129.35 
85596.32 17156.79 
85646.33 17184.22 
85696.35 17218.16 
85746.37 17259.15 
85796.39 17300.15 
85846.41 17341.14 
85896.42 17382.14 
85946.44 17423.09 
85996.46 17460.38 
86046.48 17497.67 
86096.49 17534.97 
86146.51 17572.26 
86196.53 17609.55 
86246.55 17646.84 
86296.56 17684.13 
86346.58 17721.43 
86396.60 17759.46 
86446.62 17797.55 
86496.63 17835.64 
86546.65 17873.72 
86596.67 17911.81 
86646.69 17949.89 
86696.71 17987.98 
86746.72 18026.06 
86796.74 18054.74 
86846.76 18082.00 
86896.78 18109.25 
86946.79 18136.51 
86996.81 18163.77 
87046.83 18191.02 
87096.85 18218.28 
87146.86 18245.53 
87196.88 18272.79 
87246.90 18299.27 
87296.92 18323.20 
87346.93 18347.13 
87396.95 18371.06 
87446.97 18394.99 
87496.99 18418.93 
87547.01 18442.86 
87597.02 18466.79 
87647.04 18490.72 
87697.06 18514.66 
87747.08 18537.47 
87797.09 18559.55 
87847.11 18581.62 
87897.13 18603.69 
87947.15 18625.77 
87997.16 18647.84 
88047.18 18669.92 
88097.20 18691.99 
88147.22 18714.06 
88197.23 18736.14 
88247.25 18759.98 
88297.27 18786.03 
88347.29 18812.07 
88397.31 18838.12 
88447.32 18864.16 
88497.34 18890.20 
88547.36 18916.25 
88597.38 18942.29 
88647.39 18968.34 
88697.41 18992.66 
88747.43 19015.81 
88797.45 19038.96 
88847.46 19062.11 
88897.48 19085.26 
88947.50 19108.41 
88997.52 19131.56 
89047.53 19154.71 
89097.55 19177.86 
89147.57 19199.80 
89197.59 19221.33 
89247.61 19242.85 
89297.62 19264.37 
89347.64 19285.89 
89397.66 19307.42 
89447.68 19328.94 
89497.69 19350.46 
89547.71 19371.22 
89597.73 19390.88 
89647.75 19410.54 
89697.76 19430.20 
89747.78 19449.85 
89797.80 19469.51 
89847.82 19489.17 
89897.83 19508.48 
89947.85 19527.25 
89997.87 19546.03 
90047.89 19564.80 
90097.91 19583.57 
90147.92 19602.34 
90197.94 19621.11 
90247.96 19639.88 
90297.98 19658.65 
90347.99 19677.42 
90398.01 19696.20 
90448.03 19714.97 
90498.05 19733.74 
90548.06 19750.20 
90598.08 19760.03 
90648.10 19769.87 
90698.12 19779.71 
90748.13 19789.55 
90798.15 19799.39 
90848.17 19809.23 
90898.19 19819.07 
90948.21 19828.91 
90998.22 19838.74 
91048.24 19848.58 
91098.26 19853.85 
91148.28 19858.56 
91198.29 19863.27 
91248.31 19867.98 
91298.33 19872.69 
91348.35 19877.40 
91398.36 19882.11 
91448.38 19886.82 
91498.40 19891.53 
91548.42 19896.24 
91598.43 19900.95 
91648.45 19905.66 
91698.47 19910.37 
91748.49 19915.08 
91798.51 19919.79 
91848.52 19924.50 
91898.54 19928.52 
91948.56 19932.17 
91998.58 19935.81 
92048.59 19939.45 
92098.61 19943.10 
92148.63 19946.74 
92198.65 19950.39 
92248.66 19954.03 
92298.68 19957.67 
92348.70 19963.13 
92398.72 19972.50 
92448.73 19981.87 
92498.75 19991.24 
92548.77 20000.61 
92598.79 20009.98 
92648.81 20019.35 
92698.82 20028.80 
92748.84 20039.46 
92798.86 20050.12 
92848.88 20060.77 
92898.89 20071.43 
92948.91 20082.09 
92998.93 20092.75 
93048.95 20103.41 
93098.96 20114.07 
93148.98 20124.73 
93199.00 20135.38 
93249.02 20144.75 
93299.03 20153.53 
93349.05 20162.32 
93399.07 20171.10 
93449.09 20179.89 
93499.11 20188.67 
93549.12 20197.46 
93599.14 20206.24 
93649.16 20215.03 
93699.18 20223.75 
93749.19 20227.96 
93799.21 20232.18 
93849.23 20236.40 
93899.25 20240.61 
93949.26 20244.83 
93999.28 20249.05 
94049.30 20253.26 
94099.32 20257.48 
94149.33 20261.70 
94199.35 20265.91 
94249.37 20270.13 
94299.39 20274.35 
94349.41 20279.71 
94399.42 20285.18 
94449.44 20290.64 
94499.46 20296.11 
94549.48 20301.57 
94599.49 20307.04 
94649.51 20312.51 
94699.53 20317.97 
94749.55 20323.44 
94799.56 20328.90 
94849.58 20334.37 
94899.60 20339.84 
94949.62 20346.45 
94999.63 20354.32 
95049.65 20362.19 
95099.67 20370.06 
95149.69 20377.93 
95199.71 20385.80 
95249.72 20393.67 
95299.74 20401.54 
95349.76 20409.41 
95399.78 20421.34 
95449.79 20434.06 
95499.81 20446.79 
95549.83 20459.51 
95599.85 20472.23 
95649.86 20484.95 
95699.88 20497.68 
95749.90 20510.40 
95799.92 20523.12 
95849.93 20535.84 
95899.95 20550.48 
95949.97 20565.56 
95999.99 20580.63 
96050.01 20595.71 
96100.02 20610.78 
96150.04 20625.86 
96200.06 20640.93 
96250.08 20656.01 
96300.09 20671.09 
96350.11 20686.16 
96400.13 20700.86 
96450.15 20712.13 
96500.16 20723.40 
96550.18 20734.68 
96600.20 20745.95 
96650.22 20757.22 
96700.23 20768.50 
96750.25 20779.77 
96800.27 20791.05 
96850.29 20805.27 
96900.31 20820.20 
96950.32 20835.13 
97000.34 20850.07 
97050.36 20865.00 
97100.38 20879.94 
97150.39 20894.87 
97200.41 20909.80 
97250.43 20924.74 
97300.45 20939.86 
97350.46 20956.26 
97400.48 20972.66 
97450.50 20989.05 
97500.52 21005.45 
97550.53 21021.85 
97600.55 21038.25 
97650.57 21054.64 
97700.59 21071.04 
97750.61 21087.44 
97800.62 21096.37 
97850.64 21103.40 
97900.66 21110.42 
97950.68 21117.45 
98000.69 21124.48 
98050.71 21131.51 
98100.73 21138.54 
98150.75 21145.56 
98200.76 21152.59 
98250.78 21159.36 
98300.80 21164.28 
98350.82 21169.20 
98400.83 21174.12 
98450.85 21179.04 
98500.87 21183.96 
98550.89 21188.88 
98600.91 21192.41 
98650.92 21190.65 
98700.94 21188.90 
98750.96 21187.14 
98800.98 21185.38 
98850.99 21182.46 
98901.01 21177.54 
98951.03 21172.62 
99001.05 21167.70 
99051.06 21162.78 
99101.08 21157.86 
99151.10 21152.94 
99201.12 21147.29 
99251.13 21140.78 
99301.15 21134.27 
99351.17 21127.76 
99401.19 21121.25 
99451.21 21114.74 
99501.22 21108.23 
99551.24 21101.72 
99601.26 21095.20 
99651.28 21088.69 
99701.29 21082.18 
99751.31 21075.67 
99801.33 21071.28 
99851.35 21067.77 
99901.36 21064.25 
99951.38 21060.74 
100001.40 21057.22 
100051.42 21053.71 
100101.43 21050.20 
100151.45 21046.68 
100201.47 21043.17 
100251.49 21039.86 
100301.51 21042.93 
100351.52 21046.00 
100401.54 21049.08 
100451.56 21052.15 
100501.58 21055.23 
100551.59 21061.69 
100601.61 21071.53 
100651.63 21081.37 
100701.65 21091.21 
100751.66 21101.05 
100801.68 21110.88 
100851.70 21120.72 
100901.72 21137.87 
100951.73 21160.12 
101001.75 21182.38 
101051.77 21204.63 
101101.79 21226.89 
101151.81 21249.14 
101201.82 21271.40 
101251.84 21294.43 
101301.86 21319.02 
101351.88 21343.62 
101401.89 21368.22 
101451.91 21392.81 
101501.93 21417.41 
101551.95 21442.33 
101601.96 21469.82 
101651.98 21497.31 
101702.00 21524.80 
101752.02 21552.29 
101802.03 21579.78 
101852.05 21603.70 
101902.07 21616.00 
101952.09 21628.30 
102002.11 21640.60 
102052.12 21652.90 
102102.14 21665.19 
102152.16 21677.49 
102202.18 21689.79 
102252.19 21702.09 
102302.21 21714.39 
102352.23 21726.69 
102402.25 21738.98 
102452.26 21751.11 
102502.28 21763.06 
102552.30 21775.01 
102602.32 21786.95 
102652.33 21798.90 
102702.35 21810.85 
102752.37 21822.80 
102802.39 21834.74 
102852.41 21846.69 
102902.42 21858.64 
102952.44 21870.58 
103002.46 21882.53 
103052.48 21897.30 
103102.49 21916.52 
103152.51 21935.73 
103202.53 21954.95 
103252.55 21974.17 
103302.56 21993.38 
103352.58 22012.60 
103402.60 22031.82 
103452.62 22051.03 
103502.63 22070.25 
103552.65 22089.46 
103602.67 22109.19 
103652.69 22129.96 
103702.71 22150.73 
103752.72 22171.50 
103802.74 22192.27 
103852.76 22213.05 
103902.78 22233.82 
103952.79 22254.59 
104002.81 22275.36 
104052.83 22296.13 
104102.85 22316.90 
104152.86 22337.67 
104202.88 22358.44 
104252.90 22379.21 
104302.92 22399.98 
104352.93 22420.75 
104402.95 22440.25 
104452.97 22459.38 
104502.99 22478.51 
104553.01 22497.64 
104603.02 22516.77 
104653.04 22535.90 
104703.06 22555.04 
104753.08 22574.17 
104803.09 22593.30 
104853.11 22604.48 
104903.13 22605.77 
104953.15 22607.07 
105003.16 22608.36 
105053.18 22609.66 
105103.20 22610.95 
105153.22 22612.25 
105203.23 22611.54 
105253.25 22610.55 
105303.27 22609.57 
105353.29 22608.59 
105403.31 22607.60 
105453.32 22606.62 
105503.34 22605.63 
105553.36 22604.65 
105603.38 22605.37 
105653.39 22611.52 
105703.41 22617.67 
105753.43 22623.82 
105803.45 22629.97 
105853.46 22636.12 
105903.48 22642.27 
105953.50 22648.42 
106003.52 22654.57 
106053.53 22660.72 
106103.55 22671.79 
106153.57 22686.70 
106203.59 22701.60 
106253.61 22716.51 
106303.62 22731.42 
106353.64 22746.33 
106403.66 22761.23 
106453.68 22776.14 
106503.69 22791.05 
106553.71 22805.95 
106603.73 22820.86 
106653.75 22836.00 
106703.76 22852.40 
106753.78 22868.80 
106803.80 22885.20 
106853.82 22901.59 
106903.83 22917.99 
106953.85 22934.39 
107003.87 22950.79 
107053.89 22967.19 
107103.91 22983.58 
107153.92 22999.98 
107203.94 23016.38 
107253.96 23032.78 
107303.98 23049.18 
107353.99 23065.57 
107404.01 23081.97 
107454.03 23099.61 
107504.05 23118.06 
107554.06 23136.51 
107604.08 23154.95 
107654.10 23173.40 
107704.12 23191.85 
107754.13 23210.30 
107804.15 23228.74 
107854.17 23247.19 
107904.19 23265.64 
107954.21 23284.09 
108004.22 23302.54 
108054.24 23320.98 
108104.26 23339.43 
108154.28 23357.88 
108204.29 23376.03 
108254.31 23393.74 
108304.33 23411.45 
108354.35 23429.16 
108404.36 23446.87 
108454.38 23464.58 
108504.40 23482.29 
108554.42 23500.00 
108604.43 23517.71 
108654.45 23535.42 
108704.47 23553.13 
108754.49 23570.84 
108804.51 23588.55 
108854.52 23606.26 
108904.54 23623.97 
108954.56 23641.68 
109004.58 23659.39 
109054.59 23676.86 
109104.61 23692.53 
109154.63 23708.21 
109204.65 23723.89 
109254.66 23739.57 
109304.68 23755.24 
109354.70 23770.92 
109404.72 23786.60 
109454.73 23802.27 
109504.75 23817.95 
109554.77 23833.63 
109604.79 23849.31 
109654.81 23864.98 
109704.82 23880.66 
109754.84 23896.34 
109804.86 23912.01 
109854.88 23927.69 
109904.89 23943.37 
109954.91 23959.05 
110004.93 23974.72 
110054.95 23990.40 
110104.96 24006.08 
110154.98 24021.75 
110205.00 24037.43 
110255.02 24053.11 
110305.03 24068.79 
110355.05 24084.46 
110405.07 24100.14 
110455.09 24115.82 
110505.11 24131.49 
110555.12 24147.17 
110605.14 24162.85 
110655.16 24179.48 
110705.18 24196.57 
110755.19 24213.67 
110805.21 24230.77 
110855.23 24247.87 
110905.25 24264.97 
110955.26 24282.06 
111005.28 24299.16 
111055.30 24316.26 
111105.32 24333.36 
111155.33 24350.45 
111205.35 24367.55 
111255.37 24384.65 
111305.39 24401.75 
111355.41 24418.85 
111405.42 24435.94 
111455.44 24453.04 
111505.46 24470.14 
111555.48 24487.24 
111605.49 24504.34 
111655.51 24521.43 
111705.53 24538.53 
111755.55 24555.63 
111805.56 24572.73 
111855.58 24589.82 
111905.60 24606.92 
111955.62 24624.02 
112005.63 24641.12 
