 28.35 2492.61 
 78.37 2495.27 
128.40 2499.80 
178.43 2506.35 
228.45 2514.96 
278.48 2522.48 
328.51 2530.09 
378.53 2543.71 
428.56 2553.02 
478.59 2562.18 
528.61 2570.99 
578.64 2580.15 
628.67 2589.58 
678.69 2599.97 
728.72 2612.45 
778.75 2625.28 
828.77 2638.35 
878.80 2652.02 
928.83 2665.89 
978.85 2685.03 
1028.88 2703.53 
1078.91 2719.24 
1128.93 2719.54 
1178.96 2719.92 
1228.99 2717.65 
1279.01 2716.75 
1329.04 2721.47 
1379.07 2732.49 
1429.09 2735.48 
1479.12 2736.57 
1529.15 2740.19 
1579.17 2746.82 
1629.20 2756.10 
1679.23 2768.16 
1729.25 2780.04 
1779.28 2788.41 
1829.31 2812.37 
1879.33 2840.63 
1929.36 2863.23 
1979.39 2862.44 
2029.42 2862.04 
2079.44 2872.23 
2129.47 2896.28 
2179.50 2921.21 
2229.52 2945.67 
2279.55 2969.04 
2329.58 2990.13 
2379.60 3004.54 
2429.63 3018.58 
2479.66 3031.95 
2529.68 3043.55 
2579.71 3051.30 
2629.74 3058.19 
2679.76 3061.64 
2729.79 3065.09 
2779.82 3068.66 
2829.84 3072.21 
2879.87 3075.33 
2929.90 3077.82 
2979.92 3078.78 
3029.95 3078.47 
3079.98 3076.20 
3130.00 3079.66 
3180.03 3085.13 
3230.06 3090.30 
3280.08 3090.30 
3330.11 3089.91 
3380.14 3086.69 
3430.16 3083.47 
3480.19 3080.05 
3530.22 3076.61 
3580.24 3076.36 
3630.27 3077.22 
3680.30 3070.50 
3730.32 3062.20 
3780.35 3068.44 
3830.38 3078.00 
3880.40 3095.56 
3930.43 3108.85 
3980.46 3110.51 
4030.48 3102.57 
4080.51 3107.24 
4130.54 3120.27 
4180.56 3131.15 
4230.59 3136.17 
4280.62 3135.59 
4330.64 3132.47 
4380.67 3131.38 
4430.70 3130.49 
4480.72 3129.83 
4530.75 3129.20 
4580.78 3128.58 
4630.80 3128.55 
4680.83 3128.55 
4730.86 3129.04 
4780.88 3129.68 
4830.91 3130.32 
4880.94 3132.66 
4930.96 3135.16 
4980.99 3141.90 
5031.02 3156.55 
5081.04 3174.60 
5131.07 3179.96 
5181.10 3190.13 
5231.12 3201.95 
5281.15 3215.96 
5331.18 3226.32 
5381.20 3247.41 
5431.23 3257.18 
5481.26 3267.03 
5531.28 3277.02 
5581.31 3286.03 
5631.34 3282.99 
5681.36 3265.58 
5731.39 3239.40 
5781.42 3220.73 
5831.45 3206.67 
5881.47 3195.57 
5931.50 3188.72 
5981.53 3185.46 
6031.55 3182.96 
6081.58 3181.37 
6131.61 3181.37 
6181.63 3178.36 
6231.66 3172.41 
6281.69 3172.27 
6331.71 3172.43 
6381.74 3173.52 
6431.77 3179.55 
6481.79 3191.07 
6531.82 3197.83 
6581.85 3201.08 
6631.87 3208.01 
6681.90 3214.91 
6731.93 3219.26 
6781.95 3221.85 
6831.98 3223.27 
6882.01 3224.15 
6932.03 3227.27 
6982.06 3230.72 
7032.09 3234.20 
7082.11 3234.20 
7132.14 3234.20 
7182.17 3235.69 
7232.19 3245.40 
7282.22 3247.90 
7332.25 3249.12 
7382.27 3250.59 
7432.30 3252.06 
7482.33 3260.39 
7532.35 3270.96 
7582.38 3290.31 
7632.41 3312.34 
7682.43 3335.18 
7732.46 3357.88 
7782.49 3366.91 
7832.51 3375.83 
7882.54 3382.73 
7932.57 3389.52 
7982.59 3395.56 
8032.62 3401.44 
8082.65 3407.31 
8132.67 3407.11 
8182.70 3406.22 
8232.73 3411.04 
8282.75 3421.61 
8332.78 3431.41 
8382.81 3439.16 
8432.83 3446.91 
8482.86 3446.49 
8532.89 3442.20 
8582.91 3429.05 
8632.94 3412.79 
8682.97 3393.77 
8732.99 3374.05 
8783.02 3356.38 
8833.05 3341.59 
8883.07 3326.27 
8933.10 3307.54 
8983.13 3291.18 
9033.15 3278.10 
9083.18 3267.27 
9133.21 3257.82 
9183.23 3248.37 
9233.26 3239.30 
9283.29 3230.69 
9333.31 3222.08 
9383.34 3217.40 
9433.37 3213.36 
9483.40 3215.29 
9533.42 3217.21 
9583.45 3228.74 
9633.48 3237.40 
9683.50 3239.93 
9733.53 3249.54 
9783.56 3259.14 
9833.58 3265.99 
9883.61 3272.46 
9933.64 3277.21 
9983.66 3280.66 
10033.69 3284.44 
10083.72 3291.93 
10133.74 3299.42 
10183.77 3303.82 
10233.80 3305.29 
10283.82 3306.76 
10333.85 3303.42 
10383.88 3296.85 
10433.90 3283.60 
10483.93 3270.16 
10533.96 3262.67 
10583.98 3257.24 
10634.01 3253.69 
10684.04 3250.69 
10734.06 3254.08 
10784.09 3261.21 
10834.12 3273.33 
10884.14 3286.46 
10934.17 3299.54 
10984.20 3313.89 
11034.22 3330.12 
11084.25 3351.55 
11134.28 3375.33 
11184.30 3398.78 
11234.33 3418.29 
11284.36 3434.18 
11334.38 3446.96 
11384.41 3457.95 
11434.44 3468.08 
11484.46 3477.33 
11534.49 3487.15 
11584.52 3499.64 
11634.54 3510.13 
11684.57 3515.80 
11734.60 3525.15 
11784.62 3539.84 
11834.65 3545.12 
11884.68 3549.93 
11934.70 3547.39 
11984.73 3535.74 
12034.76 3518.37 
12084.78 3503.70 
12134.81 3491.85 
12184.84 3482.87 
12234.86 3473.98 
12284.89 3467.50 
12334.92 3461.03 
12384.94 3458.30 
12434.97 3457.82 
12485.00 3464.95 
12535.02 3475.22 
12585.05 3492.84 
12635.08 3514.74 
12685.10 3527.00 
12735.13 3535.03 
12785.16 3537.53 
12835.18 3540.20 
12885.21 3542.98 
12935.24 3546.82 
12985.26 3552.85 
13035.29 3558.88 
13085.32 3565.72 
13135.34 3572.71 
13185.37 3584.02 
13235.40 3597.55 
13285.43 3615.86 
13335.45 3633.36 
13385.48 3655.84 
13435.51 3681.46 
13485.53 3707.59 
13535.56 3729.44 
13585.59 3759.68 
13635.61 3760.93 
13685.64 3756.43 
13735.67 3745.77 
13785.69 3735.26 
13835.72 3730.38 
13885.75 3729.38 
13935.77 3731.39 
13985.80 3737.07 
14035.83 3753.65 
14085.85 3778.62 
14135.88 3800.32 
14185.91 3812.30 
14235.93 3823.72 
14285.96 3830.53 
14335.99 3836.71 
14386.01 3840.74 
14436.04 3844.77 
14486.07 3848.42 
14536.09 3851.80 
14586.12 3855.17 
14636.15 3858.91 
14686.17 3863.19 
14736.20 3867.47 
14786.23 3871.18 
14836.25 3874.03 
14886.28 3876.89 
14936.31 3879.99 
14986.33 3883.45 
15036.36 3886.92 
15086.39 3891.92 
15136.41 3900.24 
15186.44 3912.66 
15236.47 3926.28 
15286.49 3937.31 
15336.52 3948.01 
15386.55 3958.71 
15436.57 3969.41 
15486.60 3978.99 
15536.63 3988.07 
15586.65 3992.00 
15636.68 3994.68 
15686.71 3996.27 
15736.73 3996.27 
15786.76 3996.27 
15836.79 3996.27 
15886.81 3996.27 
15936.84 3995.40 
15986.87 3992.90 
16036.89 3991.99 
16086.92 3991.99 
16136.95 3993.29 
16186.97 3995.92 
16237.00 3997.87 
16287.03 3999.72 
16337.05 3998.51 
16387.08 3994.81 
16437.11 3991.55 
16487.13 3989.70 
16537.16 3987.85 
16587.19 3986.00 
16637.21 3984.15 
16687.24 3981.91 
16737.27 3979.41 
16787.29 3976.74 
16837.32 3969.93 
16887.35 3963.67 
16937.37 3960.42 
16987.40 3957.57 
17037.43 3956.53 
17087.46 3956.17 
17137.48 3960.48 
17187.51 3964.78 
17237.54 3971.67 
17287.56 3980.00 
17337.59 3996.04 
17387.62 4012.82 
17437.64 4024.93 
17487.67 4037.04 
17537.70 4049.68 
17587.72 4063.55 
17637.75 4077.42 
17687.78 4086.33 
17737.80 4095.19 
17787.83 4102.72 
17837.86 4107.55 
17887.88 4112.38 
17937.91 4115.48 
17987.94 4117.75 
18037.96 4120.02 
18087.99 4124.86 
18138.02 4130.15 
18188.04 4135.52 
18238.07 4144.10 
18288.10 4152.69 
18338.12 4164.89 
18388.15 4186.45 
18438.18 4207.88 
18488.20 4229.11 
18538.23 4244.76 
18588.26 4257.78 
18638.28 4273.12 
18688.31 4289.41 
18738.34 4303.43 
18788.36 4315.40 
18838.39 4324.22 
18888.42 4325.76 
18938.44 4325.06 
18988.47 4318.61 
19038.50 4309.87 
19088.52 4296.02 
19138.55 4273.42 
19188.58 4258.02 
19238.60 4250.87 
19288.63 4250.87 
19338.66 4252.43 
19388.68 4261.98 
19438.71 4276.25 
19488.74 4290.92 
19538.76 4305.67 
19588.79 4328.76 
19638.82 4351.47 
19688.84 4372.87 
19738.87 4394.99 
19788.90 4417.58 
19838.92 4432.97 
19888.95 4446.59 
19938.98 4454.68 
19989.00 4462.28 
20039.03 4475.07 
20089.06 4489.90 
20139.08 4514.87 
20189.11 4541.20 
20239.14 4568.80 
20289.16 4595.45 
20339.19 4618.17 
20389.22 4637.37 
20439.24 4655.83 
20489.27 4672.48 
20539.30 4693.87 
20589.32 4720.16 
20639.35 4731.56 
20689.38 4740.64 
20739.40 4757.13 
20789.43 4772.36 
20839.46 4781.18 
20889.49 4770.85 
20939.51 4755.71 
20989.54 4747.39 
21039.57 4741.08 
21089.59 4737.55 
21139.62 4743.10 
21189.65 4754.35 
21239.67 4768.90 
21289.70 4790.87 
21339.73 4812.84 
21389.75 4829.07 
21439.78 4844.43 
21489.81 4854.34 
21539.83 4861.21 
21589.86 4868.08 
21639.89 4873.85 
21689.91 4875.63 
21739.94 4877.41 
21789.97 4881.14 
21839.99 4885.19 
21890.02 4889.24 
21940.05 4890.47 
21990.07 4891.16 
22040.10 4891.86 
22090.13 4891.93 
22140.15 4891.93 
22190.18 4891.93 
22240.21 4893.39 
22290.23 4896.51 
22340.26 4899.63 
22390.29 4895.16 
22440.31 4889.40 
22490.34 4885.08 
22540.37 4881.30 
22590.39 4877.65 
22640.42 4877.65 
22690.45 4877.65 
22740.47 4877.65 
22790.50 4877.65 
22840.53 4877.65 
22890.55 4880.58 
22940.58 4885.12 
22990.61 4889.66 
23040.63 4889.89 
23090.66 4889.89 
23140.69 4891.54 
23190.71 4893.20 
23240.74 4899.36 
23290.77 4909.35 
23340.79 4917.07 
23390.82 4923.72 
23440.85 4928.13 
23490.87 4932.22 
23540.90 4936.27 
23590.93 4940.32 
23640.95 4948.05 
23690.98 4956.37 
23741.01 4967.43 
23791.03 4979.91 
23841.06 4993.27 
23891.09 5007.38 
23941.11 5038.84 
23991.14 5088.17 
24041.17 5110.02 
24091.19 5131.87 
24141.22 5153.72 
24191.25 5168.01 
24241.27 5182.50 
24291.30 5207.46 
24341.33 5237.92 
24391.35 5268.57 
24441.38 5282.68 
24491.41 5296.17 
24541.44 5307.44 
24591.46 5318.72 
24641.49 5332.81 
24691.52 5348.18 
24741.54 5370.37 
24791.57 5397.84 
24841.60 5424.23 
24891.62 5442.31 
24941.65 5460.39 
24991.68 5477.41 
25041.70 5494.05 
25091.73 5510.70 
25141.76 5526.59 
25191.78 5540.86 
25241.81 5555.13 
25291.84 5567.03 
25341.86 5576.11 
25391.89 5585.19 
25441.92 5584.87 
25491.94 5581.62 
25541.97 5579.23 
25592.00 5576.64 
25642.02 5570.65 
25692.05 5564.95 
25742.08 5565.60 
25792.10 5569.38 
25842.13 5591.67 
25892.16 5613.97 
25942.18 5633.42 
25992.21 5647.09 
26042.24 5660.77 
26092.26 5674.44 
26142.29 5687.34 
26192.32 5693.76 
26242.34 5700.18 
26292.37 5706.60 
26342.40 5717.47 
26392.42 5731.45 
26442.45 5744.85 
26492.48 5751.10 
26542.50 5757.34 
26592.53 5759.45 
26642.56 5759.45 
26692.58 5759.45 
26742.61 5759.76 
26792.64 5760.65 
26842.66 5761.54 
26892.69 5763.74 
26942.72 5767.10 
26992.74 5770.46 
27042.77 5773.82 
27092.80 5777.18 
27142.82 5781.37 
27192.85 5787.46 
27242.88 5793.55 
27292.90 5799.64 
27342.93 5806.01 
27392.96 5813.69 
27442.98 5821.38 
27493.01 5829.06 
27543.04 5836.57 
27593.06 5843.59 
27643.09 5850.60 
27693.12 5857.62 
27743.14 5861.32 
27793.17 5864.26 
27843.20 5867.20 
27893.22 5870.14 
27943.25 5873.72 
27993.28 5878.52 
28043.30 5883.32 
28093.33 5888.12 
28143.36 5892.93 
28193.38 5897.73 
28243.41 5902.53 
28293.44 5905.44 
28343.47 5906.57 
28393.49 5907.71 
28443.52 5908.84 
28493.55 5909.98 
28543.57 5911.11 
28593.60 5914.48 
28643.63 5918.64 
28693.65 5922.80 
28743.68 5930.62 
28793.71 5941.03 
28843.73 5951.43 
28893.76 5964.55 
28943.79 5981.19 
28993.81 5998.86 
29043.84 6030.07 
29093.87 6061.28 
29143.89 6079.85 
29193.92 6098.01 
29243.95 6115.50 
29293.97 6125.21 
29344.00 6134.92 
29394.03 6144.63 
29444.05 6154.34 
29494.08 6164.62 
29544.11 6175.97 
29594.13 6187.32 
29644.16 6188.30 
29694.19 6177.21 
29744.21 6167.40 
29794.24 6169.48 
29844.27 6171.56 
29894.29 6173.64 
29944.32 6177.39 
29994.35 6181.23 
30044.37 6185.07 
30094.40 6204.55 
30144.43 6237.84 
30194.45 6266.59 
30244.48 6295.68 
30294.51 6328.97 
30344.53 6344.28 
30394.56 6344.28 
30444.59 6344.28 
30494.61 6344.28 
30544.64 6345.16 
30594.67 6346.63 
30644.69 6348.10 
30694.72 6349.57 
30744.75 6351.19 
30794.77 6353.82 
30844.80 6356.45 
30894.83 6359.08 
30944.85 6361.70 
30994.88 6364.17 
31044.91 6365.63 
31094.93 6367.10 
31144.96 6368.57 
31194.99 6370.04 
31245.01 6365.16 
31295.04 6357.28 
31345.07 6349.39 
31395.09 6341.51 
31445.12 6333.62 
31495.15 6327.48 
31545.17 6322.13 
31595.20 6316.78 
31645.23 6311.46 
31695.25 6309.19 
31745.28 6306.92 
31795.31 6304.12 
31845.33 6297.46 
31895.36 6290.80 
31945.39 6284.14 
31995.41 6282.08 
32045.44 6300.81 
32095.47 6319.53 
32145.50 6338.38 
32195.52 6361.27 
32245.55 6384.16 
32295.58 6407.05 
32345.60 6456.78 
32395.63 6509.34 
32445.66 6538.15 
32495.68 6566.96 
32545.71 6595.77 
32595.74 6619.97 
32645.76 6641.37 
32695.79 6662.77 
32745.82 6684.17 
32795.84 6706.00 
32845.87 6727.84 
32895.90 6749.69 
32945.92 6771.54 
32995.95 6793.06 
33045.98 6814.46 
33096.00 6835.86 
33146.03 6855.77 
33196.06 6854.52 
33246.08 6853.27 
33296.11 6852.02 
33346.14 6850.78 
33396.16 6849.53 
33446.19 6852.19 
33496.22 6855.76 
33546.24 6859.33 
33596.27 6862.89 
33646.30 6866.46 
33696.32 6869.71 
33746.35 6872.21 
33796.38 6874.70 
33846.40 6877.20 
33896.43 6879.70 
33946.46 6881.69 
33996.48 6872.49 
34046.51 6863.29 
34096.54 6854.09 
34146.56 6844.90 
34196.59 6835.76 
34246.62 6827.88 
34296.64 6819.99 
34346.67 6812.11 
34396.70 6804.22 
34446.72 6796.15 
34496.75 6785.23 
34546.78 6774.31 
34596.80 6763.38 
34646.83 6752.46 
34696.86 6746.83 
34746.88 6742.07 
34796.91 6737.32 
34846.94 6732.56 
34896.96 6727.81 
34946.99 6721.98 
34997.02 6714.09 
35047.04 6706.21 
35097.07 6698.32 
35147.10 6690.44 
35197.12 6681.91 
35247.15 6672.20 
35297.18 6662.49 
35347.20 6652.78 
35397.23 6643.07 
35447.26 6635.78 
35497.28 6629.96 
35547.31 6624.13 
35597.34 6618.30 
35647.36 6612.48 
35697.39 6606.65 
35747.42 6600.83 
35797.44 6595.00 
35847.47 6593.51 
35897.50 6593.51 
35947.53 6593.51 
35997.55 6616.96 
36047.58 6644.43 
36097.61 6669.44 
36147.63 6686.08 
36197.66 6702.73 
36247.69 6719.37 
36297.71 6735.85 
36347.74 6751.90 
36397.77 6767.95 
36447.79 6784.00 
36497.82 6796.36 
36547.85 6806.34 
36597.87 6816.33 
36647.90 6826.32 
36697.93 6838.62 
36747.95 6852.07 
36797.98 6865.51 
36848.01 6878.18 
36898.03 6888.59 
36948.06 6898.99 
36998.09 6908.89 
37048.11 6914.44 
37098.14 6919.99 
37148.17 6925.54 
37198.19 6931.09 
37248.22 6937.51 
37298.25 6945.40 
37348.27 6953.28 
37398.30 6961.17 
37448.33 6969.05 
37498.35 6977.66 
37548.38 6987.43 
37598.41 6997.20 
37648.43 7006.97 
37698.46 7016.74 
37748.49 7026.51 
37798.51 7038.64 
37848.54 7055.29 
37898.57 7071.93 
37948.59 7088.58 
37998.62 7105.22 
38048.65 7121.87 
38098.67 7138.52 
38148.70 7155.16 
38198.73 7171.81 
38248.75 7188.45 
38298.78 7205.10 
38348.81 7219.75 
38398.83 7229.96 
38448.86 7240.18 
38498.89 7250.39 
38548.91 7260.61 
38598.94 7270.82 
38648.97 7281.64 
38698.99 7292.99 
38749.02 7304.34 
38799.05 7315.69 
38849.07 7327.04 
38899.10 7338.39 
38949.13 7342.30 
38999.15 7343.77 
39049.18 7345.23 
39099.21 7346.70 
39149.23 7346.99 
39199.26 7344.37 
39249.29 7341.74 
39299.31 7339.11 
39349.34 7336.48 
39399.37 7330.64 
39449.39 7317.20 
39499.42 7303.75 
39549.45 7290.31 
39599.47 7280.95 
39649.50 7272.14 
39699.53 7263.32 
39749.56 7254.51 
