 12.50 2692.72 
 62.54 2699.78 
112.58 2711.25 
162.63 2728.81 
212.67 2737.67 
262.71 2746.15 
312.76 2751.45 
362.80 2751.59 
412.84 2751.59 
462.89 2754.46 
512.93 2769.09 
562.97 2782.10 
613.02 2790.66 
663.06 2803.11 
713.10 2814.72 
763.15 2817.23 
813.19 2818.62 
863.23 2823.15 
913.28 2825.09 
963.32 2828.30 
1013.36 2833.38 
1063.41 2838.01 
1113.45 2839.48 
1163.49 2840.95 
1213.54 2844.78 
1263.58 2849.07 
1313.62 2853.75 
1363.67 2859.05 
1413.71 2864.37 
1463.75 2869.86 
1513.80 2875.34 
1563.84 2880.62 
1613.88 2885.23 
1663.93 2889.83 
1713.97 2895.52 
1764.01 2902.00 
1814.05 2913.15 
1864.10 2924.74 
1914.14 2934.43 
1964.18 2941.57 
2014.23 2952.15 
2064.27 2964.64 
2114.31 2975.31 
2164.36 2985.91 
2214.40 2995.96 
2264.44 3005.39 
2314.49 3009.09 
2364.53 3012.15 
2414.57 3012.15 
2464.62 3010.74 
2514.66 3006.89 
2564.70 3005.89 
2614.75 3006.71 
2664.79 3012.10 
2714.83 3017.49 
2764.88 3022.88 
2814.92 3030.65 
2864.96 3039.32 
2915.01 3047.99 
2965.05 3055.92 
3015.09 3062.17 
3065.14 3068.42 
3115.18 3074.66 
3165.22 3082.72 
3215.27 3091.64 
3265.31 3100.56 
3315.35 3105.79 
3365.40 3113.16 
3415.44 3125.33 
3465.48 3137.51 
3515.53 3150.86 
3565.57 3164.75 
3615.61 3178.19 
3665.66 3189.59 
3715.70 3201.00 
3765.74 3212.41 
3815.78 3227.00 
3865.83 3241.70 
3915.87 3252.23 
3965.91 3259.92 
4015.96 3269.73 
4066.00 3279.90 
4116.04 3287.96 
4166.09 3296.02 
4216.13 3300.59 
4266.17 3304.98 
4316.22 3309.44 
4366.26 3314.05 
4416.30 3318.91 
4466.35 3323.77 
4516.39 3330.60 
4566.43 3337.74 
4616.48 3339.95 
4666.52 3341.67 
4716.56 3343.95 
4766.61 3346.29 
4816.65 3348.92 
4866.69 3351.69 
4916.74 3354.47 
4966.78 3357.84 
5016.82 3361.79 
5066.87 3365.73 
5116.91 3366.30 
5166.95 3366.30 
5217.00 3366.02 
5267.04 3365.02 
5317.08 3368.37 
5367.13 3369.68 
5417.17 3369.78 
5467.21 3369.78 
5517.26 3372.59 
5567.30 3377.92 
5617.34 3383.75 
5667.39 3389.30 
5717.43 3392.03 
5767.47 3391.03 
5817.52 3388.58 
5867.56 3385.46 
5917.60 3383.74 
5967.64 3383.74 
6017.69 3383.74 
6067.73 3383.74 
6117.77 3384.27 
6167.82 3385.71 
6217.86 3388.71 
6267.90 3391.47 
6317.95 3393.74 
6367.99 3401.76 
6418.03 3408.62 
6468.08 3409.67 
6518.12 3406.34 
6568.16 3403.01 
6618.21 3399.00 
6668.25 3394.96 
6718.29 3397.11 
6768.34 3400.68 
6818.38 3399.93 
6868.42 3403.38 
6918.47 3409.78 
6968.51 3414.79 
7018.55 3413.15 
7068.60 3410.88 
7118.64 3406.00 
7168.68 3399.25 
7218.73 3394.25 
7268.77 3391.23 
7318.81 3389.31 
7368.86 3379.27 
7418.90 3369.78 
7468.94 3370.98 
7518.99 3375.32 
7569.03 3383.01 
7619.07 3394.94 
7669.12 3411.55 
7719.16 3424.70 
7769.20 3436.42 
7819.25 3445.67 
7869.29 3449.01 
7919.33 3452.34 
7969.38 3455.62 
8019.42 3458.56 
8069.46 3461.50 
8119.50 3465.27 
8169.55 3469.32 
8219.59 3472.96 
8269.63 3474.48 
8319.68 3475.99 
8369.72 3476.20 
8419.76 3476.20 
8469.81 3476.63 
8519.85 3478.72 
8569.89 3486.06 
8619.94 3498.06 
8669.98 3505.21 
8720.02 3511.04 
8770.07 3519.95 
8820.11 3530.24 
8870.15 3538.25 
8920.20 3541.38 
8970.24 3545.75 
9020.28 3553.93 
9070.33 3564.64 
9120.37 3575.65 
9170.41 3586.85 
9220.46 3594.42 
9270.50 3599.05 
9320.54 3605.99 
9370.59 3614.31 
9420.63 3624.95 
9470.67 3634.19 
9520.72 3638.95 
9570.76 3640.07 
9620.80 3636.63 
9670.85 3630.39 
9720.89 3624.14 
9770.93 3623.60 
9820.98 3625.60 
9871.02 3629.02 
9921.06 3644.92 
9971.11 3673.25 
10021.15 3675.62 
10071.19 3670.86 
10121.24 3663.99 
10171.28 3653.59 
10221.32 3647.14 
10271.36 3640.69 
10321.41 3638.11 
10371.45 3636.80 
10421.49 3637.93 
10471.54 3635.42 
10521.58 3631.26 
10571.62 3629.86 
10621.67 3629.36 
10671.71 3642.50 
10721.75 3660.42 
10771.80 3686.83 
10821.84 3701.13 
10871.88 3710.57 
10921.93 3721.01 
10971.97 3726.21 
11022.01 3729.34 
11072.06 3728.91 
11122.10 3725.02 
11172.14 3742.35 
11222.19 3746.58 
11272.23 3769.83 
11322.27 3786.45 
11372.32 3792.39 
11422.36 3812.46 
11472.40 3832.52 
11522.45 3847.13 
11572.49 3862.86 
11622.53 3877.89 
11672.58 3889.73 
11722.62 3896.66 
11772.66 3902.54 
11822.71 3908.07 
11872.75 3913.07 
11922.79 3921.20 
11972.84 3938.69 
12022.88 3971.00 
12072.92 3998.56 
12122.97 4015.98 
12173.01 4025.07 
12223.05 4027.18 
12273.10 4021.44 
12323.14 4008.13 
12373.18 4015.73 
12423.22 4019.64 
12473.27 4017.79 
12523.31 4020.64 
12573.35 4032.68 
12623.40 4050.53 
12673.44 4058.35 
12723.48 4059.71 
12773.53 4056.49 
12823.57 4051.17 
12873.61 4041.35 
12923.66 4029.53 
12973.70 4013.93 
13023.74 4003.36 
13073.79 3994.35 
13123.83 3990.18 
13173.87 3997.63 
13223.92 4007.11 
13273.96 4019.01 
13324.00 4035.76 
13374.05 4051.96 
13424.09 4064.45 
13474.13 4073.46 
13524.18 4072.14 
13574.22 4072.40 
13624.26 4082.12 
13674.31 4097.16 
13724.35 4114.07 
13774.39 4133.10 
13824.44 4156.84 
13874.48 4173.66 
13924.52 4191.90 
13974.57 4216.16 
14024.61 4244.56 
14074.65 4265.96 
14124.70 4282.22 
14174.74 4294.72 
14224.78 4307.21 
14274.83 4319.71 
14324.87 4332.20 
14374.91 4345.56 
14424.96 4360.32 
14475.00 4375.09 
14525.04 4389.86 
14575.08 4404.67 
14625.13 4421.78 
14675.17 4444.09 
14725.21 4463.62 
14775.26 4476.85 
14825.30 4490.08 
14875.34 4500.47 
14925.39 4510.47 
14975.43 4519.30 
15025.47 4526.19 
15075.52 4531.71 
15125.56 4534.09 
15175.60 4536.85 
15225.65 4539.71 
15275.69 4543.94 
15325.73 4551.35 
15375.78 4559.88 
15425.82 4570.29 
15475.86 4580.28 
15525.91 4590.18 
15575.95 4607.92 
15625.99 4625.65 
15676.04 4630.19 
15726.08 4632.91 
15776.12 4638.11 
15826.17 4641.16 
15876.21 4643.08 
15926.25 4644.85 
15976.30 4646.57 
16026.34 4648.34 
16076.38 4650.12 
16126.43 4651.20 
16176.47 4652.00 
16226.51 4654.72 
16276.56 4659.26 
16326.60 4665.94 
16376.64 4664.40 
16426.69 4648.50 
16476.73 4620.27 
16526.77 4612.38 
16576.82 4604.67 
16626.86 4596.98 
16676.90 4589.22 
16726.94 4581.47 
16776.99 4575.40 
16827.03 4572.70 
16877.07 4574.17 
16927.12 4575.61 
16977.16 4573.34 
17027.20 4571.06 
17077.25 4566.66 
17127.29 4561.11 
17177.33 4555.37 
17227.38 4547.42 
17277.42 4539.47 
17327.46 4531.52 
17377.51 4526.05 
17427.55 4520.77 
17477.59 4515.48 
17527.64 4510.84 
17577.68 4508.50 
17627.72 4506.15 
17677.77 4499.34 
17727.81 4492.20 
17777.85 4484.91 
17827.90 4477.40 
17877.94 4463.77 
17927.98 4451.77 
17978.03 4441.92 
18028.07 4431.93 
18078.11 4419.97 
18128.16 4410.56 
18178.20 4404.53 
18228.24 4397.91 
18278.29 4390.22 
18328.33 4382.53 
18378.37 4375.87 
18428.42 4369.99 
18478.46 4364.41 
18528.50 4360.62 
18578.55 4356.84 
18628.59 4353.99 
18678.63 4351.41 
18728.68 4355.16 
18778.72 4361.49 
18828.76 4369.68 
18878.80 4377.97 
18928.85 4385.11 
18978.89 4392.07 
19028.93 4398.88 
19078.98 4407.65 
19129.02 4418.62 
19179.06 4431.81 
19229.11 4445.04 
19279.15 4458.67 
19329.19 4471.43 
19379.24 4483.92 
19429.28 4489.71 
19479.32 4492.94 
19529.37 4495.87 
19579.41 4499.06 
19629.45 4502.96 
19679.50 4510.08 
19729.54 4522.58 
19779.58 4539.94 
19829.63 4559.46 
19879.67 4577.49 
19929.71 4593.88 
19979.76 4603.34 
20029.80 4612.79 
20079.84 4619.09 
20129.89 4624.96 
20179.93 4630.10 
20229.97 4634.54 
20280.02 4634.54 
20330.06 4634.84 
20380.10 4643.66 
20430.15 4652.48 
20480.19 4667.93 
20530.23 4683.93 
20580.28 4701.32 
20630.32 4716.49 
20680.36 4735.23 
20730.41 4760.22 
20780.45 4780.89 
20830.49 4798.01 
20880.53 4812.72 
20930.58 4824.71 
20980.62 4842.30 
21030.66 4855.57 
21080.71 4865.84 
21130.75 4875.09 
21180.79 4873.59 
21230.84 4875.46 
21280.88 4881.40 
21330.92 4892.09 
21380.97 4905.15 
21431.01 4918.04 
21481.05 4929.19 
21531.10 4935.43 
21581.14 4934.95 
21631.18 4928.37 
21681.23 4921.79 
21731.27 4915.53 
21781.31 4909.30 
21831.36 4904.99 
21881.40 4901.22 
21931.44 4898.95 
21981.49 4913.85 
22031.53 4925.68 
22081.57 4934.49 
22131.62 4940.74 
22181.66 4946.66 
22231.70 4951.66 
22281.75 4957.21 
22331.79 4965.80 
22381.83 4974.41 
22431.88 4983.11 
22481.92 5001.09 
22531.96 5021.85 
22582.01 5047.85 
22632.05 5069.84 
22682.09 5083.33 
22732.14 5090.74 
22782.18 5094.87 
22832.22 5104.12 
22882.27 5118.01 
22932.31 5125.41 
22982.35 5126.33 
23032.39 5122.43 
23082.44 5121.07 
23132.48 5122.76 
23182.52 5127.93 
23232.57 5136.48 
23282.61 5137.28 
23332.65 5131.98 
23382.70 5122.41 
23432.74 5110.20 
23482.78 5097.25 
23532.83 5088.56 
23582.87 5083.52 
23632.91 5083.52 
23682.96 5088.93 
23733.00 5099.50 
23783.04 5123.76 
23833.09 5157.67 
23883.13 5189.51 
23933.17 5210.80 
23983.22 5225.31 
24033.26 5239.69 
24083.30 5269.75 
24133.35 5292.74 
24183.39 5312.47 
24233.43 5324.49 
24283.48 5336.09 
24333.52 5350.50 
24383.56 5369.24 
24433.61 5387.98 
24483.65 5405.67 
24533.69 5423.17 
24583.74 5440.58 
24633.78 5457.23 
24683.82 5472.77 
24733.87 5483.18 
24783.91 5493.59 
24833.95 5483.81 
24884.00 5478.60 
24934.04 5476.33 
24984.08 5485.38 
25034.13 5501.62 
25084.17 5521.00 
25134.21 5541.23 
25184.25 5555.46 
25234.30 5561.10 
25284.34 5557.84 
25334.38 5552.84 
25384.43 5547.12 
25434.47 5540.88 
25484.51 5541.75 
25534.56 5544.97 
25584.60 5548.20 
25634.64 5550.87 
25684.69 5555.02 
25734.73 5565.72 
25784.77 5577.11 
25834.82 5590.34 
25884.86 5610.22 
25934.90 5632.71 
25984.95 5650.39 
26034.99 5667.80 
26085.03 5686.91 
26135.08 5702.96 
26185.12 5717.02 
26235.16 5731.07 
26285.21 5743.72 
26335.25 5755.71 
26385.29 5761.89 
26435.34 5759.39 
26485.38 5759.82 
26535.42 5762.40 
26585.47 5764.99 
26635.51 5770.74 
26685.55 5776.74 
26735.60 5787.19 
26785.64 5800.09 
26835.68 5812.98 
26885.73 5833.30 
26935.77 5855.29 
26985.81 5878.19 
27035.86 5901.90 
27085.90 5925.61 
27135.94 5949.31 
27185.99 5967.32 
27236.03 5985.16 
27286.07 6003.01 
27336.11 6017.20 
27386.16 6025.95 
27436.20 6034.69 
27486.24 6043.44 
27536.29 6052.18 
27586.33 6059.85 
27636.37 6066.98 
27686.42 6074.12 
27736.46 6081.26 
27786.50 6088.40 
27836.55 6095.20 
27886.59 6101.87 
27936.63 6108.53 
27986.68 6114.06 
28036.72 6114.06 
28086.76 6114.06 
28136.81 6114.06 
28186.85 6114.06 
28236.89 6110.28 
28286.94 6104.73 
28336.98 6099.17 
28387.02 6093.62 
28437.07 6092.58 
28487.11 6097.58 
28537.15 6102.58 
28587.20 6107.58 
28637.24 6112.57 
28687.28 6117.57 
28737.33 6122.33 
28787.37 6126.88 
28837.41 6131.42 
28887.46 6135.96 
28937.50 6140.51 
28987.54 6143.97 
29037.59 6145.16 
29087.63 6146.35 
29137.67 6147.54 
29187.72 6148.73 
29237.76 6149.07 
29287.80 6147.94 
29337.85 6146.80 
29387.89 6145.67 
29437.93 6144.53 
29487.97 6143.40 
29538.02 6142.32 
29588.06 6141.23 
29638.10 6140.14 
29688.15 6139.06 
29738.19 6137.97 
29788.23 6140.71 
29838.28 6144.88 
29888.32 6149.04 
29938.36 6156.47 
29988.41 6164.28 
30038.45 6172.08 
30088.49 6179.00 
30138.54 6179.00 
30188.58 6179.00 
30238.62 6179.00 
30288.67 6178.86 
30338.71 6177.39 
30388.75 6175.92 
30438.80 6174.45 
30488.84 6172.85 
30538.88 6169.73 
30588.93 6166.60 
30638.97 6163.48 
30689.01 6159.89 
30739.06 6155.20 
30789.10 6150.52 
30839.14 6145.83 
30889.19 6140.69 
30939.23 6135.14 
30989.27 6129.59 
31039.32 6124.03 
31089.36 6121.24 
31139.40 6126.00 
31189.45 6130.75 
31239.49 6135.51 
31289.53 6140.27 
31339.58 6148.07 
31389.62 6162.77 
31439.66 6177.47 
31489.71 6192.17 
31539.75 6210.56 
31589.79 6238.05 
31639.83 6265.53 
31689.88 6296.49 
31739.92 6327.73 
31789.96 6359.53 
31840.01 6397.01 
31890.05 6434.49 
31940.09 6466.52 
31990.14 6496.50 
32040.18 6523.96 
32090.22 6547.03 
32140.27 6570.09 
32190.31 6593.73 
32240.35 6618.71 
32290.40 6643.70 
32340.44 6661.75 
32390.48 6676.74 
32440.53 6692.79 
32490.57 6710.96 
32540.61 6729.13 
32590.66 6746.20 
32640.70 6762.86 
32690.74 6779.52 
32740.79 6794.04 
32790.83 6808.32 
32840.87 6822.60 
32890.92 6833.36 
32940.96 6841.69 
32991.00 6850.02 
33041.05 6856.78 
33091.09 6863.03 
33141.13 6873.96 
33191.18 6885.62 
33241.22 6897.28 
33291.26 6906.92 
33341.31 6912.27 
33391.35 6917.63 
33441.39 6922.95 
33491.44 6925.58 
33541.48 6928.21 
33591.52 6930.84 
33641.57 6933.47 
33691.61 6935.41 
33741.65 6936.72 
33791.69 6938.04 
33841.74 6939.35 
33891.78 6940.71 
33941.82 6943.09 
33991.87 6945.47 
34041.91 6947.85 
34091.95 6950.23 
34142.00 6952.75 
34192.04 6957.16 
34242.08 6961.57 
34292.13 6965.98 
34342.17 6970.41 
34392.21 6975.09 
34442.26 6979.78 
34492.30 6984.46 
34542.34 6987.47 
34592.39 6986.09 
34642.43 6984.70 
34692.47 6983.31 
34742.52 6981.71 
34792.56 6971.00 
34842.60 6962.70 
34892.65 6958.54 
34942.69 6954.37 
34992.73 6951.99 
35042.78 6951.16 
35092.82 6950.32 
35142.86 6949.49 
35192.91 6948.66 
35242.95 6947.82 
35292.99 6946.99 
35343.04 6946.53 
35393.08 6946.53 
35443.12 6946.53 
35493.17 6946.53 
35543.21 6946.53 
35593.25 6946.51 
35643.30 6944.51 
35693.34 6942.51 
35743.38 6940.51 
35793.43 6938.51 
35843.47 6936.51 
35893.51 6934.22 
35943.55 6929.46 
35993.60 6924.70 
36043.64 6919.94 
36093.68 6915.18 
36143.73 6909.71 
36193.77 6900.00 
36243.81 6890.28 
36293.86 6880.56 
36343.90 6870.84 
36393.94 6867.00 
36443.99 6863.87 
36494.03 6860.75 
36544.07 6857.63 
36594.12 6854.50 
36644.16 6850.80 
36694.20 6845.03 
36744.25 6839.26 
36794.29 6833.50 
36844.33 6827.73 
36894.38 6821.96 
36944.42 6816.14 
36994.46 6809.67 
37044.51 6803.19 
37094.55 6796.71 
37144.59 6790.23 
37194.64 6783.75 
37244.68 6777.27 
