 14.21 4562.24 
 64.27 4562.24 
114.33 4562.24 
164.39 4561.62 
214.45 4560.43 
264.51 4559.24 
314.56 4558.06 
364.62 4555.96 
414.68 4545.78 
464.74 4535.61 
514.80 4525.44 
564.86 4518.03 
614.92 4513.50 
664.98 4508.97 
715.04 4504.53 
765.09 4509.44 
815.15 4514.34 
865.21 4519.24 
915.27 4523.85 
965.33 4528.37 
1015.39 4532.90 
1065.45 4539.71 
1115.51 4551.39 
1165.56 4563.08 
1215.62 4574.76 
1265.68 4586.45 
1315.74 4598.13 
1365.80 4609.90 
1415.86 4624.35 
1465.92 4638.81 
1515.98 4653.26 
1566.04 4667.71 
1616.09 4682.17 
1666.15 4694.99 
1716.21 4707.71 
1766.27 4720.44 
1816.33 4733.16 
1866.39 4745.88 
1916.45 4755.71 
1966.51 4765.52 
2016.57 4775.33 
2066.62 4785.14 
2116.68 4794.94 
2166.74 4804.75 
2216.80 4815.43 
2266.86 4826.76 
2316.92 4838.10 
2366.98 4849.43 
2417.04 4860.76 
2467.09 4872.10 
2517.15 4879.55 
2567.21 4883.79 
2617.27 4888.03 
2667.33 4892.27 
2717.39 4896.51 
2767.45 4904.38 
2817.51 4914.70 
2867.57 4925.03 
2917.62 4935.35 
2967.68 4945.68 
3017.74 4952.06 
3067.80 4954.68 
3117.86 4957.29 
3167.92 4959.91 
3217.98 4963.88 
3268.04 4969.23 
3318.10 4974.58 
3368.15 4978.29 
3418.21 4980.67 
3468.27 4983.04 
3518.33 4985.42 
3568.39 4988.31 
3618.45 4994.44 
3668.51 5000.57 
3718.57 5006.70 
3768.63 5012.83 
3818.68 5012.01 
3868.74 5009.99 
3918.80 5007.98 
3968.86 5005.97 
4018.92 5003.96 
4068.98 5003.22 
4119.04 5003.22 
4169.10 5003.22 
4219.15 5002.39 
4269.21 4997.04 
4319.27 4991.69 
4369.33 4987.27 
4419.39 4986.32 
4469.45 4985.36 
4519.51 4984.40 
4569.57 4983.44 
4619.63 4982.49 
4669.68 4979.85 
4719.74 4976.58 
4769.80 4973.32 
4819.86 4970.72 
4869.92 4968.76 
4919.98 4966.79 
4970.04 4964.83 
5020.10 4962.87 
5070.16 4962.01 
5120.21 4966.92 
5170.27 4971.82 
5220.33 4976.73 
5270.39 4978.46 
5320.45 4980.03 
5370.51 4981.60 
5420.57 4981.62 
5470.63 4980.61 
5520.68 4979.61 
5570.74 4978.60 
5620.80 4977.59 
5670.86 4976.97 
5720.92 4976.97 
5770.98 4976.97 
5821.04 4977.79 
5871.10 4978.95 
5921.16 4980.10 
5971.21 4981.25 
6021.27 4982.22 
6071.33 4982.22 
6121.39 4982.22 
6171.45 4980.59 
6221.51 4978.41 
6271.57 4978.31 
6321.63 4982.24 
6371.69 4986.16 
6421.74 4992.55 
6471.80 5000.18 
6521.86 5007.80 
6571.92 5015.71 
6621.98 5023.97 
6672.04 5032.23 
6722.10 5040.48 
6772.16 5048.74 
6822.21 5056.01 
6872.27 5062.93 
6922.33 5069.85 
6972.39 5076.78 
7022.45 5081.37 
7072.51 5084.08 
7122.57 5086.78 
7172.63 5089.49 
7222.69 5095.93 
7272.74 5102.47 
7322.80 5109.01 
7372.86 5115.54 
7422.92 5122.08 
7472.98 5128.97 
7523.04 5142.05 
7573.10 5155.12 
7623.16 5165.53 
7673.22 5172.85 
7723.27 5180.16 
7773.33 5187.48 
7823.39 5194.79 
7873.45 5202.11 
7923.51 5209.42 
7973.57 5216.17 
8023.63 5220.44 
8073.69 5224.70 
8123.75 5228.96 
8173.80 5233.23 
8223.86 5237.49 
8273.92 5242.50 
8323.98 5248.22 
8374.04 5253.94 
8424.10 5259.66 
8474.16 5265.38 
8524.22 5271.11 
8574.27 5275.60 
8624.33 5279.23 
8674.39 5282.86 
8724.45 5286.50 
8774.51 5290.13 
8824.57 5293.76 
8874.63 5297.39 
8924.69 5304.27 
8974.75 5311.40 
9024.80 5318.56 
9074.86 5325.83 
9124.92 5333.09 
9174.98 5340.36 
9225.04 5347.37 
9275.10 5354.34 
9325.16 5361.32 
9375.22 5368.29 
9425.28 5375.27 
9475.33 5383.51 
9525.39 5394.33 
9575.45 5405.16 
9625.51 5415.98 
9675.57 5422.20 
9725.63 5426.90 
9775.69 5431.61 
9825.75 5437.37 
9875.80 5443.65 
9925.86 5449.92 
9975.92 5450.15 
10025.98 5446.09 
10076.04 5442.04 
10126.10 5438.02 
10176.16 5439.02 
10226.22 5440.03 
10276.28 5441.03 
10326.33 5442.04 
10376.39 5443.62 
10426.45 5447.54 
10476.51 5451.47 
10526.57 5455.39 
10576.63 5459.38 
10626.69 5463.44 
10676.75 5467.50 
10726.81 5471.55 
10776.86 5467.88 
10826.92 5463.52 
10876.98 5464.77 
10927.04 5468.45 
10977.10 5472.13 
11027.16 5475.81 
11077.22 5477.39 
11127.28 5478.29 
11177.34 5479.18 
11227.39 5480.07 
11277.45 5480.96 
11327.51 5481.81 
11377.57 5482.56 
11427.63 5483.32 
11477.69 5484.07 
11527.75 5484.83 
11577.81 5485.58 
11627.86 5486.33 
11677.92 5487.21 
11727.98 5488.11 
11778.04 5489.00 
11828.10 5489.89 
11878.16 5490.78 
11928.22 5491.24 
11978.28 5491.24 
12028.34 5491.24 
12078.39 5491.24 
12128.45 5491.02 
12178.51 5485.30 
12228.57 5479.58 
12278.63 5473.86 
12328.69 5468.14 
12378.75 5462.42 
12428.81 5456.75 
12478.87 5451.52 
12528.92 5446.29 
12578.98 5441.06 
12629.04 5435.09 
12679.10 5428.09 
12729.16 5421.08 
12779.22 5414.08 
12829.28 5410.66 
12879.34 5407.40 
12929.39 5404.12 
12979.45 5399.06 
13029.51 5394.00 
13079.57 5388.94 
13129.63 5383.28 
13179.69 5374.88 
13229.75 5366.47 
13279.81 5358.06 
13329.87 5347.85 
13379.92 5336.96 
13429.98 5330.30 
13480.04 5327.85 
13530.10 5325.40 
13580.16 5322.95 
13630.22 5313.48 
13680.28 5298.39 
13730.34 5294.99 
13780.40 5298.10 
13830.45 5321.64 
13880.51 5324.63 
13930.57 5323.18 
13980.63 5312.82 
14030.69 5307.22 
14080.75 5307.15 
14130.81 5307.15 
14180.87 5307.15 
14230.92 5297.86 
14280.98 5286.09 
14331.04 5273.29 
14381.10 5260.21 
14431.16 5253.62 
14481.22 5247.08 
14531.28 5251.68 
14581.34 5263.94 
14631.40 5276.20 
14681.45 5287.92 
14731.51 5298.82 
14781.57 5309.72 
14831.63 5320.62 
14881.69 5324.57 
14931.75 5326.75 
14981.81 5328.93 
15031.87 5332.39 
15081.93 5341.04 
15131.98 5349.68 
15182.04 5358.26 
15232.10 5366.79 
15282.16 5375.31 
15332.22 5381.90 
15382.28 5385.17 
15432.34 5388.43 
15482.40 5391.49 
15532.46 5388.13 
15582.51 5384.76 
15632.57 5381.40 
15682.63 5378.04 
15732.69 5374.98 
15782.75 5373.44 
15832.81 5371.90 
15882.87 5370.36 
15932.93 5368.82 
15982.98 5367.28 
16033.04 5365.74 
16083.10 5364.32 
16133.16 5364.32 
16183.22 5364.32 
16233.28 5364.32 
16283.34 5362.43 
16333.40 5358.30 
16383.46 5354.17 
16433.51 5350.04 
16483.57 5345.91 
16533.63 5342.49 
16583.69 5342.49 
16633.75 5342.49 
16683.81 5342.49 
16733.87 5342.49 
16783.93 5343.10 
16833.99 5346.78 
16884.04 5350.46 
16934.10 5354.14 
16984.16 5357.81 
17034.22 5362.73 
17084.28 5368.14 
17134.34 5373.56 
17184.40 5378.97 
17234.46 5382.36 
17284.51 5384.81 
17334.57 5387.26 
17384.63 5389.71 
17434.69 5392.90 
17484.75 5398.50 
17534.81 5404.11 
17584.87 5409.71 
17634.93 5415.32 
17684.99 5418.88 
17735.04 5418.88 
17785.10 5418.88 
17835.16 5418.88 
17885.22 5418.88 
17935.28 5418.88 
17985.34 5418.88 
18035.40 5418.88 
18085.46 5418.88 
18135.52 5418.42 
18185.57 5417.44 
18235.63 5416.46 
18285.69 5415.48 
18335.75 5414.50 
18385.81 5413.52 
18435.87 5417.84 
18485.93 5422.74 
18535.99 5427.65 
18586.05 5431.37 
18636.10 5434.17 
18686.16 5436.97 
18736.22 5439.77 
18786.28 5451.96 
18836.34 5468.77 
18886.40 5485.59 
18936.46 5511.85 
18986.52 5541.27 
19036.57 5561.15 
19086.63 5572.36 
19136.69 5583.57 
19186.75 5596.62 
19236.81 5610.89 
19286.87 5625.15 
19336.93 5623.12 
19386.99 5607.43 
19437.05 5599.92 
19487.10 5602.10 
19537.16 5604.28 
19587.22 5627.79 
19637.28 5652.31 
19687.34 5666.47 
19737.40 5676.79 
19787.46 5686.47 
19837.52 5689.37 
19887.58 5692.28 
19937.63 5695.19 
19987.69 5696.75 
20037.75 5695.63 
20087.81 5694.51 
20137.87 5693.39 
20187.93 5692.27 
20237.99 5690.45 
20288.05 5687.84 
20338.10 5687.40 
20388.16 5690.54 
20438.22 5693.68 
20488.28 5696.82 
20538.34 5706.78 
20588.40 5717.48 
20638.46 5728.18 
20688.52 5736.47 
20738.58 5744.32 
20788.63 5750.19 
20838.69 5755.42 
20888.75 5749.62 
20938.81 5738.42 
20988.87 5727.21 
21038.93 5719.21 
21088.99 5712.29 
21139.05 5703.80 
21189.11 5692.81 
21239.16 5681.83 
21289.22 5670.84 
21339.28 5662.71 
21389.34 5654.87 
21439.40 5654.63 
21489.46 5656.03 
21539.52 5657.43 
21589.58 5658.84 
21639.63 5662.99 
21689.69 5667.34 
21739.75 5672.03 
21789.81 5677.14 
21839.87 5682.26 
21889.93 5687.17 
21939.99 5691.37 
21990.05 5695.58 
22040.11 5699.78 
22090.16 5704.22 
22140.22 5709.12 
22190.28 5714.02 
22240.34 5718.93 
22290.40 5725.74 
22340.46 5732.57 
22390.52 5739.39 
22440.58 5749.30 
22490.64 5760.00 
22540.69 5770.70 
22590.75 5789.09 
22640.81 5810.21 
22690.87 5834.91 
22740.93 5854.25 
22790.99 5865.14 
22841.05 5876.04 
22891.11 5877.17 
22941.17 5877.17 
22991.22 5872.20 
23041.28 5866.97 
23091.34 5871.25 
23141.40 5877.02 
23191.46 5882.80 
23241.52 5888.58 
23291.58 5906.98 
23341.64 5927.05 
23391.69 5947.12 
23441.75 5967.19 
23491.81 5987.26 
23541.87 6007.33 
23591.93 6029.42 
23641.99 6051.59 
23692.05 6073.77 
23742.11 6089.13 
23792.17 6102.66 
23842.22 6116.18 
23892.28 6129.71 
23942.34 6142.24 
23992.40 6154.49 
24042.46 6166.75 
24092.52 6179.01 
24142.58 6189.09 
24192.64 6195.63 
24242.70 6202.17 
24292.75 6202.81 
24342.81 6202.81 
24392.87 6211.16 
24442.93 6226.11 
24492.99 6241.05 
24543.05 6253.17 
24593.11 6263.87 
24643.17 6274.57 
24693.22 6285.27 
24743.28 6295.66 
24793.34 6303.68 
24843.40 6311.71 
24893.46 6319.73 
24943.52 6327.76 
24993.58 6335.78 
25043.64 6343.69 
25093.70 6349.64 
25143.75 6355.58 
25193.81 6361.52 
25243.87 6367.47 
25293.93 6370.40 
25343.99 6370.40 
25394.05 6370.40 
25444.11 6370.40 
25494.17 6370.40 
25544.23 6371.58 
25594.28 6375.94 
25644.34 6380.30 
25694.40 6384.65 
25744.46 6378.78 
25794.52 6364.51 
25844.58 6350.24 
25894.64 6338.29 
25944.70 6328.48 
25994.76 6318.67 
26044.81 6308.86 
26094.87 6287.04 
26144.93 6259.02 
26194.99 6245.17 
26245.05 6236.56 
26295.11 6227.95 
26345.17 6219.34 
26395.23 6210.73 
26445.28 6201.63 
26495.34 6186.91 
26545.40 6172.20 
26595.46 6177.60 
26645.52 6185.86 
26695.58 6192.48 
26745.64 6194.34 
26795.70 6196.21 
26845.76 6197.40 
26895.81 6197.40 
26945.87 6197.40 
26995.93 6197.84 
27045.99 6205.69 
27096.05 6213.54 
27146.11 6238.13 
27196.17 6262.91 
27246.23 6280.68 
27296.29 6286.56 
27346.34 6292.45 
27396.40 6282.65 
27446.46 6263.04 
27496.52 6243.42 
27546.58 6223.81 
27596.64 6211.91 
27646.70 6202.49 
27696.76 6193.07 
27746.81 6186.59 
27796.87 6186.59 
27846.93 6186.59 
27896.99 6186.59 
27947.05 6185.47 
27997.11 6181.90 
28047.17 6178.33 
28097.23 6174.77 
28147.29 6171.20 
28197.34 6167.86 
28247.40 6164.59 
28297.46 6161.32 
28347.52 6156.28 
28397.58 6149.14 
28447.64 6142.01 
28497.70 6135.83 
28547.76 6130.93 
28597.82 6130.19 
28647.87 6143.93 
28697.93 6157.66 
28747.99 6154.26 
28798.05 6131.38 
28848.11 6112.60 
28898.17 6103.99 
28948.23 6117.07 
28998.29 6121.72 
29048.34 6121.72 
29098.40 6121.72 
29148.46 6121.72 
29198.52 6121.72 
29248.58 6112.54 
29298.64 6095.23 
29348.70 6077.58 
29398.76 6059.93 
29448.82 6054.25 
29498.87 6051.11 
29548.93 6047.97 
29598.99 6044.08 
29649.05 6038.97 
29699.11 6033.85 
29749.17 6030.12 
29799.23 6031.57 
29849.29 6033.02 
29899.35 6034.48 
29949.40 6038.10 
29999.46 6043.99 
30049.52 6049.87 
30099.58 6054.22 
30149.64 6058.02 
30199.70 6061.82 
30249.76 6065.61 
30299.82 6070.34 
30349.88 6076.15 
30399.93 6081.96 
30449.99 6087.78 
30500.05 6103.82 
30550.11 6123.44 
30600.17 6143.05 
30650.23 6162.67 
30700.29 6180.66 
30750.35 6195.37 
30800.40 6210.08 
30850.46 6224.78 
30900.52 6238.90 
30950.58 6253.03 
31000.64 6267.15 
31050.70 6283.70 
31100.76 6302.00 
31150.82 6319.87 
31200.88 6337.30 
31250.93 6354.68 
31300.99 6370.37 
31351.05 6386.07 
31401.11 6397.43 
31451.17 6397.43 
31501.23 6397.43 
31551.29 6392.43 
31601.35 6379.36 
31651.41 6372.72 
31701.46 6380.07 
31751.52 6387.70 
31801.58 6397.51 
31851.64 6407.31 
31901.70 6415.79 
31951.76 6421.82 
32001.82 6427.86 
32051.88 6433.89 
32101.93 6435.27 
32151.99 6435.27 
32202.05 6435.27 
32252.11 6447.95 
32302.17 6462.41 
32352.23 6479.22 
32402.29 6502.75 
32452.35 6525.74 
32502.41 6546.39 
32552.46 6567.03 
32602.52 6587.09 
32652.58 6606.70 
32702.64 6625.57 
32752.70 6637.10 
32802.76 6648.64 
32852.82 6650.12 
32902.88 6648.25 
32952.94 6646.38 
33002.99 6649.06 
33053.05 6652.51 
33103.11 6653.66 
33153.17 6653.66 
33203.23 6653.66 
33253.29 6649.25 
33303.35 6644.02 
33353.41 6656.31 
33403.47 6684.43 
33453.52 6684.43 
33503.58 6684.43 
33553.64 6689.45 
33603.70 6696.38 
33653.76 6703.13 
33703.82 6707.26 
33753.88 6711.39 
33803.94 6715.86 
33853.99 6724.27 
33904.05 6732.68 
33954.11 6751.91 
34004.17 6772.56 
34054.23 6793.21 
34104.29 6799.91 
34154.35 6805.14 
34204.41 6807.48 
34254.47 6807.48 
34304.52 6807.48 
34354.58 6804.42 
34404.64 6797.07 
34454.70 6789.71 
34504.76 6776.33 
34554.82 6762.31 
34604.88 6756.27 
34654.94 6753.47 
34705.00 6759.45 
34755.05 6773.72 
34805.11 6804.25 
34855.17 6828.91 
34905.23 6836.75 
34955.29 6844.60 
35005.35 6852.44 
35055.41 6871.28 
35105.47 6903.16 
35155.52 6935.03 
35205.58 6958.57 
35255.64 6981.64 
35305.70 7001.44 
35355.76 7012.88 
35405.82 7024.33 
35455.88 7035.77 
35505.94 7050.60 
35556.00 7068.58 
35606.05 7086.56 
35656.11 7104.54 
35706.17 7124.53 
35756.23 7145.18 
35806.29 7165.83 
35856.35 7192.18 
35906.41 7220.21 
35956.47 7248.23 
36006.53 7271.42 
36056.58 7289.40 
36106.64 7307.39 
36156.70 7325.37 
36206.76 7344.52 
36256.82 7364.13 
36306.88 7383.75 
36356.94 7403.37 
36407.00 7419.47 
36457.05 7433.59 
36507.11 7447.72 
36557.17 7461.84 
36607.23 7482.13 
36657.29 7504.85 
36707.35 7527.56 
36757.41 7544.49 
36807.47 7559.37 
36857.53 7574.25 
36907.58 7589.13 
36957.64 7602.74 
37007.70 7610.91 
37057.76 7619.08 
37107.82 7627.26 
37157.88 7635.43 
37207.94 7643.60 
37258.00 7651.77 
37308.06 7659.95 
37358.11 7666.65 
37408.17 7672.59 
37458.23 7678.53 
37508.29 7684.48 
37558.35 7690.42 
37608.41 7696.76 
37658.47 7703.53 
37708.53 7710.29 
37758.59 7717.06 
37808.64 7723.82 
37858.70 7732.24 
37908.76 7740.77 
37958.82 7749.30 
38008.88 7757.68 
38058.94 7765.75 
38109.00 7773.83 
38159.06 7781.91 
38209.11 7789.98 
38259.17 7798.06 
38309.23 7808.29 
38359.29 7818.53 
38409.35 7828.76 
38459.41 7840.90 
38509.47 7855.99 
38559.53 7868.72 
38609.59 7877.12 
38659.64 7885.24 
38709.70 7891.78 
38759.76 7898.31 
38809.82 7907.71 
38859.88 7922.80 
38909.94 7942.35 
38960.00 7972.53 
39010.06 8002.87 
39060.12 8033.70 
39110.17 8063.94 
39160.23 8085.19 
39210.29 8106.44 
39260.35 8127.69 
39310.41 8147.16 
39360.47 8162.41 
39410.53 8177.67 
39460.59 8189.98 
39510.64 8199.04 
39560.70 8204.15 
39610.76 8204.15 
39660.82 8204.15 
39710.88 8224.91 
39760.94 8247.33 
39811.00 8269.75 
39861.06 8289.26 
39911.12 8307.09 
39961.17 8324.93 
40011.23 8342.87 
40061.29 8361.34 
40111.35 8379.80 
40161.41 8393.79 
40211.47 8403.60 
40261.53 8413.41 
40311.59 8423.22 
40361.65 8436.38 
40411.70 8450.64 
40461.76 8464.91 
40511.82 8475.85 
40561.88 8479.12 
40611.94 8484.94 
40662.00 8494.28 
40712.06 8503.62 
40762.12 8513.50 
40812.18 8527.08 
40862.23 8540.66 
40912.29 8554.24 
40962.35 8567.69 
41012.41 8578.51 
41062.47 8589.33 
41112.53 8600.15 
41162.59 8610.98 
41212.65 8620.55 
41262.70 8628.87 
41312.76 8637.19 
41362.82 8645.51 
41412.88 8653.83 
41462.94 8663.58 
41513.00 8676.27 
41563.06 8688.96 
41613.12 8701.65 
41663.18 8714.35 
41713.23 8727.04 
41763.29 8737.23 
41813.35 8747.40 
41863.41 8757.57 
41913.47 8767.74 
41963.53 8777.64 
42013.59 8787.44 
42063.65 8797.25 
42113.71 8807.06 
42163.76 8816.87 
42213.82 8827.85 
42263.88 8839.23 
42313.94 8850.62 
42364.00 8862.01 
42414.06 8873.40 
42464.12 8881.14 
42514.18 8888.37 
42564.23 8895.59 
42614.29 8902.82 
42664.35 8910.05 
42714.41 8917.27 
