  5.51 5050.60 
 55.59 5047.33 
105.67 5044.46 
155.75 5041.61 
205.83 5038.60 
255.91 5035.48 
305.99 5033.35 
356.07 5032.21 
406.15 5031.06 
456.23 5029.91 
506.31 5034.17 
556.39 5041.12 
606.48 5047.04 
656.56 5051.95 
706.64 5062.86 
756.72 5073.16 
806.80 5081.34 
856.88 5089.52 
906.96 5097.39 
957.04 5104.76 
1007.12 5111.58 
1057.20 5119.62 
1107.28 5127.81 
1157.36 5136.79 
1207.45 5143.93 
1257.53 5148.77 
1307.61 5154.86 
1357.69 5161.68 
1407.77 5168.57 
1457.85 5175.14 
1507.93 5178.77 
1558.01 5182.70 
1608.09 5187.38 
1658.17 5189.98 
1708.25 5192.27 
1758.33 5194.19 
1808.42 5196.09 
1858.50 5197.27 
1908.58 5198.05 
1958.66 5198.83 
2008.74 5198.24 
2058.82 5197.33 
2108.90 5196.03 
2158.98 5194.14 
2209.06 5192.25 
2259.14 5190.43 
2309.22 5188.61 
2359.30 5185.35 
2409.38 5181.31 
2459.47 5177.27 
2509.55 5172.71 
2559.63 5168.12 
2609.71 5163.76 
2659.79 5157.95 
2709.87 5150.68 
2759.95 5150.56 
2810.03 5150.56 
2860.11 5152.25 
2910.19 5154.00 
2960.27 5153.02 
3010.35 5147.84 
3060.44 5141.61 
3110.52 5137.06 
3160.60 5136.11 
3210.68 5135.16 
3260.76 5136.97 
3310.84 5138.14 
3360.92 5139.13 
3411.00 5147.44 
3461.08 5155.29 
3511.16 5164.75 
3561.24 5176.40 
3611.32 5188.30 
3661.41 5202.03 
3711.49 5220.20 
3761.57 5235.50 
3811.65 5250.04 
3861.73 5264.59 
3911.81 5277.61 
3961.89 5289.85 
4011.97 5301.48 
4062.05 5310.14 
4112.13 5317.64 
4162.21 5325.14 
4212.29 5335.28 
4262.38 5349.41 
4312.46 5360.76 
4362.54 5362.44 
4412.62 5365.70 
4462.70 5369.50 
4512.78 5373.63 
4562.86 5379.87 
4612.94 5385.19 
4663.02 5389.79 
4713.10 5394.84 
4763.18 5400.58 
4813.26 5406.37 
4863.35 5412.32 
4913.43 5420.71 
4963.51 5428.99 
5013.59 5437.17 
5063.67 5442.91 
5113.75 5447.65 
5163.83 5452.42 
5213.91 5457.46 
5263.99 5464.29 
5314.07 5472.17 
5364.15 5476.03 
5414.23 5477.12 
5464.32 5478.54 
5514.40 5480.35 
5564.48 5482.53 
5614.56 5486.01 
5664.64 5493.65 
5714.72 5501.10 
5764.80 5507.92 
5814.88 5515.47 
5864.96 5523.51 
5915.04 5529.79 
5965.12 5535.25 
6015.20 5540.70 
6065.28 5547.19 
6115.37 5554.96 
6165.45 5561.85 
6215.53 5568.22 
6265.61 5570.19 
6315.69 5570.19 
6365.77 5568.59 
6415.85 5565.87 
6465.93 5565.78 
6516.01 5566.52 
6566.09 5567.52 
6616.17 5566.93 
6666.25 5564.16 
6716.34 5560.31 
6766.42 5548.58 
6816.50 5534.05 
6866.58 5520.41 
6916.66 5506.77 
6966.74 5498.62 
7016.82 5493.29 
7066.90 5485.45 
7116.98 5478.47 
7167.06 5471.17 
7217.14 5451.16 
7267.22 5431.03 
7317.31 5416.26 
7367.39 5402.75 
7417.47 5397.58 
7467.55 5396.63 
7517.63 5396.47 
7567.71 5397.83 
7617.79 5400.99 
7667.87 5404.84 
7717.95 5408.69 
7768.03 5412.48 
7818.11 5416.11 
7868.19 5419.75 
7918.28 5419.51 
7968.36 5418.63 
8018.44 5418.05 
8068.52 5418.05 
8118.60 5418.05 
8168.68 5418.05 
8218.76 5418.39 
8268.84 5419.07 
8318.92 5419.75 
8369.00 5421.07 
8419.08 5424.18 
8469.16 5432.56 
8519.25 5438.32 
8569.33 5439.31 
8619.41 5439.86 
8669.49 5438.72 
8719.57 5436.25 
8769.65 5430.51 
8819.73 5423.45 
8869.81 5413.50 
8919.89 5403.23 
8969.97 5394.41 
9020.05 5391.29 
9070.13 5388.59 
9120.22 5386.50 
9170.30 5386.50 
9220.38 5385.55 
9270.46 5383.57 
9320.54 5381.59 
9370.62 5379.16 
9420.70 5376.31 
9470.78 5373.46 
9520.86 5371.43 
9570.94 5370.48 
9621.02 5369.53 
9671.10 5368.06 
9721.18 5365.54 
9771.27 5363.03 
9821.35 5360.51 
9871.43 5355.76 
9921.51 5350.56 
9971.59 5345.38 
10021.67 5341.53 
10071.75 5337.68 
10121.83 5334.51 
10171.91 5331.60 
10221.99 5329.78 
10272.07 5328.42 
10322.15 5326.95 
10372.24 5325.39 
10422.32 5324.87 
10472.40 5326.69 
10522.48 5330.66 
10572.56 5336.57 
10622.64 5343.51 
10672.72 5351.48 
10722.80 5361.40 
10772.88 5371.40 
10822.96 5381.47 
10873.04 5390.68 
10923.12 5399.66 
10973.21 5409.61 
11023.29 5420.52 
11073.37 5428.65 
11123.45 5436.47 
11173.53 5447.38 
11223.61 5457.30 
11273.69 5465.69 
11323.77 5472.81 
11373.85 5479.22 
11423.93 5484.81 
11474.01 5488.90 
11524.09 5492.79 
11574.18 5495.08 
11624.26 5495.08 
11674.34 5493.62 
11724.42 5489.77 
11774.50 5485.94 
11824.58 5482.30 
11874.66 5481.51 
11924.74 5483.81 
11974.82 5486.10 
12024.90 5490.06 
12074.98 5494.15 
12125.06 5498.24 
12175.15 5502.33 
12225.23 5504.97 
12275.31 5506.71 
12325.39 5508.46 
12375.47 5510.96 
12425.55 5515.63 
12475.63 5520.60 
12525.71 5526.05 
12575.79 5531.50 
12625.87 5536.37 
12675.95 5540.96 
12726.03 5545.53 
12776.12 5549.89 
12826.20 5554.14 
12876.28 5557.50 
12926.36 5559.64 
12976.44 5559.64 
13026.52 5559.64 
13076.60 5560.19 
13126.68 5561.56 
13176.76 5562.94 
13226.84 5564.40 
13276.92 5566.29 
13327.00 5569.65 
13377.08 5571.38 
13427.17 5573.10 
13477.25 5574.32 
13527.33 5574.32 
13577.41 5575.60 
13627.49 5579.69 
13677.57 5583.51 
13727.65 5585.94 
13777.73 5588.36 
13827.81 5591.10 
13877.89 5593.94 
13927.97 5596.79 
13978.05 5601.32 
14028.14 5606.77 
14078.22 5612.23 
14128.30 5618.31 
14178.38 5625.27 
14228.46 5632.22 
14278.54 5637.68 
14328.62 5643.13 
14378.70 5647.02 
14428.78 5650.81 
14478.86 5654.61 
14528.94 5660.03 
14579.02 5665.48 
14629.11 5675.19 
14679.19 5685.34 
14729.27 5695.78 
14779.35 5706.21 
14829.43 5716.54 
14879.51 5726.61 
14929.59 5739.08 
14979.67 5753.11 
15029.75 5767.55 
15079.83 5782.09 
15129.91 5796.64 
15179.99 5809.50 
15230.08 5819.51 
15280.16 5829.77 
15330.24 5839.63 
15380.32 5849.18 
15430.40 5856.82 
15480.48 5864.45 
15530.56 5872.63 
15580.64 5881.36 
15630.72 5890.08 
15680.80 5898.79 
15730.88 5907.49 
15780.96 5914.70 
15831.05 5920.15 
15881.13 5927.26 
15931.21 5934.76 
15981.29 5942.47 
16031.37 5949.36 
16081.45 5956.28 
16131.53 5963.29 
16181.61 5970.30 
16231.69 5976.15 
16281.77 5981.00 
16331.85 5984.77 
16381.93 5988.26 
16432.02 5992.16 
16482.10 5996.75 
16532.18 6001.22 
16582.26 6005.58 
16632.34 6008.37 
16682.42 6010.05 
16732.50 6011.61 
16782.58 6011.61 
16832.66 6011.92 
16882.74 6014.35 
16932.82 6018.12 
16982.90 6024.49 
17032.98 6031.76 
17083.07 6039.03 
17133.15 6046.65 
17183.23 6056.83 
17233.31 6064.21 
17283.39 6070.16 
17333.47 6076.56 
17383.55 6083.38 
17433.63 6088.55 
17483.71 6095.59 
17533.79 6108.52 
17583.87 6123.96 
17633.95 6139.01 
17684.04 6154.87 
17734.12 6172.18 
17784.20 6188.95 
17834.28 6203.13 
17884.36 6216.82 
17934.44 6228.37 
17984.52 6238.22 
18034.60 6246.30 
18084.68 6253.58 
18134.76 6259.09 
18184.84 6264.81 
18234.92 6273.29 
18285.01 6284.37 
18335.09 6300.02 
18385.17 6318.42 
18435.25 6336.01 
18485.33 6351.97 
18535.41 6363.72 
18585.49 6381.68 
18635.57 6397.31 
18685.65 6409.31 
18735.73 6421.18 
18785.81 6432.09 
18835.89 6440.51 
18885.98 6447.06 
18936.06 6451.12 
18986.14 6453.74 
19036.22 6456.41 
19086.30 6459.25 
19136.38 6462.10 
19186.46 6466.73 
19236.54 6470.20 
19286.62 6473.26 
19336.70 6480.84 
19386.78 6488.43 
19436.86 6495.76 
19486.95 6503.03 
19537.03 6508.51 
19587.11 6512.00 
19637.19 6512.93 
19687.27 6513.63 
19737.35 6515.89 
19787.43 6518.15 
19837.51 6515.87 
19887.59 6509.05 
19937.67 6502.24 
19987.75 6496.89 
20037.83 6493.86 
20087.92 6492.95 
20138.00 6492.04 
20188.08 6488.04 
20238.16 6482.78 
20288.24 6477.53 
20338.32 6472.28 
20388.40 6470.53 
20438.48 6468.97 
20488.56 6467.36 
20538.64 6465.55 
20588.72 6463.44 
20638.80 6461.33 
20688.88 6457.60 
20738.97 6453.78 
20789.05 6449.74 
20839.13 6445.70 
20889.21 6444.20 
20939.29 6442.83 
20989.37 6441.44 
21039.45 6439.98 
21089.53 6438.53 
21139.61 6435.99 
21189.69 6433.42 
21239.77 6430.86 
21289.85 6428.29 
21339.94 6426.89 
21390.02 6425.64 
21440.10 6424.59 
21490.18 6426.09 
21540.26 6427.60 
21590.34 6436.09 
21640.42 6449.25 
21690.50 6467.25 
21740.58 6483.94 
21790.66 6489.99 
21840.74 6494.52 
21890.82 6494.52 
21940.91 6494.52 
21990.99 6494.52 
22041.07 6495.24 
22091.15 6499.00 
22141.23 6502.77 
22191.31 6504.99 
22241.39 6506.97 
22291.47 6510.36 
22341.55 6518.84 
22391.63 6527.51 
22441.71 6534.39 
22491.79 6531.97 
22541.88 6529.54 
22591.96 6528.63 
22642.04 6527.79 
22692.12 6527.79 
22742.20 6527.79 
22792.28 6527.79 
22842.36 6527.79 
22892.44 6527.79 
22942.52 6527.79 
22992.60 6527.79 
23042.68 6527.79 
23092.76 6527.79 
23142.85 6527.79 
23192.93 6527.79 
23243.01 6527.79 
23293.09 6527.79 
23343.17 6527.79 
23393.25 6527.79 
23443.33 6527.04 
23493.41 6526.27 
23543.49 6525.51 
23593.57 6524.74 
23643.65 6518.65 
23693.73 6504.88 
23743.82 6491.10 
23793.90 6481.88 
23843.98 6480.82 
23894.06 6479.75 
23944.14 6479.60 
23994.22 6491.87 
