 38.45 5964.11 
 88.46 5969.11 
138.48 5974.10 
188.49 5979.10 
238.51 5984.10 
288.52 5989.10 
338.54 5993.60 
388.55 5996.86 
438.57 6000.12 
488.58 6003.38 
538.60 6006.63 
588.61 6009.89 
638.63 6013.15 
688.64 6016.41 
738.66 6019.67 
788.67 6022.93 
838.69 6026.19 
888.70 6029.45 
938.72 6032.71 
988.73 6035.96 
1038.75 6039.30 
1088.76 6042.87 
1138.78 6046.44 
1188.79 6050.01 
1238.81 6053.57 
1288.82 6057.14 
1338.84 6060.71 
1388.85 6064.28 
1438.87 6067.85 
1488.88 6071.42 
1538.90 6074.99 
1588.91 6078.56 
1638.93 6082.13 
1688.94 6084.53 
1738.96 6085.26 
1788.97 6086.00 
1838.99 6086.73 
1889.00 6087.47 
1939.02 6088.20 
1989.03 6088.94 
2039.05 6089.67 
2089.06 6090.41 
2139.08 6091.14 
2189.09 6091.88 
2239.11 6092.61 
2289.12 6093.35 
2339.14 6094.08 
2389.15 6094.82 
2439.17 6095.55 
2489.18 6096.29 
2539.20 6097.02 
2589.21 6097.76 
2639.23 6098.49 
2689.24 6099.23 
2739.26 6099.48 
2789.27 6099.48 
2839.29 6099.48 
2889.30 6099.48 
2939.32 6099.48 
2989.33 6099.48 
3039.35 6099.48 
3089.36 6099.48 
3139.38 6099.48 
3189.39 6099.48 
3239.41 6099.48 
3289.42 6097.73 
3339.44 6095.05 
3389.45 6092.37 
3439.47 6089.70 
3489.48 6087.02 
3539.50 6084.34 
3589.51 6081.67 
3639.53 6078.99 
3689.54 6076.31 
3739.56 6073.64 
3789.57 6070.96 
3839.59 6068.28 
3889.60 6065.60 
3939.62 6062.93 
3989.63 6060.25 
4039.65 6057.57 
4089.66 6054.90 
4139.68 6056.35 
4189.69 6061.11 
4239.71 6065.87 
4289.72 6070.63 
4339.74 6075.39 
4389.75 6080.15 
4439.77 6084.91 
4489.78 6089.67 
4539.80 6094.43 
4589.81 6099.18 
4639.83 6103.94 
4689.84 6108.70 
4739.86 6113.46 
4789.87 6118.50 
4839.89 6123.65 
4889.90 6128.79 
4939.92 6133.93 
4989.93 6139.08 
5039.95 6144.22 
5089.96 6149.37 
5139.98 6154.51 
5189.99 6159.65 
5240.01 6164.80 
5290.02 6169.94 
5340.03 6175.09 
5390.05 6180.23 
5440.06 6185.37 
5490.08 6190.52 
5540.09 6195.66 
5590.11 6200.80 
5640.12 6205.95 
5690.14 6211.09 
5740.15 6216.24 
5790.17 6221.38 
5840.18 6222.26 
5890.20 6223.00 
5940.21 6223.73 
5990.23 6224.47 
6040.24 6225.20 
6090.26 6225.94 
6140.27 6226.67 
6190.29 6227.41 
6240.30 6228.14 
6290.32 6228.88 
6340.33 6229.61 
6390.35 6230.34 
6440.36 6231.08 
6490.38 6231.81 
6540.39 6232.55 
6590.41 6233.28 
6640.42 6234.02 
6690.44 6234.75 
6740.45 6235.49 
6790.47 6236.22 
6840.48 6236.30 
6890.50 6233.80 
6940.51 6231.31 
6990.53 6228.81 
7040.54 6226.31 
7090.56 6223.81 
7140.57 6221.31 
7190.59 6218.81 
7240.60 6216.31 
7290.62 6213.82 
7340.63 6211.32 
7390.65 6208.82 
7440.66 6206.32 
7490.68 6203.82 
7540.69 6201.32 
7590.71 6198.83 
7640.72 6196.33 
7690.74 6193.83 
7740.75 6191.33 
7790.77 6187.73 
7840.78 6183.98 
7890.80 6180.23 
7940.81 6176.49 
7990.83 6172.74 
8040.84 6168.99 
8090.86 6165.24 
8140.87 6161.50 
8190.89 6157.75 
8240.90 6154.00 
8290.92 6150.25 
8340.93 6146.51 
8390.95 6145.75 
8440.96 6146.48 
8490.98 6147.22 
8540.99 6147.95 
8591.01 6148.69 
8641.02 6149.42 
8691.04 6150.16 
8741.05 6150.89 
8791.07 6151.63 
8841.08 6152.36 
8891.10 6153.10 
8941.11 6153.83 
8991.13 6154.57 
9041.14 6155.30 
9091.16 6156.04 
9141.17 6156.77 
9191.19 6157.51 
9241.20 6158.24 
9291.22 6158.98 
9341.23 6159.71 
9391.25 6160.45 
9441.26 6163.25 
9491.28 6166.28 
9541.29 6169.31 
9591.31 6172.34 
9641.32 6175.37 
9691.34 6178.39 
9741.35 6181.42 
9791.37 6184.45 
9841.38 6187.48 
9891.40 6190.51 
9941.41 6193.54 
9991.43 6196.57 
10041.44 6199.59 
10091.46 6202.62 
10141.47 6205.65 
10191.49 6208.68 
10241.50 6211.71 
10291.52 6214.74 
10341.53 6217.76 
10391.55 6220.79 
10441.56 6225.96 
10491.58 6231.84 
10541.59 6237.72 
10591.61 6243.60 
10641.62 6249.47 
10691.64 6255.35 
10741.65 6261.23 
10791.67 6267.11 
10841.68 6272.99 
10891.70 6278.87 
10941.71 6284.75 
10991.72 6290.63 
11041.74 6296.50 
11091.75 6302.38 
11141.77 6308.26 
11191.78 6314.14 
11241.80 6320.02 
11291.81 6325.90 
11341.83 6331.78 
11391.84 6337.66 
11441.86 6343.53 
11491.87 6355.93 
11541.89 6368.43 
11591.90 6380.92 
11641.92 6393.41 
11691.93 6405.90 
11741.95 6418.39 
11791.96 6419.91 
11841.98 6419.91 
11891.99 6419.91 
11942.01 6419.91 
11992.02 6419.91 
12042.04 6419.91 
12092.05 6419.91 
12142.07 6419.91 
12192.08 6419.91 
12242.10 6419.91 
12292.11 6419.91 
12342.13 6419.91 
12392.14 6419.91 
12442.16 6419.91 
12492.17 6419.91 
12542.19 6419.91 
12592.20 6419.91 
12642.22 6418.35 
12692.23 6416.36 
12742.25 6414.36 
12792.26 6412.36 
12842.28 6410.36 
12892.29 6408.36 
12942.31 6406.36 
12992.32 6404.36 
13042.34 6402.36 
13092.35 6400.36 
13142.37 6398.37 
13192.38 6396.37 
13242.40 6394.37 
13292.41 6392.37 
13342.43 6390.37 
13392.44 6389.39 
13442.46 6389.39 
13492.47 6389.39 
13542.49 6389.39 
13592.50 6389.39 
13642.52 6389.39 
13692.53 6389.39 
13742.55 6389.39 
13792.56 6389.39 
13842.58 6389.39 
13892.59 6389.39 
13942.61 6389.39 
13992.62 6389.39 
14042.64 6389.39 
14092.65 6389.39 
14142.67 6389.39 
14192.68 6389.39 
14242.70 6389.39 
14292.71 6389.39 
14342.73 6389.39 
14392.74 6389.39 
14442.76 6389.39 
14492.77 6389.39 
14542.79 6389.39 
14592.80 6389.39 
14642.82 6389.39 
14692.83 6389.39 
14742.85 6389.39 
14792.86 6389.39 
14842.88 6389.39 
14892.89 6389.39 
14942.91 6389.39 
14992.92 6389.39 
15042.94 6389.39 
15092.95 6389.39 
15142.97 6388.60 
15192.98 6387.46 
15243.00 6386.33 
15293.01 6385.19 
15343.03 6384.06 
15393.04 6382.92 
15443.06 6381.78 
15493.07 6380.65 
15543.09 6379.51 
15593.10 6378.38 
15643.12 6377.24 
15693.13 6376.11 
15743.15 6374.97 
15793.16 6372.58 
15843.18 6366.70 
15893.19 6360.82 
15943.21 6354.94 
15993.22 6349.06 
16043.24 6343.18 
16093.25 6337.30 
16143.27 6331.43 
16193.28 6325.55 
16243.30 6319.67 
16293.31 6313.79 
16343.33 6307.91 
16393.34 6302.03 
16443.36 6296.15 
16493.37 6290.27 
16543.39 6284.40 
16593.40 6278.52 
16643.42 6272.64 
16693.43 6266.76 
16743.44 6260.88 
16793.46 6255.00 
16843.47 6249.10 
16893.49 6243.19 
16943.50 6237.27 
16993.52 6231.35 
17043.53 6225.43 
17093.55 6219.52 
17143.56 6213.60 
17193.58 6207.68 
17243.59 6201.76 
17293.61 6195.85 
17343.62 6189.93 
17393.64 6184.01 
17443.65 6178.09 
17493.67 6172.18 
17543.68 6166.26 
17593.70 6160.34 
17643.71 6154.42 
17693.73 6148.51 
17743.74 6142.59 
17793.76 6136.67 
17843.77 6130.75 
17893.79 6124.84 
17943.80 6118.92 
17993.82 6113.52 
18043.83 6109.35 
18093.85 6105.19 
18143.86 6101.02 
18193.88 6096.86 
18243.89 6092.70 
18293.91 6088.53 
18343.92 6084.37 
18393.94 6080.20 
18443.95 6076.04 
18493.97 6071.88 
18543.98 6067.71 
18594.00 6063.55 
18644.01 6059.38 
18694.03 6055.22 
18744.04 6051.06 
18794.06 6046.89 
18844.07 6042.73 
18894.09 6038.56 
18944.10 6034.40 
18994.12 6030.23 
19044.13 6026.07 
19094.15 6023.94 
19144.16 6026.38 
19194.18 6028.82 
19244.19 6031.26 
19294.21 6033.69 
19344.22 6036.13 
19394.24 6038.57 
19444.25 6041.01 
19494.27 6043.44 
19544.28 6045.88 
19594.30 6048.32 
19644.31 6050.76 
19694.33 6053.19 
19744.34 6055.63 
19794.36 6058.07 
19844.37 6060.51 
19894.39 6062.94 
19944.40 6065.38 
19994.42 6067.82 
20044.43 6070.26 
20094.45 6072.69 
20144.46 6075.13 
20194.48 6077.57 
20244.49 6080.01 
20294.51 6082.44 
20344.52 6086.15 
20394.54 6093.29 
20444.55 6100.43 
20494.57 6107.56 
20544.58 6114.70 
20594.60 6121.84 
20644.61 6128.98 
20694.63 6136.12 
20744.64 6143.26 
20794.66 6150.40 
20844.67 6157.53 
20894.69 6164.67 
20944.70 6171.81 
20994.72 6176.45 
21044.73 6177.96 
21094.75 6179.48 
21144.76 6180.99 
21194.78 6182.51 
21244.79 6184.02 
21294.81 6185.53 
21344.82 6187.05 
21394.84 6188.56 
21444.85 6190.08 
21494.87 6191.59 
21544.88 6193.11 
21594.90 6194.62 
21644.91 6196.13 
21694.93 6197.65 
21744.94 6199.16 
21794.96 6200.68 
21844.97 6202.19 
21894.99 6203.70 
21945.00 6205.22 
21995.02 6208.61 
22045.03 6216.56 
22095.05 6224.51 
22145.06 6232.46 
22195.08 6240.41 
22245.09 6248.36 
22295.11 6256.31 
22345.12 6264.26 
22395.13 6272.21 
22445.15 6280.15 
22495.16 6288.10 
22545.18 6296.05 
22595.19 6304.00 
22645.21 6311.95 
22695.22 6320.23 
22745.24 6328.56 
22795.25 6336.88 
22845.27 6345.21 
22895.28 6353.54 
22945.30 6361.87 
22995.31 6370.20 
23045.33 6378.53 
23095.34 6386.85 
23145.36 6395.18 
23195.37 6403.51 
23245.39 6411.84 
23295.40 6420.17 
23345.42 6428.49 
23395.43 6436.82 
23445.45 6445.15 
23495.46 6453.48 
23545.48 6461.81 
23595.49 6470.14 
23645.51 6478.46 
23695.52 6486.79 
23745.54 6495.12 
23795.55 6503.07 
23845.57 6510.96 
23895.58 6518.85 
23945.60 6526.74 
23995.61 6534.63 
24045.63 6542.52 
24095.64 6550.41 
24145.66 6558.30 
24195.67 6566.19 
24245.69 6574.08 
24295.70 6581.97 
24345.72 6594.73 
24395.73 6620.91 
24445.75 6647.08 
24495.76 6673.26 
24545.78 6699.43 
24595.79 6725.60 
24645.81 6751.78 
24695.82 6777.95 
24745.84 6804.13 
24795.85 6830.30 
24845.87 6856.48 
24895.88 6882.65 
24945.90 6908.83 
24995.91 6926.69 
25045.93 6934.03 
25095.94 6941.38 
25145.96 6948.73 
25195.97 6956.08 
25245.99 6963.43 
25296.00 6970.78 
25346.02 6978.12 
25396.03 6985.47 
25446.05 6992.82 
25496.06 7000.17 
25546.08 7007.52 
25596.09 7014.87 
25646.11 7022.22 
25696.12 7029.56 
25746.14 7036.91 
25796.15 7044.26 
25846.17 7051.61 
25896.18 7058.96 
25946.20 7066.31 
25996.21 7073.65 
26046.23 7076.02 
26096.24 7076.02 
26146.26 7076.02 
26196.27 7076.02 
26246.29 7076.02 
26296.30 7076.02 
26346.32 7076.02 
26396.33 7076.02 
26446.35 7076.02 
26496.36 7076.02 
26546.38 7076.02 
26596.39 7076.02 
26646.41 7076.02 
26696.42 7076.02 
26746.44 7076.02 
26796.45 7075.51 
26846.47 7074.26 
26896.48 7073.01 
26946.50 7071.76 
26996.51 7070.51 
27046.53 7069.27 
27096.54 7068.02 
27146.56 7066.77 
27196.57 7065.52 
27246.59 7064.27 
27296.60 7063.02 
27346.62 7061.77 
27396.63 7060.42 
27446.65 7058.63 
27496.66 7056.85 
27546.68 7055.06 
27596.69 7053.28 
27646.71 7051.49 
27696.72 7049.71 
27746.74 7047.92 
27796.75 7046.14 
27846.77 7044.35 
27896.78 7042.57 
27946.80 7040.78 
27996.81 7039.00 
28046.83 7037.22 
28096.84 7035.43 
28146.85 7033.65 
28196.87 7031.86 
28246.88 7029.67 
28296.90 7023.68 
28346.91 7017.68 
28396.93 7011.68 
28446.94 7005.69 
28496.96 6999.69 
28546.97 6993.70 
28596.99 6987.70 
28647.00 6981.70 
28697.02 6975.71 
28747.03 6969.71 
28797.05 6963.71 
28847.06 6957.72 
28897.08 6951.72 
28947.09 6945.72 
28997.11 6939.73 
29047.12 6940.42 
29097.14 6942.50 
29147.15 6944.59 
29197.17 6946.67 
29247.18 6948.75 
29297.20 6950.83 
29347.21 6952.91 
29397.23 6955.00 
29447.24 6957.08 
29497.26 6959.16 
29547.27 6961.24 
29597.29 6963.32 
29647.30 6965.41 
29697.32 6967.49 
29747.33 6970.64 
29797.35 6978.97 
29847.36 6987.30 
29897.38 6995.62 
29947.39 7003.95 
29997.41 7012.28 
30047.42 7020.61 
30097.44 7028.94 
30147.45 7037.27 
30197.47 7045.59 
30247.48 7053.92 
30297.50 7062.25 
30347.51 7070.58 
30397.53 7078.91 
30447.54 7087.24 
30497.56 7095.56 
30547.57 7103.89 
30597.59 7113.64 
30647.60 7124.05 
30697.62 7134.46 
30747.63 7144.87 
30797.65 7155.28 
30847.66 7165.69 
30897.68 7176.10 
30947.69 7186.51 
30997.71 7196.92 
31047.72 7207.33 
31097.74 7217.74 
31147.75 7228.15 
31197.77 7238.56 
31247.78 7248.97 
31297.80 7259.38 
31347.81 7269.80 
31397.83 7280.21 
31447.84 7290.62 
31497.86 7301.03 
31547.87 7311.44 
31597.89 7321.85 
31647.90 7332.26 
31697.92 7334.82 
31747.93 7333.96 
31797.95 7333.09 
31847.96 7332.23 
31897.98 7331.37 
31947.99 7330.51 
31998.01 7329.65 
32048.02 7328.79 
32098.04 7327.92 
32148.05 7327.06 
32198.07 7326.20 
32248.08 7325.34 
32298.10 7324.48 
32348.11 7323.62 
32398.13 7322.76 
32448.14 7321.89 
32498.16 7321.03 
32548.17 7320.17 
32598.19 7313.44 
32648.20 7306.63 
32698.22 7299.81 
32748.23 7293.00 
32798.25 7286.18 
32848.26 7279.37 
32898.28 7272.56 
32948.29 7265.74 
32998.31 7258.93 
33048.32 7252.11 
33098.34 7245.30 
33148.35 7238.49 
33198.37 7231.67 
33248.38 7224.86 
33298.40 7218.04 
33348.41 7211.23 
33398.43 7204.42 
33448.44 7197.60 
33498.46 7190.79 
33548.47 7183.97 
33598.49 7182.83 
33648.50 7182.83 
33698.52 7182.83 
33748.53 7182.83 
33798.54 7182.83 
33848.56 7182.83 
33898.57 7182.83 
33948.59 7182.83 
33998.60 7182.83 
34048.62 7182.83 
34098.63 7182.83 
34148.65 7182.83 
34198.66 7182.83 
34248.68 7182.83 
34298.69 7182.83 
34348.71 7182.83 
34398.72 7182.83 
34448.74 7183.66 
34498.75 7190.48 
34548.77 7197.29 
34598.78 7204.11 
34648.80 7210.92 
34698.81 7217.73 
34748.83 7224.55 
34798.84 7231.36 
34848.86 7238.18 
34898.87 7244.99 
34948.89 7251.80 
34998.90 7258.62 
35048.92 7265.43 
35098.93 7272.25 
35148.95 7277.91 
35198.96 7283.06 
35248.98 7288.20 
35298.99 7293.35 
35349.01 7298.49 
35399.02 7303.63 
35449.04 7308.78 
35499.05 7313.92 
35549.07 7319.07 
35599.08 7324.21 
35649.10 7329.35 
35699.11 7334.50 
35749.13 7339.64 
35799.14 7344.79 
35849.16 7349.93 
35899.17 7355.07 
35949.19 7360.22 
35999.20 7365.36 
36049.22 7370.50 
36099.23 7375.65 
36149.25 7380.79 
36199.26 7383.35 
36249.28 7385.70 
36299.29 7388.04 
36349.31 7390.38 
36399.32 7392.72 
36449.34 7395.06 
36499.35 7397.41 
36549.37 7399.75 
36599.38 7402.09 
36649.40 7404.43 
36699.41 7406.78 
36749.43 7409.12 
36799.44 7411.46 
36849.46 7413.80 
36899.47 7416.15 
36949.49 7418.49 
36999.50 7420.83 
37049.52 7423.17 
37099.53 7425.51 
37149.55 7428.69 
37199.56 7433.23 
37249.58 7437.78 
37299.59 7442.32 
37349.61 7446.86 
37399.62 7451.41 
37449.64 7455.95 
37499.65 7460.49 
37549.67 7465.03 
37599.68 7469.58 
37649.70 7474.12 
37699.71 7478.66 
37749.73 7483.20 
37799.74 7487.75 
37849.76 7492.29 
37899.77 7496.83 
37949.79 7501.38 
37999.80 7505.92 
38049.82 7510.46 
38099.83 7515.00 
38149.85 7518.79 
38199.86 7520.01 
38249.88 7521.23 
38299.89 7522.45 
38349.91 7523.67 
38399.92 7524.89 
38449.94 7526.11 
38499.95 7527.33 
38549.97 7528.54 
38599.98 7529.76 
38650.00 7530.98 
38700.01 7532.20 
38750.03 7533.42 
38800.04 7534.64 
38850.06 7535.86 
38900.07 7537.08 
38950.09 7538.29 
39000.10 7539.51 
39050.12 7540.73 
39100.13 7541.95 
39150.15 7543.17 
39200.16 7544.39 
39250.18 7545.61 
39300.19 7546.83 
39350.21 7548.04 
39400.22 7549.60 
39450.24 7552.59 
39500.25 7555.59 
39550.26 7558.59 
39600.28 7561.59 
39650.29 7564.59 
39700.31 7567.59 
39750.32 7570.58 
39800.34 7573.58 
39850.35 7576.58 
39900.37 7579.58 
39950.38 7582.58 
40000.40 7585.57 
40050.41 7588.57 
40100.43 7591.57 
40150.44 7594.57 
40200.46 7597.44 
40250.47 7600.29 
40300.49 7603.15 
40350.50 7606.00 
40400.52 7608.86 
40450.53 7611.71 
40500.55 7614.57 
40550.56 7617.42 
40600.58 7620.28 
40650.59 7623.13 
40700.61 7625.99 
40750.62 7628.85 
40800.64 7631.70 
40850.65 7634.56 
40900.67 7637.41 
40950.68 7640.27 
41000.70 7643.12 
41050.71 7645.98 
41100.73 7648.83 
41150.74 7651.69 
41200.76 7654.54 
41250.77 7657.72 
41300.79 7661.17 
41350.80 7664.61 
41400.82 7668.06 
41450.83 7671.51 
41500.85 7674.95 
41550.86 7678.40 
41600.88 7681.84 
41650.89 7685.29 
41700.91 7688.74 
41750.92 7692.18 
41800.94 7695.63 
41850.95 7699.08 
41900.97 7702.52 
41950.98 7705.97 
42001.00 7709.41 
42051.01 7712.86 
42101.03 7716.31 
42151.04 7716.88 
42201.06 7716.88 
42251.07 7716.88 
42301.09 7716.88 
42351.10 7716.88 
42401.12 7716.88 
42451.13 7716.88 
42501.15 7716.88 
42551.16 7716.88 
42601.18 7716.88 
42651.19 7716.88 
42701.21 7716.88 
42751.22 7716.88 
42801.24 7716.88 
42851.25 7716.88 
42901.27 7716.88 
42951.28 7716.88 
43001.30 7716.88 
43051.31 7716.88 
43101.33 7716.88 
43151.34 7716.88 
43201.36 7720.50 
43251.37 7728.39 
43301.39 7736.28 
43351.40 7744.17 
43401.42 7752.06 
43451.43 7759.95 
43501.45 7767.84 
43551.46 7775.73 
43601.48 7783.62 
43651.49 7791.51 
43701.51 7799.40 
43751.52 7807.29 
43801.54 7815.18 
43851.55 7823.07 
43901.57 7830.96 
43951.58 7838.85 
44001.60 7846.74 
44051.61 7854.63 
44101.63 7862.52 
44151.64 7870.41 
44201.66 7878.30 
44251.67 7886.19 
44301.69 7894.08 
44351.70 7901.03 
44401.72 7905.19 
44451.73 7909.36 
44501.75 7913.52 
44551.76 7917.69 
44601.78 7921.85 
44651.79 7926.01 
44701.81 7930.18 
44751.82 7934.34 
44801.84 7938.51 
44851.85 7942.67 
44901.87 7946.84 
44951.88 7951.00 
45001.90 7955.16 
45051.91 7959.33 
45101.93 7959.15 
45151.94 7956.03 
45201.95 7952.91 
45251.97 7949.78 
45301.98 7946.66 
45352.00 7943.54 
45402.01 7940.42 
45452.03 7937.29 
45502.04 7934.17 
45552.06 7931.05 
45602.07 7927.92 
45652.09 7924.80 
45702.10 7921.68 
45752.12 7918.55 
45802.13 7915.43 
45852.15 7912.31 
45902.16 7909.18 
45952.18 7906.06 
46002.19 7902.94 
46052.21 7899.69 
46102.22 7894.26 
46152.24 7888.83 
46202.25 7883.40 
46252.27 7877.97 
46302.28 7872.54 
46352.30 7867.10 
46402.31 7861.67 
46452.33 7856.24 
46502.34 7850.81 
46552.36 7845.38 
46602.37 7839.95 
46652.39 7834.52 
46702.40 7829.08 
46752.42 7823.63 
46802.43 7815.31 
46852.45 7806.98 
46902.46 7798.65 
46952.48 7790.32 
47002.49 7781.99 
47052.51 7773.67 
47102.52 7765.34 
47152.54 7757.01 
47202.55 7748.68 
47252.57 7740.35 
47302.58 7732.02 
47352.60 7723.70 
47402.61 7715.37 
47452.63 7707.04 
47502.64 7702.45 
47552.66 7704.83 
47602.67 7707.21 
47652.69 7709.59 
47702.70 7711.97 
47752.72 7714.35 
47802.73 7716.73 
47852.75 7719.11 
47902.76 7721.49 
47952.78 7723.87 
48002.79 7726.25 
48052.81 7728.63 
48102.82 7731.00 
48152.84 7733.28 
48202.85 7735.45 
48252.87 7737.62 
48302.88 7739.79 
48352.90 7741.97 
48402.91 7744.14 
48452.93 7746.31 
48502.94 7748.48 
48552.96 7750.66 
48602.97 7752.83 
48652.99 7755.00 
48703.00 7757.17 
48753.02 7759.35 
48803.03 7761.52 
48853.05 7764.41 
48903.06 7768.08 
48953.08 7771.76 
49003.09 7775.43 
49053.11 7779.11 
49103.12 7782.78 
49153.14 7786.46 
49203.15 7790.13 
49253.17 7793.80 
49303.18 7797.48 
49353.20 7801.15 
49403.21 7804.83 
49453.23 7808.50 
49503.24 7812.18 
49553.26 7815.85 
49603.27 7819.52 
49653.29 7823.20 
49703.30 7826.87 
49753.32 7830.55 
49803.33 7834.22 
49853.35 7837.89 
49903.36 7840.73 
49953.38 7843.23 
50003.39 7845.73 
50053.41 7848.22 
50103.42 7850.72 
50153.44 7853.22 
50203.45 7855.72 
50253.47 7858.22 
50303.48 7860.72 
50353.50 7863.22 
50403.51 7865.71 
50453.53 7868.21 
50503.54 7870.71 
50553.56 7873.21 
50603.57 7875.71 
50653.59 7878.21 
50703.60 7880.71 
50753.62 7883.20 
50803.63 7885.74 
50853.65 7888.32 
50903.66 7890.91 
50953.67 7893.49 
51003.69 7896.07 
51053.70 7898.66 
51103.72 7901.24 
51153.73 7903.83 
51203.75 7906.41 
51253.76 7909.00 
51303.78 7911.58 
51353.79 7914.17 
51403.81 7916.75 
51453.82 7919.34 
51503.84 7921.92 
51553.85 7924.51 
51603.87 7927.09 
51653.88 7929.67 
51703.90 7935.92 
51753.91 7943.87 
51803.93 7951.82 
51853.94 7959.77 
51903.96 7967.72 
51953.97 7975.67 
52003.99 7983.62 
52054.00 7991.57 
52104.02 7999.52 
52154.03 8007.47 
52204.05 8015.42 
52254.06 8023.37 
52304.08 8031.32 
52354.09 8038.35 
52404.11 8042.58 
52454.12 8046.82 
52504.14 8051.05 
52554.15 8055.28 
52604.17 8059.52 
52654.18 8063.75 
52704.20 8067.98 
52754.21 8072.22 
52804.23 8076.45 
52854.24 8080.68 
52904.26 8084.92 
52954.27 8089.15 
53004.29 8093.39 
53054.30 8097.62 
53104.32 8101.85 
53154.33 8106.09 
53204.35 8114.95 
53254.36 8124.11 
53304.38 8133.27 
53354.39 8142.43 
53404.41 8151.59 
53454.42 8160.75 
53504.44 8169.91 
53554.45 8179.07 
53604.47 8188.24 
53654.48 8197.40 
53704.50 8206.56 
53754.51 8215.72 
53804.53 8224.88 
53854.54 8234.04 
53904.56 8243.20 
53954.57 8252.36 
54004.59 8261.52 
54054.60 8270.69 
54104.62 8279.85 
54154.63 8287.70 
54204.65 8292.01 
54254.66 8296.32 
54304.68 8300.62 
54354.69 8304.93 
54404.71 8309.24 
54454.72 8313.55 
54504.74 8317.86 
54554.75 8322.16 
54604.77 8326.47 
54654.78 8330.78 
54704.80 8335.09 
54754.81 8339.39 
54804.83 8343.70 
54854.84 8348.01 
54904.86 8352.32 
54954.87 8356.62 
55004.89 8360.93 
55054.90 8365.24 
55104.92 8369.41 
55154.93 8373.20 
55204.95 8376.99 
55254.96 8380.77 
55304.98 8384.56 
55354.99 8388.34 
55405.01 8392.13 
55455.02 8395.91 
55505.04 8399.70 
55555.05 8403.48 
55605.07 8407.27 
55655.08 8411.06 
55705.10 8414.84 
55755.11 8418.63 
55805.13 8422.41 
55855.14 8426.20 
55905.16 8429.98 
55955.17 8433.77 
56005.19 8437.55 
56055.20 8441.34 
56105.22 8445.13 
56155.23 8448.91 
56205.25 8451.64 
56255.26 8453.73 
56305.28 8455.81 
56355.29 8457.89 
56405.31 8459.97 
56455.32 8462.05 
56505.34 8464.14 
56555.35 8466.22 
56605.36 8468.30 
56655.38 8470.38 
56705.39 8472.46 
56755.41 8474.55 
56805.42 8476.63 
56855.44 8478.71 
56905.45 8480.79 
56955.47 8482.87 
57005.48 8483.73 
57055.50 8484.43 
57105.51 8485.12 
57155.53 8485.81 
57205.54 8486.51 
57255.56 8487.20 
57305.57 8487.90 
57355.59 8488.59 
57405.60 8489.28 
57455.62 8489.98 
57505.63 8490.67 
57555.65 8491.37 
57605.66 8492.06 
57655.68 8492.75 
57705.69 8493.45 
57755.71 8494.14 
57805.72 8494.84 
57855.74 8495.53 
57905.75 8496.22 
57955.77 8496.92 
58005.78 8497.61 
58055.80 8498.31 
58105.81 8499.00 
58155.83 8500.35 
58205.84 8503.37 
58255.86 8506.40 
58305.87 8509.43 
58355.89 8512.46 
58405.90 8515.49 
58455.92 8518.52 
58505.93 8521.54 
58555.95 8524.57 
58605.96 8527.60 
58655.98 8530.63 
58705.99 8533.66 
58756.01 8536.69 
58806.02 8539.72 
58856.04 8542.74 
58906.05 8545.77 
58956.07 8548.80 
59006.08 8551.83 
59056.10 8554.86 
59106.11 8557.89 
59156.13 8560.91 
59206.14 8563.94 
59256.16 8566.75 
59306.17 8569.42 
59356.19 8572.10 
59406.20 8574.78 
59456.22 8577.45 
59506.23 8580.13 
59556.25 8582.81 
59606.26 8585.48 
59656.28 8588.16 
59706.29 8590.84 
59756.31 8593.52 
59806.32 8596.19 
59856.34 8598.87 
59906.35 8601.55 
59956.37 8604.22 
60006.38 8606.90 
60056.40 8609.58 
60106.41 8612.25 
60156.43 8615.86 
60206.44 8621.81 
60256.46 8627.76 
60306.47 8633.71 
60356.49 8639.65 
60406.50 8645.60 
60456.52 8651.55 
60506.53 8657.50 
60556.55 8663.45 
60606.56 8669.40 
60656.58 8675.35 
60706.59 8681.30 
60756.61 8687.24 
60806.62 8693.19 
60856.64 8698.55 
60906.65 8703.36 
60956.67 8708.16 
61006.68 8712.97 
61056.70 8717.77 
61106.71 8722.58 
61156.73 8727.38 
61206.74 8732.19 
61256.76 8736.99 
61306.77 8741.80 
61356.79 8746.60 
61406.80 8751.41 
61456.82 8756.21 
61506.83 8761.01 
61556.85 8765.82 
61606.86 8770.62 
61656.88 8775.43 
61706.89 8782.75 
61756.91 8792.93 
61806.92 8803.11 
61856.94 8813.29 
61906.95 8823.46 
61956.97 8833.64 
62006.98 8843.82 
62057.00 8854.00 
62107.01 8864.18 
62157.03 8874.36 
62207.04 8884.54 
62257.06 8894.72 
62307.07 8904.90 
62357.08 8915.07 
62407.10 8925.25 
62457.11 8935.43 
62507.13 8945.61 
62557.14 8955.79 
62607.16 8963.92 
62657.17 8971.41 
62707.19 8978.91 
62757.20 8986.40 
62807.22 8993.90 
62857.23 9001.39 
62907.25 9008.89 
62957.26 9016.38 
63007.28 9023.88 
63057.29 9031.38 
63107.31 9038.87 
63157.32 9046.37 
63207.34 9053.86 
63257.35 9057.46 
63307.37 9058.97 
63357.38 9060.49 
63407.40 9062.00 
63457.41 9063.52 
63507.43 9065.03 
63557.44 9066.54 
63607.46 9068.06 
63657.47 9069.57 
63707.49 9071.09 
63757.50 9072.60 
63807.52 9074.12 
63857.53 9075.63 
63907.55 9077.14 
63957.56 9078.66 
64007.58 9080.17 
64057.59 9081.69 
64107.61 9083.20 
64157.62 9084.71 
64207.64 9086.23 
64257.65 9087.74 
64307.67 9089.34 
64357.68 9096.28 
64407.70 9103.22 
64457.71 9110.16 
64507.73 9117.10 
64557.74 9124.04 
64607.76 9130.98 
64657.77 9137.92 
64707.79 9144.86 
64757.80 9151.80 
64807.82 9158.74 
64857.83 9165.68 
64907.85 9175.07 
64957.86 9193.48 
65007.88 9211.89 
65057.89 9230.30 
65107.91 9248.71 
65157.92 9267.12 
65207.94 9285.53 
65257.95 9303.94 
65307.97 9322.35 
65357.98 9340.76 
65408.00 9359.17 
65458.01 9377.58 
65508.03 9395.99 
65558.04 9409.92 
65608.06 9422.42 
65658.07 9434.91 
65708.09 9447.40 
65758.10 9459.89 
65808.12 9472.39 
65858.13 9484.88 
65908.15 9497.37 
65958.16 9509.86 
66008.18 9522.36 
66058.19 9533.04 
66108.21 9538.72 
66158.22 9544.40 
66208.24 9550.08 
66258.25 9555.75 
66308.27 9561.43 
66358.28 9567.11 
66408.30 9572.79 
66458.31 9578.47 
66508.33 9584.15 
66558.34 9589.82 
66608.36 9595.50 
66658.37 9601.18 
66708.39 9606.86 
66758.40 9612.54 
66808.42 9617.44 
66858.43 9622.20 
66908.45 9626.96 
66958.46 9631.72 
67008.48 9636.48 
67058.49 9641.24 
67108.51 9646.00 
67158.52 9650.76 
67208.54 9655.52 
67258.55 9660.27 
67308.57 9665.03 
67358.58 9669.79 
67408.60 9674.55 
67458.61 9678.14 
67508.63 9666.61 
67558.64 9655.08 
67608.66 9643.54 
67658.67 9632.01 
67708.69 9620.48 
67758.70 9608.95 
67808.72 9597.42 
67858.73 9585.89 
67908.75 9576.11 
67958.76 9567.78 
68008.77 9559.46 
68058.79 9551.13 
68108.80 9542.80 
68158.82 9534.47 
68208.83 9526.14 
68258.85 9517.81 
68308.86 9509.49 
68358.88 9501.16 
68408.89 9497.45 
68458.91 9495.60 
68508.92 9493.75 
68558.94 9491.90 
68608.95 9490.05 
68658.97 9488.20 
68708.98 9486.35 
68759.00 9484.50 
68809.01 9482.65 
68859.03 9480.79 
68909.04 9478.94 
68959.06 9477.09 
69009.07 9475.24 
69059.09 9473.39 
69109.10 9471.54 
69159.12 9469.69 
69209.13 9467.84 
69259.15 9466.03 
69309.16 9468.30 
69359.18 9470.58 
69409.19 9472.85 
69459.21 9475.12 
69509.22 9477.39 
69559.24 9479.66 
69609.25 9481.93 
69659.27 9484.20 
69709.28 9486.48 
69759.30 9488.75 
69809.31 9491.02 
69859.33 9493.29 
69909.34 9495.56 
69959.36 9497.83 
70009.37 9498.21 
70059.39 9497.25 
70109.40 9496.29 
70159.42 9495.33 
70209.43 9494.36 
70259.45 9493.40 
70309.46 9492.44 
70359.48 9491.48 
70409.49 9490.52 
70459.51 9489.56 
70509.52 9488.60 
70559.54 9487.64 
70609.55 9486.68 
70659.57 9485.72 
70709.58 9484.75 
70759.60 9483.79 
70809.61 9482.83 
70859.63 9485.28 
70909.64 9490.63 
70959.66 9495.98 
71009.67 9501.34 
71059.69 9506.69 
71109.70 9512.05 
71159.72 9517.40 
71209.73 9522.75 
71259.75 9528.11 
71309.76 9533.46 
71359.78 9538.82 
71409.79 9544.17 
71459.81 9549.52 
71509.82 9554.88 
71559.84 9560.23 
71609.85 9565.59 
71659.87 9570.94 
71709.88 9576.29 
71759.90 9582.34 
71809.91 9591.55 
71859.93 9600.75 
71909.94 9609.96 
71959.96 9619.16 
72009.97 9628.37 
72059.99 9637.57 
72110.00 9646.78 
72160.02 9655.98 
72210.03 9665.19 
72260.05 9674.39 
72310.06 9683.60 
72360.08 9692.80 
72410.09 9699.65 
72460.11 9705.60 
72510.12 9711.55 
72560.14 9717.50 
72610.15 9723.45 
72660.17 9729.40 
72710.18 9735.34 
72760.20 9741.29 
72810.21 9747.24 
72860.23 9753.19 
72910.24 9759.14 
72960.26 9765.09 
73010.27 9771.04 
73060.29 9776.99 
73110.30 9780.44 
73160.32 9783.77 
73210.33 9787.10 
73260.35 9790.43 
73310.36 9793.76 
73360.38 9797.09 
73410.39 9800.42 
73460.41 9803.76 
73510.42 9807.09 
73560.44 9810.42 
73610.45 9813.75 
73660.47 9817.08 
73710.48 9820.41 
73760.49 9823.74 
73810.51 9827.07 
73860.52 9830.41 
73910.54 9833.74 
73960.55 9837.07 
74010.57 9840.40 
74060.58 9845.29 
74110.60 9854.11 
74160.61 9862.93 
74210.63 9871.75 
74260.64 9880.57 
74310.66 9889.38 
74360.67 9898.20 
74410.69 9907.02 
74460.70 9915.84 
74510.72 9924.66 
74560.73 9933.47 
74610.75 9942.64 
74660.76 9954.00 
74710.78 9965.36 
74760.79 9976.71 
74810.81 9988.07 
74860.82 9999.43 
74910.84 10010.78 
74960.85 10022.14 
75010.87 10033.50 
75060.88 10044.86 
75110.90 10056.21 
75160.91 10067.57 
75210.93 10078.93 
75260.94 10090.28 
75310.96 10101.64 
75360.97 10109.00 
75410.99 10114.77 
75461.00 10120.54 
75511.02 10126.30 
75561.03 10132.07 
75611.05 10137.83 
75661.06 10143.60 
75711.08 10149.36 
75761.09 10155.13 
75811.11 10160.90 
75861.12 10166.66 
75911.14 10172.43 
75961.15 10178.19 
76011.17 10183.96 
76061.18 10189.72 
76111.20 10195.49 
76161.21 10201.26 
76211.23 10203.77 
76261.24 10204.66 
76311.26 10205.56 
76361.27 10206.45 
76411.29 10207.34 
76461.30 10208.23 
76511.32 10209.12 
76561.33 10210.02 
76611.35 10210.91 
76661.36 10211.80 
76711.38 10212.69 
76761.39 10213.59 
76811.41 10214.48 
76861.42 10215.37 
76911.44 10216.26 
76961.45 10217.16 
77011.47 10218.05 
77061.48 10218.94 
77111.50 10220.26 
77161.51 10222.53 
77211.53 10224.80 
77261.54 10227.07 
77311.56 10229.34 
77361.57 10231.61 
77411.59 10233.89 
77461.60 10236.16 
77511.62 10238.43 
77561.63 10240.70 
77611.65 10242.97 
77661.66 10245.24 
77711.68 10247.51 
77761.69 10249.79 
77811.71 10252.06 
77861.72 10254.33 
77911.74 10256.60 
77961.75 10258.87 
78011.77 10261.14 
78061.78 10263.41 
78111.80 10265.68 
78161.81 10267.96 
78211.83 10268.70 
78261.84 10268.70 
78311.86 10268.70 
78361.87 10268.70 
78411.89 10268.70 
78461.90 10268.70 
78511.92 10268.70 
78561.93 10268.70 
78611.95 10268.70 
78661.96 10268.70 
78711.98 10268.70 
78761.99 10268.70 
78812.01 10268.70 
78862.02 10268.70 
78912.04 10268.70 
78962.05 10268.70 
79012.07 10268.70 
79062.08 10268.70 
79112.10 10268.70 
79162.11 10268.70 
79212.13 10268.70 
79262.14 10268.70 
79312.16 10268.70 
79362.17 10268.70 
79412.18 10268.70 
79462.20 10268.70 
79512.21 10268.70 
79562.23 10268.70 
79612.24 10268.70 
79662.26 10268.70 
79712.27 10268.70 
79762.29 10266.82 
79812.30 10264.61 
79862.32 10262.41 
79912.33 10260.20 
79962.35 10258.00 
80012.36 10255.79 
80062.38 10253.59 
80112.39 10251.38 
80162.41 10249.18 
80212.42 10246.97 
80262.44 10244.77 
80312.45 10242.57 
80362.47 10240.36 
80412.48 10238.16 
80462.50 10235.95 
80512.51 10233.75 
80562.53 10231.54 
80612.54 10229.34 
80662.56 10227.13 
80712.57 10224.93 
80762.59 10222.72 
80812.60 10220.52 
80862.62 10221.12 
80912.63 10223.90 
80962.65 10226.67 
81012.66 10229.45 
81062.68 10232.23 
81112.69 10235.00 
81162.71 10237.78 
81212.72 10240.55 
81262.74 10243.33 
81312.75 10246.11 
81362.77 10248.88 
81412.78 10251.66 
81462.80 10254.43 
81512.81 10257.21 
81562.83 10259.99 
81612.84 10262.76 
81662.86 10265.54 
81712.87 10268.31 
81762.89 10279.45 
81812.90 10291.95 
81862.92 10304.44 
81912.93 10316.93 
81962.95 10329.42 
82012.96 10341.92 
82062.98 10354.41 
82112.99 10366.90 
82163.01 10379.39 
82213.02 10391.88 
82263.04 10404.38 
82313.05 10416.87 
82363.07 10429.36 
82413.08 10441.85 
82463.10 10454.35 
82513.11 10466.84 
82563.13 10479.33 
82613.14 10498.86 
82663.16 10520.00 
82713.17 10541.14 
82763.19 10562.28 
82813.20 10583.42 
82863.22 10604.56 
82913.23 10625.71 
82963.25 10646.85 
83013.26 10667.99 
83063.28 10689.13 
83113.29 10710.27 
83163.31 10731.41 
83213.32 10752.55 
83263.34 10773.69 
83313.35 10794.83 
83363.37 10815.97 
83413.38 10837.12 
83463.40 10852.90 
83513.41 10867.06 
83563.43 10881.22 
83613.44 10895.38 
83663.46 10909.54 
83713.47 10923.70 
83763.49 10937.85 
83813.50 10952.01 
83863.52 10966.17 
83913.53 10980.33 
83963.55 10994.49 
84013.56 11008.64 
84063.58 11022.80 
84113.59 11036.96 
84163.61 11051.12 
84213.62 11065.28 
84263.64 11079.43 
84313.65 11093.59 
84363.67 11107.75 
84413.68 11122.09 
84463.70 11138.15 
84513.71 11154.22 
84563.73 11170.28 
84613.74 11186.34 
84663.76 11202.40 
84713.77 11218.46 
84763.79 11234.52 
84813.80 11250.59 
84863.82 11266.65 
84913.83 11270.52 
84963.85 11273.30 
85013.86 11276.07 
85063.88 11278.85 
85113.89 11281.62 
85163.90 11284.40 
85213.92 11287.18 
85263.93 11289.95 
85313.95 11292.73 
85363.96 11295.50 
85413.98 11298.28 
85463.99 11301.06 
85514.01 11303.83 
85564.02 11306.61 
85614.04 11309.39 
85664.05 11312.16 
85714.07 11314.94 
85764.08 11314.79 
85814.10 11303.97 
85864.11 11293.14 
85914.13 11282.31 
85964.14 11271.49 
86014.16 11260.66 
86064.17 11249.83 
86114.19 11239.01 
86164.20 11228.18 
86214.22 11217.35 
86264.23 11206.53 
86314.25 11195.70 
86364.26 11184.87 
86414.28 11174.05 
86464.29 11163.22 
86514.31 11152.39 
86564.32 11141.57 
86614.34 11130.74 
86664.35 11119.91 
86714.37 11109.08 
86764.38 11097.97 
86814.40 11086.61 
86864.41 11075.26 
86914.43 11063.90 
86964.44 11052.54 
87014.46 11041.19 
87064.47 11029.83 
87114.49 11018.47 
87164.50 11007.12 
87214.52 10995.76 
87264.53 10984.40 
87314.55 10973.05 
87364.56 10961.69 
87414.58 10950.33 
87464.59 10939.59 
87514.61 10933.34 
87564.62 10927.10 
87614.64 10920.85 
87664.65 10914.61 
87714.67 10908.36 
87764.68 10902.11 
87814.70 10895.87 
87864.71 10889.62 
87914.73 10883.37 
87964.74 10877.13 
88014.76 10870.88 
88064.77 10864.64 
88114.79 10858.39 
88164.80 10852.14 
88214.82 10845.90 
88264.83 10839.65 
88314.85 10833.41 
88364.86 10827.16 
88414.88 10827.51 
88464.89 10829.93 
88514.91 10832.35 
88564.92 10834.77 
88614.94 10837.19 
88664.95 10839.60 
88714.97 10842.02 
88764.98 10844.44 
88815.00 10846.86 
88865.01 10849.28 
88915.03 10851.69 
88965.04 10854.11 
89015.06 10856.53 
89065.07 10858.95 
89115.09 10861.37 
89165.10 10863.78 
89215.12 10866.20 
89265.13 10868.62 
89315.15 10871.04 
89365.16 10873.45 
89415.18 10877.98 
89465.19 10885.24 
89515.21 10892.49 
89565.22 10899.74 
89615.24 10907.00 
89665.25 10914.25 
89715.27 10921.51 
89765.28 10928.76 
89815.30 10936.01 
89865.31 10943.27 
89915.33 10950.52 
89965.34 10957.77 
90015.36 10965.03 
90065.37 10972.28 
90115.39 10979.54 
90165.40 10986.79 
90215.42 10994.04 
90265.43 11001.30 
90315.45 11008.55 
90365.46 11015.80 
90415.48 11022.86 
90465.49 11028.32 
90515.51 11033.79 
90565.52 11039.25 
90615.54 11044.72 
90665.55 11050.19 
90715.57 11055.65 
90765.58 11061.12 
90815.60 11066.58 
90865.61 11072.05 
90915.62 11077.51 
90965.64 11082.98 
91015.65 11088.44 
91065.67 11093.91 
91115.68 11099.37 
91165.70 11104.84 
91215.71 11110.31 
91265.73 11115.77 
91315.74 11121.24 
91365.76 11126.70 
91415.77 11132.17 
91465.79 11138.00 
91515.80 11146.33 
91565.82 11154.66 
91615.83 11162.99 
91665.85 11171.32 
91715.86 11179.65 
91765.88 11187.97 
91815.89 11196.30 
91865.91 11204.63 
91915.92 11212.96 
91965.94 11221.29 
92015.95 11229.62 
92065.97 11237.94 
92115.98 11246.27 
92166.00 11254.60 
92216.01 11262.93 
92266.03 11272.20 
92316.04 11282.90 
92366.06 11293.61 
92416.07 11304.32 
92466.09 11315.03 
92516.10 11325.73 
92566.12 11336.44 
92616.13 11347.15 
92666.15 11357.86 
92716.16 11368.57 
92766.18 11379.27 
92816.19 11389.98 
92866.21 11400.69 
92916.22 11411.40 
92966.24 11422.10 
93016.25 11432.81 
93066.27 11443.52 
93116.28 11454.23 
93166.30 11464.76 
93216.31 11470.68 
93266.33 11476.60 
93316.34 11482.52 
93366.36 11488.43 
93416.37 11494.35 
93466.39 11500.27 
93516.40 11506.19 
93566.42 11512.10 
93616.43 11518.02 
93666.45 11523.94 
93716.46 11529.86 
93766.48 11535.77 
93816.49 11541.69 
93866.51 11547.61 
93916.52 11553.53 
93966.54 11559.44 
94016.55 11565.36 
94066.57 11571.28 
94116.58 11577.19 
94166.60 11583.11 
94216.61 11589.03 
94266.63 11594.95 
94316.64 11600.86 
94366.66 11606.78 
94416.67 11613.49 
94466.69 11625.99 
94516.70 11638.48 
94566.72 11650.97 
94616.73 11663.46 
94666.75 11675.96 
94716.76 11688.45 
94766.78 11700.94 
94816.79 11713.43 
94866.81 11725.93 
94916.82 11738.42 
94966.84 11750.91 
95016.85 11763.40 
95066.87 11775.90 
95116.88 11788.39 
95166.90 11800.88 
95216.91 11813.37 
95266.93 11825.87 
95316.94 11838.36 
95366.96 11850.85 
95416.97 11863.34 
95466.99 11875.83 
95517.00 11888.33 
95567.02 11900.82 
95617.03 11913.31 
95667.05 11925.80 
95717.06 11938.30 
95767.08 11950.79 
95817.09 11963.28 
95867.11 11975.77 
95917.12 11988.27 
95967.14 11995.30 
96017.15 12002.12 
96067.17 12008.93 
96117.18 12015.75 
96167.20 12022.56 
96217.21 12029.37 
96267.23 12036.19 
96317.24 12043.00 
96367.26 12049.82 
96417.27 12056.63 
96467.29 12063.44 
96517.30 12070.26 
96567.31 12077.07 
96617.33 12083.89 
96667.34 12090.70 
96717.36 12097.51 
96767.37 12104.33 
96817.39 12111.14 
96867.40 12117.96 
96917.42 12124.77 
96967.43 12131.58 
97017.45 12138.40 
97067.46 12145.21 
97117.48 12152.03 
97167.49 12158.84 
97217.51 12165.66 
97267.52 12172.47 
97317.54 12179.28 
97367.55 12186.10 
97417.57 12192.91 
97467.58 12199.73 
97517.60 12206.54 
97567.61 12213.35 
97617.63 12220.17 
97667.64 12226.98 
97717.66 12233.80 
97767.67 12239.06 
97817.69 12244.15 
97867.70 12249.24 
97917.72 12254.33 
97967.73 12259.42 
98017.75 12264.51 
98067.76 12269.60 
98117.78 12274.68 
98167.79 12279.77 
98217.81 12284.86 
98267.82 12289.95 
98317.84 12295.04 
98367.85 12300.13 
98417.87 12305.22 
98467.88 12310.31 
98517.90 12315.40 
98567.91 12320.49 
98617.93 12325.58 
98667.94 12330.67 
98717.96 12335.76 
98767.97 12340.85 
98817.99 12345.94 
98868.00 12351.03 
98918.02 12356.12 
98968.03 12361.21 
99018.05 12366.30 
99068.06 12371.39 
99118.08 12376.47 
99168.09 12381.56 
99218.11 12386.65 
99268.12 12391.74 
99318.14 12396.83 
99368.15 12401.92 
99418.17 12407.01 
99468.18 12412.10 
99518.20 12416.34 
99568.21 12419.70 
99618.23 12423.07 
99668.24 12426.43 
99718.26 12429.79 
99768.27 12433.16 
99818.29 12436.52 
99868.30 12439.88 
99918.32 12443.25 
99968.33 12446.61 
100018.35 12449.97 
100068.36 12453.34 
100118.38 12456.70 
100168.39 12460.06 
100218.41 12463.43 
100268.42 12466.79 
100318.44 12470.15 
100368.45 12473.52 
100418.47 12476.88 
100468.48 12480.24 
100518.50 12483.61 
100568.51 12486.97 
100618.53 12490.33 
100668.54 12493.70 
100718.56 12497.06 
100768.57 12500.42 
100818.59 12503.79 
100868.60 12507.15 
100918.62 12510.51 
100968.63 12513.88 
101018.65 12517.24 
101068.66 12520.60 
101118.68 12523.97 
101168.69 12527.33 
101218.71 12530.24 
101268.72 12532.46 
101318.74 12534.69 
101368.75 12536.92 
101418.77 12539.14 
101468.78 12541.37 
101518.80 12543.60 
101568.81 12545.82 
101618.83 12548.05 
101668.84 12550.27 
101718.86 12552.50 
101768.87 12554.73 
101818.89 12556.95 
101868.90 12559.18 
101918.92 12561.41 
101968.93 12563.63 
102018.95 12565.86 
102068.96 12568.09 
102118.98 12570.31 
102168.99 12572.54 
102219.01 12574.76 
102269.02 12576.99 
102319.03 12579.22 
102369.05 12581.44 
102419.06 12583.67 
102469.08 12585.90 
102519.09 12588.12 
102569.11 12590.35 
102619.12 12592.58 
102669.14 12594.80 
102719.15 12597.03 
102769.17 12599.25 
102819.18 12601.48 
102869.20 12603.71 
102919.21 12605.93 
102969.23 12608.16 
103019.24 12610.39 
103069.26 12612.61 
103119.27 12614.84 
103169.29 12617.07 
103219.30 12619.29 
103269.32 12621.52 
103319.33 12623.74 
103369.35 12625.97 
103419.36 12628.20 
103469.38 12630.42 
103519.39 12632.65 
103569.41 12634.88 
103619.42 12637.10 
103669.44 12639.33 
103719.45 12641.56 
103769.47 12643.78 
103819.48 12646.01 
103869.50 12648.24 
103919.51 12650.46 
103969.53 12652.69 
104019.54 12654.91 
104069.56 12657.14 
104119.57 12659.37 
104169.59 12661.59 
104219.60 12663.82 
104269.62 12666.05 
104319.63 12668.27 
104369.65 12670.50 
104419.66 12672.73 
104469.68 12674.95 
