 21.40 6542.95 
 71.42 6544.05 
121.44 6545.16 
171.46 6546.26 
221.48 6547.36 
271.50 6547.42 
321.52 6546.74 
371.54 6546.07 
421.56 6545.39 
471.58 6544.72 
521.61 6544.04 
571.63 6543.37 
621.65 6542.69 
671.67 6542.01 
721.69 6541.34 
771.71 6540.66 
821.73 6539.99 
871.75 6539.31 
921.77 6535.70 
971.79 6530.61 
1021.81 6525.52 
1071.83 6520.43 
1121.86 6515.33 
1171.88 6510.24 
1221.90 6505.15 
1271.92 6500.06 
1321.94 6494.97 
1371.96 6489.88 
1421.98 6484.79 
1472.00 6479.70 
1522.02 6474.61 
1572.04 6469.52 
1622.06 6464.43 
1672.09 6459.34 
1722.11 6454.25 
1772.13 6449.16 
1822.15 6444.07 
1872.17 6447.62 
1922.19 6453.22 
1972.21 6458.82 
2022.23 6464.42 
2072.25 6470.02 
2122.27 6475.62 
2172.29 6481.22 
2222.31 6486.82 
2272.34 6492.42 
2322.36 6498.02 
2372.38 6503.73 
2422.40 6509.50 
2472.42 6515.27 
2522.44 6521.03 
2572.46 6526.80 
2622.48 6532.57 
2672.50 6538.33 
2722.52 6544.10 
2772.54 6549.87 
2822.57 6555.63 
2872.59 6561.40 
2922.61 6567.16 
2972.63 6572.93 
3022.65 6578.70 
3072.67 6584.46 
3122.69 6590.23 
3172.71 6599.48 
3222.73 6609.66 
3272.75 6619.84 
3322.77 6630.02 
3372.79 6640.20 
3422.82 6650.38 
3472.84 6660.56 
3522.86 6670.74 
3572.88 6680.92 
3622.90 6691.10 
3672.92 6701.28 
3722.94 6711.46 
3772.96 6721.64 
3822.98 6731.82 
3873.00 6739.81 
3923.02 6746.60 
3973.04 6753.39 
4023.07 6760.18 
4073.09 6766.97 
4123.11 6773.76 
4173.13 6780.55 
4223.15 6787.35 
4273.17 6794.14 
4323.19 6800.93 
4373.21 6807.72 
4423.23 6814.51 
4473.25 6821.30 
4523.27 6828.09 
4573.30 6834.88 
4623.32 6841.67 
4673.34 6848.50 
4723.36 6855.37 
4773.38 6862.23 
4823.40 6869.10 
4873.42 6875.97 
4923.44 6882.83 
4973.46 6889.70 
5023.48 6896.57 
5073.50 6903.43 
5123.52 6910.30 
5173.55 6917.17 
5223.57 6924.04 
5273.59 6930.90 
5323.61 6937.77 
5373.63 6944.64 
5423.65 6951.50 
5473.67 6958.37 
5523.69 6965.24 
5573.71 6972.10 
5623.73 6978.97 
5673.75 6985.84 
5723.77 6992.70 
5773.80 6999.57 
5823.82 7002.60 
5873.84 7004.02 
5923.86 7005.44 
5973.88 7006.86 
6023.90 7008.28 
6073.92 7009.69 
6123.94 7011.11 
6173.96 7012.53 
6223.98 7013.95 
6274.00 7015.36 
6324.03 7016.78 
6374.05 7018.20 
6424.07 7019.62 
6474.09 7021.04 
6524.11 7022.45 
6574.13 7023.87 
6624.15 7025.29 
6674.17 7026.71 
6724.19 7028.12 
6774.21 7029.54 
6824.23 7030.96 
6874.25 7032.38 
6924.28 7033.79 
6974.30 7035.21 
7024.32 7036.51 
7074.34 7036.51 
7124.36 7036.51 
7174.38 7036.51 
7224.40 7036.51 
7274.42 7036.51 
7324.44 7036.51 
7374.46 7036.51 
7424.48 7036.51 
7474.51 7036.51 
7524.53 7036.51 
7574.55 7036.51 
7624.57 7036.51 
7674.59 7036.51 
7724.61 7036.51 
7774.63 7036.51 
7824.65 7036.51 
7874.67 7036.51 
7924.69 7036.51 
7974.71 7036.51 
8024.73 7036.51 
8074.76 7036.51 
8124.78 7036.51 
8174.80 7036.51 
8224.82 7031.99 
8274.84 7026.71 
8324.86 7021.43 
8374.88 7016.16 
8424.90 7010.88 
8474.92 7005.60 
8524.94 7000.32 
8574.96 6995.04 
8624.98 6989.76 
8675.01 6984.48 
8725.03 6979.20 
8775.05 6973.92 
8825.07 6970.18 
8875.09 6968.26 
8925.11 6966.34 
8975.13 6964.41 
9025.15 6962.49 
9075.17 6960.57 
9125.19 6958.65 
9175.21 6956.72 
9225.24 6954.80 
9275.26 6952.88 
9325.28 6950.96 
9375.30 6949.03 
9425.32 6947.11 
9475.34 6945.19 
9525.36 6943.26 
9575.38 6941.34 
9625.40 6939.42 
9675.42 6937.50 
9725.44 6935.57 
9775.46 6933.65 
9825.49 6931.73 
9875.51 6929.96 
9925.53 6928.21 
9975.55 6926.46 
10025.57 6924.71 
10075.59 6922.96 
10125.61 6921.21 
10175.63 6919.46 
10225.65 6917.71 
10275.67 6915.96 
10325.69 6914.22 
10375.72 6912.47 
10425.74 6910.72 
10475.76 6908.97 
10525.78 6907.22 
10575.80 6905.47 
10625.82 6903.72 
10675.84 6901.97 
10725.86 6900.22 
10775.88 6898.47 
10825.90 6897.04 
10875.92 6897.59 
10925.94 6898.15 
10975.97 6898.71 
11025.99 6899.26 
11076.01 6899.82 
11126.03 6900.37 
11176.05 6900.93 
11226.07 6901.48 
11276.09 6902.04 
11326.11 6902.59 
11376.13 6903.15 
11426.15 6903.70 
11476.17 6904.26 
11526.19 6904.81 
11576.22 6905.37 
11626.24 6905.92 
11676.26 6906.48 
11726.28 6907.00 
11776.30 6907.47 
11826.32 6907.94 
11876.34 6908.40 
11926.36 6908.87 
11976.38 6909.34 
12026.40 6909.80 
12076.42 6910.27 
12126.45 6910.74 
12176.47 6911.21 
12226.49 6911.67 
12276.51 6912.14 
12326.53 6912.61 
12376.55 6913.07 
12426.57 6913.54 
12476.59 6914.01 
12526.61 6914.47 
12576.63 6914.94 
12626.65 6915.41 
12676.67 6915.88 
12726.70 6916.34 
12776.72 6917.35 
12826.74 6919.96 
12876.76 6922.58 
12926.78 6925.20 
12976.80 6927.82 
13026.82 6930.44 
13076.84 6933.05 
13126.86 6935.67 
13176.88 6938.29 
13226.90 6940.91 
13276.93 6943.52 
13326.95 6946.14 
13376.97 6948.76 
13426.99 6951.38 
13477.01 6954.00 
13527.03 6956.61 
13577.05 6959.23 
13627.07 6961.85 
13677.09 6964.47 
13727.11 6967.08 
13777.13 6969.70 
13827.15 6973.43 
13877.18 6978.18 
13927.20 6982.93 
13977.22 6987.68 
14027.24 6992.42 
14077.26 6997.17 
14127.28 7001.92 
14177.30 7006.67 
14227.32 7011.41 
14277.34 7016.16 
14327.36 7020.91 
14377.38 7025.66 
14427.40 7030.41 
14477.43 7035.15 
14527.45 7039.90 
14577.47 7044.65 
14627.49 7049.40 
14677.51 7054.14 
14727.53 7058.89 
14777.55 7063.64 
14827.57 7069.62 
14877.59 7075.94 
14927.61 7082.25 
14977.63 7088.57 
15027.66 7094.89 
15077.68 7101.21 
15127.70 7107.53 
15177.72 7113.85 
15227.74 7120.17 
15277.76 7126.48 
15327.78 7132.80 
15377.80 7139.12 
15427.82 7145.44 
15477.84 7151.76 
15527.86 7158.08 
15577.88 7164.40 
15627.91 7170.72 
15677.93 7177.28 
15727.95 7184.00 
15777.97 7190.72 
15827.99 7197.44 
15878.01 7204.16 
15928.03 7210.88 
15978.05 7217.59 
16028.07 7224.31 
16078.09 7231.03 
16128.11 7237.75 
16178.14 7244.47 
16228.16 7251.19 
16278.18 7257.91 
16328.20 7264.63 
16378.22 7271.35 
16428.24 7278.07 
16478.26 7284.79 
16528.28 7291.51 
16578.30 7298.23 
16628.32 7304.95 
16678.34 7311.67 
16728.36 7318.38 
16778.39 7325.10 
16828.41 7331.95 
16878.43 7339.68 
16928.45 7347.42 
16978.47 7355.16 
17028.49 7362.90 
17078.51 7370.64 
17128.53 7378.38 
17178.55 7386.12 
17228.57 7393.86 
17278.59 7401.60 
17328.61 7409.34 
17378.64 7417.08 
17428.66 7424.82 
17478.68 7432.56 
17528.70 7440.30 
17578.72 7448.04 
17628.74 7455.78 
17678.76 7463.52 
17728.78 7471.26 
17778.80 7479.00 
17828.82 7486.74 
17878.84 7494.47 
17928.87 7502.21 
17978.89 7508.82 
18028.91 7515.17 
18078.93 7521.51 
18128.95 7527.86 
18178.97 7534.20 
18228.99 7540.55 
18279.01 7546.90 
18329.03 7553.24 
18379.05 7559.59 
18429.07 7565.93 
18479.09 7572.28 
18529.12 7578.63 
18579.14 7584.97 
18629.16 7591.32 
18679.18 7597.66 
18729.20 7604.01 
18779.22 7610.36 
18829.24 7616.70 
18879.26 7623.05 
18929.28 7629.39 
18979.30 7635.74 
19029.32 7642.09 
19079.35 7648.43 
19129.37 7654.78 
19179.39 7661.12 
19229.41 7664.19 
19279.43 7667.05 
19329.45 7669.92 
19379.47 7672.78 
19429.49 7675.64 
19479.51 7678.51 
19529.53 7681.37 
19579.55 7684.23 
19629.57 7687.10 
19679.60 7689.96 
19729.62 7692.82 
19779.64 7695.69 
19829.66 7698.55 
19879.68 7701.41 
19929.70 7704.28 
19979.72 7707.14 
20029.74 7710.00 
20079.76 7712.86 
20129.78 7715.73 
20179.80 7718.15 
20229.82 7720.57 
20279.85 7722.99 
20329.87 7725.40 
20379.89 7727.82 
20429.91 7730.24 
20479.93 7732.66 
20529.95 7735.08 
20579.97 7737.49 
20629.99 7739.91 
20680.01 7742.33 
20730.03 7744.75 
20780.05 7747.17 
20830.08 7749.59 
20880.10 7752.00 
20930.12 7754.42 
20980.14 7756.84 
21030.16 7759.26 
21080.18 7759.93 
21130.20 7759.60 
21180.22 7759.27 
21230.24 7758.93 
21280.26 7758.60 
21330.28 7758.27 
21380.30 7757.93 
21430.33 7757.60 
21480.35 7757.27 
21530.37 7756.93 
21580.39 7756.60 
21630.41 7756.27 
21680.43 7755.93 
21730.45 7755.60 
21780.47 7755.27 
21830.49 7749.54 
21880.51 7742.69 
21930.53 7735.84 
21980.55 7729.00 
22030.58 7722.15 
22080.60 7715.31 
22130.62 7708.46 
22180.64 7701.61 
22230.66 7694.77 
22280.68 7687.92 
22330.70 7681.08 
22380.72 7674.23 
22430.74 7667.39 
22480.76 7660.54 
22530.78 7655.47 
22580.81 7652.86 
22630.83 7650.25 
22680.85 7647.64 
22730.87 7645.03 
22780.89 7642.41 
22830.91 7639.80 
22880.93 7637.19 
22930.95 7634.58 
22980.97 7631.97 
23030.99 7629.36 
23081.01 7626.75 
23131.03 7624.14 
23181.06 7622.18 
23231.08 7622.92 
23281.10 7623.66 
23331.12 7624.40 
23381.14 7625.14 
23431.16 7625.88 
23481.18 7626.62 
23531.20 7627.36 
23581.22 7628.10 
23631.24 7628.84 
23681.26 7629.58 
23731.29 7630.32 
23781.31 7631.06 
23831.33 7631.80 
23881.35 7633.33 
23931.37 7636.00 
23981.39 7638.68 
24031.41 7641.36 
24081.43 7644.04 
24131.45 7646.71 
24181.47 7649.39 
24231.49 7652.07 
24281.51 7654.74 
24331.54 7657.42 
24381.56 7660.10 
24431.58 7662.78 
24481.60 7665.45 
24531.62 7668.13 
24581.64 7670.81 
24631.66 7673.49 
24681.68 7676.16 
24731.70 7678.84 
24781.72 7681.52 
24831.74 7684.19 
24881.76 7686.87 
24931.79 7689.29 
24981.81 7691.40 
25031.83 7693.51 
25081.85 7695.62 
25131.87 7697.73 
25181.89 7699.84 
25231.91 7701.96 
25281.93 7704.07 
25331.95 7706.18 
25381.97 7708.29 
25431.99 7710.40 
25482.02 7712.51 
25532.04 7714.63 
25582.06 7716.74 
25632.08 7718.85 
25682.10 7720.96 
25732.12 7723.07 
25782.14 7725.18 
25832.16 7727.07 
25882.18 7728.89 
25932.20 7730.71 
25982.22 7732.52 
26032.24 7734.34 
26082.27 7736.16 
26132.29 7737.98 
26182.31 7739.79 
26232.33 7741.61 
26282.35 7743.43 
26332.37 7745.24 
26382.39 7747.06 
26432.41 7748.88 
26482.43 7750.64 
26532.45 7751.26 
26582.47 7751.87 
26632.50 7752.49 
26682.52 7753.11 
26732.54 7753.72 
26782.56 7754.34 
26832.58 7754.96 
26882.60 7755.57 
26932.62 7756.19 
26982.64 7756.81 
27032.66 7757.43 
27082.68 7758.04 
27132.70 7758.66 
27182.72 7759.28 
27232.75 7759.89 
27282.77 7760.51 
27332.79 7761.13 
27382.81 7761.74 
27432.83 7762.36 
27482.85 7762.98 
27532.87 7761.26 
27582.89 7759.14 
27632.91 7757.02 
27682.93 7754.90 
27732.95 7752.78 
27782.97 7750.65 
27833.00 7748.53 
27883.02 7746.41 
27933.04 7744.29 
27983.06 7742.17 
28033.08 7740.05 
28083.10 7737.92 
28133.12 7735.80 
28183.14 7733.68 
28233.16 7731.56 
28283.18 7729.44 
28333.20 7727.32 
28383.23 7725.19 
28433.25 7723.07 
28483.27 7720.95 
28533.29 7718.83 
28583.31 7716.71 
28633.33 7714.59 
28683.35 7712.46 
28733.37 7710.34 
28783.39 7708.22 
28833.41 7705.94 
28883.43 7703.44 
28933.45 7700.94 
28983.48 7698.44 
29033.50 7695.95 
29083.52 7693.45 
29133.54 7690.95 
29183.56 7688.45 
29233.58 7685.95 
29283.60 7683.45 
29333.62 7680.95 
29383.64 7678.45 
29433.66 7675.96 
29483.68 7673.46 
29533.71 7670.96 
29583.73 7669.62 
29633.75 7669.62 
29683.77 7669.62 
29733.79 7669.62 
29783.81 7669.62 
29833.83 7669.62 
29883.85 7669.62 
29933.87 7669.62 
29983.89 7669.62 
30033.91 7669.62 
30083.93 7669.62 
30133.96 7669.62 
30183.98 7669.62 
30234.00 7669.62 
30284.02 7669.62 
30334.04 7669.62 
30384.06 7669.62 
30434.08 7669.62 
30484.10 7669.62 
30534.12 7669.81 
30584.14 7670.56 
30634.16 7671.31 
30684.18 7672.05 
30734.21 7672.80 
30784.23 7673.54 
30834.25 7674.29 
30884.27 7675.04 
30934.29 7675.78 
30984.31 7676.53 
31034.33 7677.27 
31084.35 7678.02 
31134.37 7678.77 
31184.39 7679.51 
31234.41 7680.26 
31284.44 7681.00 
31334.46 7681.75 
31384.48 7685.26 
31434.50 7690.96 
31484.52 7696.65 
31534.54 7702.34 
31584.56 7708.04 
31634.58 7713.73 
31684.60 7719.42 
31734.62 7725.12 
31784.64 7730.81 
31834.66 7736.50 
31884.69 7742.20 
31934.71 7747.89 
31984.73 7753.58 
32034.75 7759.28 
32084.77 7764.97 
32134.79 7770.66 
32184.81 7776.36 
32234.83 7782.05 
32284.85 7787.74 
32334.87 7793.44 
32384.89 7805.22 
32434.92 7817.96 
32484.94 7830.71 
32534.96 7843.46 
32584.98 7856.21 
32635.00 7868.96 
32685.02 7881.71 
32735.04 7894.46 
32785.06 7907.21 
32835.08 7919.95 
32885.10 7932.70 
32935.12 7945.45 
32985.14 7955.23 
33035.17 7963.38 
33085.19 7971.53 
33135.21 7979.68 
33185.23 7987.82 
33235.25 7995.97 
33285.27 8004.12 
33335.29 8012.27 
33385.31 8020.42 
33435.33 8028.56 
33485.35 8036.71 
33535.37 8044.86 
33585.39 8053.01 
33635.42 8061.16 
33685.44 8069.31 
33735.46 8077.45 
33785.48 8085.60 
33835.50 8093.75 
33885.52 8101.90 
33935.54 8110.05 
33985.56 8118.19 
34035.58 8126.34 
34085.60 8134.49 
34135.62 8143.11 
34185.65 8151.93 
34235.67 8160.75 
34285.69 8169.57 
34335.71 8178.39 
34385.73 8187.21 
34435.75 8196.03 
34485.77 8204.85 
34535.79 8213.67 
34585.81 8222.48 
34635.83 8231.30 
34685.85 8240.12 
34735.87 8248.94 
34785.90 8262.42 
34835.92 8275.94 
34885.94 8289.45 
34935.96 8302.97 
34985.98 8316.49 
35036.00 8330.01 
35086.02 8343.52 
35136.04 8357.04 
35186.06 8370.56 
35236.08 8384.08 
35286.10 8397.60 
35336.12 8411.11 
35386.15 8424.63 
35436.17 8438.15 
35486.19 8451.67 
35536.21 8461.81 
35586.23 8471.02 
35636.25 8480.23 
35686.27 8489.43 
35736.29 8498.64 
35786.31 8507.84 
35836.33 8517.05 
35886.35 8526.26 
35936.38 8535.46 
35986.40 8544.01 
36036.42 8551.07 
36086.44 8558.13 
36136.46 8565.19 
36186.48 8572.26 
36236.50 8579.32 
36286.52 8586.38 
36336.54 8593.44 
36386.56 8600.50 
36436.58 8607.56 
36486.60 8614.63 
36536.63 8621.69 
36586.65 8623.95 
36636.67 8625.29 
36686.69 8626.63 
36736.71 8627.97 
36786.73 8629.31 
36836.75 8630.65 
36886.77 8631.98 
36936.79 8633.32 
36986.81 8634.66 
37036.83 8636.00 
37086.86 8637.34 
37136.88 8638.68 
37186.90 8640.02 
37236.92 8641.35 
37286.94 8639.17 
37336.96 8636.47 
37386.98 8633.78 
37437.00 8631.09 
37487.02 8628.40 
37537.04 8625.71 
37587.06 8623.02 
37637.08 8620.33 
37687.11 8617.64 
37737.13 8614.95 
37787.15 8612.26 
37837.17 8609.56 
37887.19 8606.87 
37937.21 8604.18 
37987.23 8601.49 
38037.25 8598.80 
38087.27 8595.47 
38137.29 8591.83 
38187.31 8588.18 
38237.33 8584.54 
38287.36 8580.90 
38337.38 8577.25 
38387.40 8573.61 
38437.42 8569.96 
38487.44 8566.32 
38537.46 8562.68 
38587.48 8559.03 
38637.50 8555.39 
38687.52 8552.48 
38737.54 8549.89 
38787.56 8547.30 
38837.59 8544.70 
38887.61 8542.11 
38937.63 8539.52 
38987.65 8536.92 
39037.67 8534.33 
39087.69 8531.74 
39137.71 8529.15 
39187.73 8526.55 
39237.75 8523.96 
39287.77 8521.37 
39337.79 8518.77 
39387.81 8516.18 
39437.84 8513.59 
39487.86 8515.78 
39537.88 8519.35 
39587.90 8522.92 
39637.92 8526.49 
39687.94 8530.06 
39737.96 8533.63 
39787.98 8537.20 
39838.00 8540.77 
39888.02 8544.34 
39938.04 8547.91 
39988.07 8551.48 
40038.09 8555.05 
40088.11 8558.62 
40138.13 8562.19 
40188.15 8565.42 
40238.17 8566.14 
40288.19 8566.86 
40338.21 8567.59 
40388.23 8568.31 
40438.25 8569.04 
40488.27 8569.76 
40538.29 8570.49 
40588.32 8571.21 
40638.34 8571.93 
40688.36 8572.66 
40738.38 8573.38 
40788.40 8574.11 
40838.42 8574.83 
40888.44 8575.56 
40938.46 8576.28 
40988.48 8577.00 
41038.50 8577.73 
41088.52 8578.45 
41138.54 8579.18 
41188.57 8579.90 
41238.59 8580.28 
41288.61 8580.28 
41338.63 8580.28 
41388.65 8580.28 
41438.67 8580.28 
41488.69 8580.28 
41538.71 8580.28 
41588.73 8580.28 
41638.75 8580.28 
41688.77 8580.28 
41738.80 8580.28 
41788.82 8580.28 
41838.84 8580.28 
41888.86 8580.28 
41938.88 8580.28 
41988.90 8580.28 
42038.92 8580.28 
42088.94 8580.28 
42138.96 8580.28 
42188.98 8580.49 
42239.00 8580.82 
42289.02 8581.16 
42339.05 8581.49 
42389.07 8581.82 
42439.09 8582.16 
42489.11 8582.49 
42539.13 8582.82 
42589.15 8583.15 
42639.17 8583.49 
42689.19 8583.82 
42739.21 8584.15 
42789.23 8584.49 
42839.25 8584.82 
42889.28 8585.15 
42939.30 8585.49 
42989.32 8585.82 
43039.34 8586.15 
43089.36 8586.49 
43139.38 8586.82 
43189.40 8587.15 
43239.42 8587.49 
43289.44 8588.13 
43339.46 8589.98 
43389.48 8591.83 
43439.50 8593.68 
43489.53 8595.53 
43539.55 8597.38 
43589.57 8599.23 
43639.59 8601.08 
43689.61 8602.94 
43739.63 8604.79 
43789.65 8606.64 
43839.67 8608.49 
43889.69 8610.34 
43939.71 8612.19 
43989.73 8614.04 
44039.75 8615.89 
44089.78 8617.74 
44139.80 8619.59 
44189.82 8621.44 
44239.84 8623.30 
44289.86 8625.15 
44339.88 8627.00 
44389.90 8628.85 
44439.92 8630.70 
44489.94 8632.55 
44539.96 8639.14 
44589.98 8645.86 
44640.01 8652.57 
44690.03 8659.28 
44740.05 8666.00 
44790.07 8672.71 
44840.09 8679.42 
44890.11 8686.14 
44940.13 8692.85 
44990.15 8699.56 
45040.17 8706.27 
45090.19 8712.99 
45140.21 8719.70 
45190.23 8726.41 
45240.26 8733.13 
45290.28 8739.84 
45340.30 8746.55 
45390.32 8753.27 
45440.34 8759.98 
45490.36 8766.69 
45540.38 8777.70 
45590.40 8789.00 
45640.42 8800.30 
45690.44 8811.61 
45740.46 8822.91 
45790.49 8834.22 
45840.51 8845.52 
45890.53 8856.82 
45940.55 8868.13 
45990.57 8879.43 
46040.59 8890.73 
46090.61 8902.04 
46140.63 8910.93 
46190.65 8915.73 
46240.67 8920.54 
46290.69 8925.34 
46340.71 8930.15 
46390.74 8934.95 
46440.76 8939.76 
46490.78 8944.56 
46540.80 8949.37 
46590.82 8954.17 
46640.84 8958.98 
46690.86 8963.78 
46740.88 8968.59 
46790.90 8973.39 
46840.92 8978.20 
46890.94 8983.01 
46940.96 8991.64 
46990.99 9001.13 
47041.01 9010.62 
47091.03 9020.11 
47141.05 9029.60 
47191.07 9039.09 
47241.09 9048.58 
47291.11 9058.06 
47341.13 9067.55 
47391.15 9077.04 
47441.17 9086.53 
47491.19 9096.02 
47541.22 9105.51 
47591.24 9115.00 
47641.26 9124.49 
47691.28 9133.98 
47741.30 9143.46 
47791.32 9152.95 
47841.34 9162.44 
47891.36 9171.93 
47941.38 9181.42 
47991.40 9190.91 
48041.42 9200.40 
48091.44 9209.42 
48141.47 9216.40 
48191.49 9223.38 
48241.51 9230.36 
48291.53 9237.34 
48341.55 9244.32 
48391.57 9251.31 
48441.59 9258.29 
48491.61 9265.27 
48541.63 9272.25 
48591.65 9279.23 
48641.67 9286.22 
48691.70 9293.20 
48741.72 9300.18 
48791.74 9307.16 
48841.76 9314.14 
48891.78 9321.12 
48941.80 9328.11 
48991.82 9335.09 
49041.84 9342.07 
49091.86 9349.05 
49141.88 9354.00 
49191.90 9358.58 
49241.92 9363.16 
49291.95 9367.74 
49341.97 9372.32 
49391.99 9376.90 
49442.01 9381.48 
49492.03 9386.06 
49542.05 9390.65 
49592.07 9395.23 
49642.09 9399.81 
49692.11 9404.39 
49742.13 9408.97 
49792.15 9413.55 
49842.17 9418.13 
49892.20 9422.71 
49942.22 9427.29 
49992.24 9431.87 
50042.26 9436.20 
50092.28 9440.49 
50142.30 9444.79 
50192.32 9449.08 
50242.34 9453.38 
50292.36 9457.67 
50342.38 9461.97 
50392.40 9466.26 
50442.43 9470.56 
50492.45 9474.85 
50542.47 9479.15 
50592.49 9483.44 
50642.51 9487.73 
50692.53 9492.03 
50742.55 9496.32 
50792.57 9500.62 
50842.59 9504.91 
50892.61 9509.21 
50942.63 9513.50 
50992.65 9513.13 
51042.68 9511.26 
51092.70 9509.40 
51142.72 9507.53 
51192.74 9505.67 
51242.76 9503.80 
51292.78 9501.94 
51342.80 9500.07 
51392.82 9498.21 
51442.84 9496.35 
51492.86 9494.48 
51542.88 9492.62 
51592.90 9490.75 
51642.93 9488.89 
51692.95 9487.02 
51742.97 9485.16 
51792.99 9483.29 
51843.01 9481.43 
51893.03 9479.56 
51943.05 9477.70 
51993.07 9475.49 
52043.09 9473.15 
52093.11 9470.81 
52143.13 9468.46 
52193.16 9466.12 
52243.18 9463.78 
52293.20 9461.43 
52343.22 9459.09 
52393.24 9456.75 
52443.26 9454.41 
52493.28 9452.06 
52543.30 9449.72 
52593.32 9447.38 
52643.34 9445.04 
52693.36 9442.69 
52743.38 9440.35 
52793.41 9438.01 
52843.43 9435.67 
52893.45 9433.32 
52943.47 9431.40 
52993.49 9429.79 
53043.51 9428.18 
53093.53 9426.56 
53143.55 9424.95 
53193.57 9423.34 
53243.59 9421.73 
53293.61 9420.12 
53343.64 9418.50 
53393.66 9416.89 
53443.68 9415.28 
53493.70 9413.67 
53543.72 9412.06 
53593.74 9410.44 
53643.76 9408.83 
53693.78 9407.22 
53743.80 9405.61 
53793.82 9404.00 
53843.84 9402.41 
53893.86 9401.74 
53943.89 9401.06 
53993.91 9400.38 
54043.93 9399.71 
54093.95 9399.03 
54143.97 9398.36 
54193.99 9397.68 
54244.01 9397.01 
54294.03 9396.33 
54344.05 9395.66 
54394.07 9394.98 
54444.09 9398.39 
54494.11 9401.96 
54544.14 9405.53 
54594.16 9409.10 
54644.18 9412.67 
54694.20 9416.24 
54744.22 9419.81 
54794.24 9423.38 
54844.26 9426.95 
54894.28 9430.52 
54944.30 9434.09 
54994.32 9437.66 
55044.34 9441.23 
55094.37 9444.80 
55144.39 9448.36 
55194.41 9451.93 
55244.43 9455.50 
55294.45 9459.07 
55344.47 9462.64 
55394.49 9466.21 
55444.51 9469.78 
55494.53 9473.35 
55544.55 9476.92 
55594.57 9478.88 
55644.59 9480.72 
55694.62 9482.55 
55744.64 9484.39 
55794.66 9486.23 
55844.68 9488.07 
55894.70 9489.90 
55944.72 9491.74 
55994.74 9493.58 
56044.76 9495.42 
56094.78 9497.25 
56144.80 9499.09 
56194.82 9500.93 
56244.85 9502.77 
56294.87 9504.60 
56344.89 9506.44 
56394.91 9508.28 
56444.93 9510.11 
56494.95 9511.95 
56544.97 9513.79 
56594.99 9516.55 
56645.01 9519.94 
56695.03 9523.33 
56745.05 9526.73 
56795.07 9530.12 
56845.10 9533.51 
56895.12 9536.91 
56945.14 9540.30 
56995.16 9543.69 
57045.18 9547.09 
57095.20 9550.48 
57145.22 9553.87 
57195.24 9557.27 
57245.26 9560.66 
57295.28 9564.05 
57345.30 9567.45 
57395.32 9570.84 
57445.35 9574.23 
57495.37 9577.63 
57545.39 9581.02 
57595.41 9584.41 
57645.43 9587.81 
57695.45 9591.20 
57745.47 9594.59 
57795.49 9597.05 
57845.51 9597.87 
57895.53 9598.69 
57945.55 9599.51 
57995.58 9600.33 
58045.60 9601.15 
58095.62 9601.97 
58145.64 9602.79 
58195.66 9603.61 
58245.68 9604.43 
58295.70 9605.25 
58345.72 9606.07 
58395.74 9606.88 
58445.76 9607.70 
58495.78 9608.52 
58545.80 9609.34 
58595.83 9610.16 
58645.85 9610.98 
58695.87 9611.71 
58745.89 9611.71 
58795.91 9611.71 
58845.93 9611.71 
58895.95 9611.71 
58945.97 9611.71 
58995.99 9611.71 
59046.01 9611.71 
59096.03 9611.71 
59146.06 9611.71 
59196.08 9611.71 
59246.10 9611.71 
59296.12 9611.71 
59346.14 9611.71 
59396.16 9611.71 
59446.18 9611.71 
59496.20 9612.01 
59546.22 9613.16 
59596.24 9614.32 
59646.26 9615.47 
59696.28 9616.62 
59746.31 9617.78 
59796.33 9618.93 
59846.35 9620.08 
59896.37 9621.24 
59946.39 9622.39 
59996.41 9623.54 
60046.43 9624.69 
60096.45 9625.85 
60146.47 9627.00 
60196.49 9628.15 
60246.51 9629.31 
60296.53 9630.46 
60346.56 9631.61 
60396.58 9632.77 
60446.60 9633.92 
60496.62 9638.69 
60546.64 9644.24 
60596.66 9649.79 
60646.68 9655.34 
60696.70 9660.90 
60746.72 9666.45 
60796.74 9672.00 
60846.76 9677.55 
60896.79 9683.11 
60946.81 9688.66 
60996.83 9694.21 
61046.85 9699.77 
61096.87 9705.32 
61146.89 9710.87 
61196.91 9716.42 
61246.93 9721.98 
61296.95 9728.98 
61346.97 9736.70 
61396.99 9744.43 
61447.01 9752.15 
61497.04 9759.88 
61547.06 9767.60 
61597.08 9775.32 
61647.10 9783.05 
61697.12 9790.77 
61747.14 9798.49 
61797.16 9806.22 
61847.18 9813.94 
61897.20 9821.66 
61947.22 9829.39 
61997.24 9837.11 
62047.27 9844.83 
62097.29 9852.43 
62147.31 9859.57 
62197.33 9866.71 
62247.35 9873.85 
62297.37 9880.99 
62347.39 9888.13 
62397.41 9895.26 
62447.43 9902.40 
62497.45 9909.54 
62547.47 9916.68 
62597.49 9923.82 
62647.52 9930.96 
62697.54 9938.10 
62747.56 9945.24 
62797.58 9952.38 
62847.60 9957.63 
62897.62 9961.40 
62947.64 9965.17 
62997.66 9968.94 
63047.68 9972.72 
63097.70 9976.49 
63147.72 9980.26 
63197.74 9984.03 
63247.77 9987.80 
63297.79 9991.58 
63347.81 9995.35 
63397.83 9999.12 
63447.85 10002.89 
63497.87 10006.66 
63547.89 10010.43 
63597.91 10014.21 
63647.93 10013.91 
63697.95 10011.94 
63747.97 10009.97 
63798.00 10007.99 
63848.02 10006.02 
63898.04 10004.05 
63948.06 10002.08 
63998.08 10000.10 
64048.10 9998.13 
64098.12 9996.16 
64148.14 9994.18 
64198.16 9994.28 
64248.18 9998.35 
64298.20 10002.43 
64348.22 10006.50 
64398.25 10010.57 
64448.27 10014.65 
64498.29 10018.72 
64548.31 10022.80 
64598.33 10026.87 
64648.35 10030.95 
64698.37 10035.02 
64748.39 10039.10 
64798.41 10037.08 
64848.43 10034.77 
64898.45 10032.47 
64948.47 10030.16 
64998.50 10027.86 
65048.52 10025.56 
65098.54 10023.25 
65148.56 10027.46 
65198.58 10033.33 
65248.60 10039.20 
65298.62 10045.07 
65348.64 10050.95 
65398.66 10056.82 
65448.68 10061.72 
65498.70 10065.55 
65548.73 10069.37 
65598.75 10073.20 
65648.77 10077.03 
65698.79 10080.85 
65748.81 10084.68 
65798.83 10088.51 
65848.85 10092.33 
65898.87 10096.16 
65948.89 10099.97 
65998.91 10103.77 
66048.93 10107.56 
66098.95 10111.36 
66148.98 10115.16 
66199.00 10118.96 
66249.02 10122.76 
66299.04 10126.55 
66349.06 10130.35 
66399.08 10134.15 
66449.10 10137.95 
66499.12 10141.74 
66549.14 10145.54 
66599.16 10149.34 
66649.18 10153.14 
66699.21 10156.93 
66749.23 10160.73 
66799.25 10164.53 
66849.27 10168.33 
66899.29 10171.96 
66949.31 10175.49 
66999.33 10179.01 
67049.35 10182.54 
67099.37 10186.06 
67149.39 10189.58 
67199.41 10193.11 
67249.43 10196.63 
67299.46 10200.15 
67349.48 10203.68 
67399.50 10207.20 
67449.52 10210.73 
67499.54 10214.25 
67549.56 10217.77 
67599.58 10221.30 
67649.60 10224.82 
67699.62 10228.35 
67749.64 10231.87 
67799.66 10235.39 
67849.68 10238.92 
67899.71 10242.44 
67949.73 10246.02 
67999.75 10249.96 
68049.77 10253.91 
68099.79 10257.86 
68149.81 10261.80 
68199.83 10265.75 
68249.85 10269.69 
68299.87 10273.64 
68349.89 10277.58 
68399.91 10281.53 
68449.94 10285.47 
68499.96 10289.42 
68549.98 10293.36 
68600.00 10297.31 
68650.02 10301.25 
68700.04 10305.20 
68750.06 10309.08 
68800.08 10312.89 
68850.10 10316.70 
68900.12 10320.51 
68950.14 10324.31 
69000.16 10328.12 
69050.19 10331.93 
69100.21 10335.74 
69150.23 10339.54 
69200.25 10343.35 
69250.27 10347.16 
69300.29 10350.97 
69350.31 10354.78 
69400.33 10358.58 
69450.35 10362.39 
69500.37 10366.20 
69550.39 10370.01 
69600.42 10373.81 
69650.44 10377.62 
69700.46 10381.43 
69750.48 10385.24 
69800.50 10389.04 
69850.52 10392.85 
69900.54 10396.66 
69950.56 10400.47 
70000.58 10404.27 
70050.60 10408.08 
70100.62 10411.89 
70150.64 10415.70 
70200.67 10420.56 
70250.69 10426.25 
70300.71 10431.94 
70350.73 10437.63 
70400.75 10443.32 
70450.77 10449.01 
70500.79 10454.70 
70550.81 10460.39 
70600.83 10466.08 
70650.85 10471.77 
70700.87 10477.46 
70750.89 10483.15 
70800.92 10488.84 
70850.94 10494.53 
70900.96 10500.22 
70950.98 10505.91 
71001.00 10511.60 
71051.02 10517.29 
71101.04 10522.98 
71151.06 10528.67 
71201.08 10534.36 
71251.10 10540.05 
71301.12 10545.74 
71351.15 10551.43 
71401.17 10557.12 
71451.19 10562.81 
71501.21 10568.50 
71551.23 10574.19 
71601.25 10580.97 
71651.27 10588.06 
71701.29 10595.16 
71751.31 10602.25 
71801.33 10609.35 
71851.35 10616.44 
71901.37 10623.54 
71951.40 10630.63 
72001.42 10637.73 
72051.44 10644.82 
72101.46 10651.92 
72151.48 10659.01 
72201.50 10666.11 
72251.52 10673.20 
72301.54 10680.30 
72351.56 10687.39 
72401.58 10694.49 
72451.60 10701.59 
72501.63 10708.68 
72551.65 10715.78 
72601.67 10722.87 
72651.69 10729.97 
72701.71 10736.23 
72751.73 10741.61 
72801.75 10746.99 
72851.77 10752.37 
72901.79 10757.76 
72951.81 10763.14 
73001.83 10768.52 
73051.85 10773.90 
73101.88 10779.28 
73151.90 10784.66 
73201.92 10790.05 
73251.94 10795.43 
73301.96 10800.81 
73351.98 10806.19 
73402.00 10811.57 
73452.02 10816.96 
73502.04 10822.34 
73552.06 10827.72 
73602.08 10834.95 
73652.10 10843.39 
73702.13 10851.83 
73752.15 10860.28 
73802.17 10868.72 
73852.19 10877.16 
73902.21 10885.60 
73952.23 10894.04 
74002.25 10902.48 
74052.27 10910.93 
74102.29 10919.37 
74152.31 10927.81 
74202.33 10936.25 
74252.36 10944.69 
74302.38 10953.13 
74352.40 10961.58 
74402.42 10970.02 
74452.44 10978.46 
74502.46 10986.90 
74552.48 10995.34 
74602.50 11004.50 
74652.52 11015.86 
74702.54 11027.22 
74752.56 11038.57 
74802.58 11049.93 
74852.61 11061.29 
74902.63 11072.65 
74952.65 11084.01 
75002.67 11095.36 
75052.69 11106.72 
75102.71 11118.08 
75152.73 11129.44 
75202.75 11140.79 
75252.77 11152.15 
75302.79 11163.51 
75352.81 11174.87 
75402.84 11186.23 
75452.86 11197.58 
75502.88 11208.57 
75552.90 11215.71 
75602.92 11222.85 
75652.94 11229.99 
75702.96 11237.13 
75752.98 11244.27 
75803.00 11251.41 
75853.02 11258.55 
75903.04 11265.69 
75953.06 11272.83 
76003.09 11279.97 
76053.11 11287.11 
76103.13 11294.25 
76153.15 11301.39 
76203.17 11308.53 
76253.19 11315.66 
76303.21 11322.80 
76353.23 11329.94 
76403.25 11334.88 
76453.27 11339.10 
76503.29 11343.32 
76553.31 11347.53 
76603.34 11351.75 
76653.36 11355.97 
76703.38 11360.19 
76753.40 11364.41 
76803.42 11368.63 
76853.44 11372.85 
76903.46 11377.06 
76953.48 11381.28 
77003.50 11385.50 
77053.52 11389.72 
77103.54 11393.94 
77153.57 11398.16 
77203.59 11402.38 
77253.61 11406.60 
77303.63 11410.81 
77353.65 11415.03 
77403.67 11419.25 
77453.69 11420.87 
77503.71 11420.54 
77553.73 11420.21 
77603.75 11419.87 
77653.77 11419.54 
77703.79 11419.21 
77753.82 11418.87 
77803.84 11418.54 
77853.86 11418.21 
77903.88 11417.88 
77953.90 11417.54 
78003.92 11417.21 
78053.94 11416.88 
78103.96 11416.54 
78153.98 11416.21 
78204.00 11415.88 
78254.02 11415.54 
78304.05 11415.21 
78354.07 11414.88 
78404.09 11414.54 
78454.11 11414.21 
78504.13 11411.76 
78554.15 11409.16 
78604.17 11406.57 
78654.19 11403.97 
78704.21 11401.37 
78754.23 11398.78 
78804.25 11396.18 
78854.27 11393.59 
78904.30 11390.99 
78954.32 11388.39 
79004.34 11385.80 
79054.36 11383.20 
79104.38 11380.60 
79154.40 11378.01 
79204.42 11375.41 
79254.44 11372.82 
79304.46 11370.22 
79354.48 11367.62 
79404.50 11365.03 
79454.52 11362.43 
79504.55 11359.84 
79554.57 11358.96 
79604.59 11358.65 
79654.61 11358.34 
79704.63 11358.04 
79754.65 11357.73 
79804.67 11357.42 
79854.69 11357.11 
79904.71 11356.80 
79954.73 11356.49 
80004.75 11356.18 
80054.78 11355.88 
80104.80 11355.57 
80154.82 11355.26 
80204.84 11354.95 
80254.86 11354.64 
80304.88 11354.33 
80354.90 11354.02 
80404.92 11353.72 
80454.94 11353.41 
80504.96 11353.10 
80554.98 11352.79 
80605.00 11352.48 
80655.03 11351.85 
80705.05 11350.85 
80755.07 11349.85 
80805.09 11348.85 
80855.11 11347.85 
80905.13 11346.85 
80955.15 11345.85 
81005.17 11344.85 
81055.19 11343.85 
81105.21 11342.86 
81155.23 11341.86 
81205.25 11340.86 
81255.28 11339.86 
81305.30 11338.86 
81355.32 11337.86 
81405.34 11336.86 
81455.36 11335.86 
81505.38 11334.86 
81555.40 11333.86 
81605.42 11332.86 
81655.44 11331.86 
81705.46 11332.31 
81755.48 11333.04 
81805.51 11333.78 
81855.53 11334.51 
81905.55 11335.25 
81955.57 11335.98 
82005.59 11336.72 
82055.61 11337.45 
82105.63 11338.19 
82155.65 11338.92 
82205.67 11339.66 
82255.69 11340.39 
82305.71 11341.13 
82355.73 11341.86 
82405.76 11342.60 
82455.78 11343.33 
82505.80 11344.07 
82555.82 11344.80 
82605.84 11346.46 
82655.86 11354.55 
82705.88 11362.65 
82755.90 11370.74 
82805.92 11378.84 
82855.94 11386.93 
82905.96 11395.03 
82955.99 11403.12 
83006.01 11411.22 
83056.03 11419.31 
83106.05 11427.40 
83156.07 11435.50 
83206.09 11443.59 
83256.11 11451.69 
83306.13 11459.78 
83356.15 11467.88 
83406.17 11475.97 
83456.19 11484.07 
83506.21 11492.16 
83556.24 11500.26 
83606.26 11508.18 
83656.28 11515.99 
83706.30 11523.80 
83756.32 11531.61 
83806.34 11539.42 
83856.36 11547.22 
83906.38 11555.03 
83956.40 11562.84 
84006.42 11570.65 
84056.44 11578.46 
84106.46 11586.27 
84156.49 11594.08 
84206.51 11601.88 
84256.53 11609.69 
84306.55 11617.50 
84356.57 11625.31 
84406.59 11633.12 
84456.61 11640.93 
84506.63 11648.74 
84556.65 11656.54 
84606.67 11664.35 
84656.69 11672.16 
84706.72 11680.39 
84756.74 11688.91 
84806.76 11697.44 
84856.78 11705.96 
84906.80 11714.49 
84956.82 11723.01 
85006.84 11731.54 
85056.86 11740.06 
85106.88 11748.59 
85156.90 11757.11 
85206.92 11765.64 
85256.94 11774.16 
85306.97 11782.69 
85356.99 11791.21 
85407.01 11799.74 
85457.03 11808.27 
85507.05 11816.79 
85557.07 11825.32 
85607.09 11833.84 
85657.11 11842.37 
85707.13 11850.89 
85757.15 11859.42 
85807.17 11867.94 
85857.20 11876.59 
85907.22 11885.75 
85957.24 11894.92 
86007.26 11904.08 
86057.28 11913.24 
86107.30 11922.40 
86157.32 11931.56 
86207.34 11940.73 
86257.36 11949.89 
86307.38 11959.05 
86357.40 11968.21 
86407.42 11977.38 
86457.45 11986.54 
86507.47 11995.70 
86557.49 12004.86 
86607.51 12014.02 
86657.53 12023.19 
86707.55 12030.83 
86757.57 12037.79 
86807.59 12044.76 
86857.61 12051.72 
86907.63 12058.69 
86957.65 12065.65 
87007.67 12072.61 
87057.70 12079.58 
87107.72 12086.54 
87157.74 12093.50 
87207.76 12100.47 
87257.78 12107.43 
87307.80 12114.40 
87357.82 12121.36 
87407.84 12128.32 
87457.86 12135.29 
87507.88 12142.25 
87557.90 12145.66 
87607.93 12148.71 
87657.95 12151.75 
87707.97 12154.80 
87757.99 12157.85 
87808.01 12160.89 
87858.03 12163.94 
87908.05 12166.99 
87958.07 12170.04 
88008.09 12173.08 
88058.11 12176.13 
88108.13 12180.31 
88158.15 12185.16 
88208.18 12190.01 
88258.20 12194.85 
88308.22 12199.70 
88358.24 12204.55 
88408.26 12209.40 
88458.28 12214.25 
88508.30 12219.10 
88558.32 12223.94 
88608.34 12228.79 
88658.36 12233.64 
88708.38 12238.49 
88758.41 12243.34 
88808.43 12248.19 
88858.45 12253.03 
88908.47 12257.88 
88958.49 12262.73 
89008.51 12267.78 
89058.53 12273.68 
89108.55 12279.58 
89158.57 12285.47 
89208.59 12291.37 
89258.61 12297.26 
89308.63 12303.16 
89358.66 12309.05 
89408.68 12314.95 
89458.70 12320.85 
89508.72 12326.74 
89558.74 12332.64 
89608.76 12338.53 
89658.78 12344.43 
89708.80 12350.33 
89758.82 12356.22 
89808.84 12362.12 
89858.86 12368.01 
89908.88 12373.91 
89958.91 12379.81 
90008.93 12385.70 
90058.95 12391.60 
90108.97 12397.49 
90158.99 12403.39 
90209.01 12409.29 
