 45.20 7638.25 
 95.27 7645.25 
145.35 7652.25 
195.43 7658.64 
245.51 7664.88 
295.59 7671.13 
345.66 7677.38 
395.74 7683.72 
445.82 7691.32 
495.90 7698.93 
545.98 7706.54 
596.05 7714.45 
646.13 7722.84 
696.21 7731.23 
746.29 7739.71 
796.37 7749.56 
846.44 7759.41 
896.52 7769.26 
946.60 7779.65 
996.68 7791.07 
1046.76 7802.49 
1096.83 7814.32 
1146.91 7827.68 
1196.99 7841.09 
1247.07 7855.84 
1297.15 7870.63 
1347.22 7886.48 
1397.30 7902.32 
1447.38 7918.17 
1497.46 7934.01 
1547.54 7949.59 
1597.61 7962.84 
1647.69 7976.09 
1697.77 7989.33 
1747.85 8002.58 
1797.93 8015.81 
1848.01 8028.40 
1898.08 8040.98 
1948.16 8053.56 
1998.24 8066.14 
2048.32 8077.74 
2098.40 8087.60 
2148.47 8097.45 
2198.55 8107.31 
2248.63 8117.17 
2298.71 8127.02 
2348.79 8136.28 
2398.86 8145.00 
2448.94 8153.72 
2499.02 8162.09 
2549.10 8169.66 
2599.18 8177.22 
2649.25 8184.78 
2699.33 8192.34 
2749.41 8197.16 
2799.49 8201.20 
2849.57 8205.24 
2899.64 8208.91 
2949.72 8210.40 
2999.80 8211.88 
3049.88 8213.37 
3099.96 8214.85 
3150.03 8216.32 
3200.11 8217.69 
3250.19 8219.06 
3300.27 8220.43 
3350.35 8221.80 
3400.42 8220.95 
3450.50 8219.33 
3500.58 8217.71 
3550.66 8216.09 
3600.74 8214.47 
3650.81 8213.36 
3700.89 8212.86 
3750.97 8212.36 
3801.05 8211.86 
3851.13 8211.37 
3901.21 8210.87 
3951.28 8210.37 
4001.36 8209.86 
4051.44 8209.34 
4101.52 8208.81 
4151.60 8208.29 
4201.67 8207.77 
4251.75 8207.24 
4301.83 8206.72 
4351.91 8206.20 
4401.99 8205.69 
4452.06 8205.19 
4502.14 8204.68 
4552.22 8204.18 
4602.30 8203.67 
4652.38 8203.17 
4702.45 8202.66 
4752.53 8202.18 
4802.61 8201.71 
4852.69 8201.23 
4902.77 8200.76 
4952.84 8200.28 
5002.92 8201.77 
5053.00 8204.07 
5103.08 8206.37 
5153.16 8208.66 
5203.23 8210.96 
5253.31 8213.26 
5303.39 8216.10 
5353.47 8220.03 
5403.55 8223.96 
5453.62 8227.89 
5503.70 8231.82 
5553.78 8234.06 
5603.86 8235.42 
5653.94 8236.78 
5704.02 8238.14 
5754.09 8239.67 
5804.17 8241.83 
5854.25 8243.99 
5904.33 8246.15 
5954.41 8248.12 
6004.48 8249.80 
6054.56 8251.48 
6104.64 8253.16 
6154.72 8254.85 
6204.80 8256.53 
6254.87 8258.03 
6304.95 8259.13 
6355.03 8260.22 
6405.11 8261.31 
6455.19 8262.40 
6505.26 8263.49 
6555.34 8265.06 
6605.42 8266.90 
6655.50 8268.73 
6705.58 8270.57 
6755.65 8276.02 
6805.73 8282.81 
6855.81 8292.08 
6905.89 8306.87 
6955.97 8321.67 
7006.04 8337.45 
7056.12 8356.08 
7106.20 8374.72 
7156.28 8393.35 
7206.36 8412.34 
7256.43 8431.76 
7306.51 8451.19 
7356.59 8470.61 
7406.67 8491.43 
7456.75 8513.21 
7506.82 8535.00 
7556.90 8558.09 
7606.98 8582.60 
7657.06 8605.57 
7707.14 8621.30 
7757.22 8634.65 
7807.29 8639.30 
7857.37 8636.64 
7907.45 8633.07 
7957.53 8630.49 
8007.61 8628.60 
8057.68 8626.71 
8107.76 8624.81 
8157.84 8624.10 
8207.92 8623.72 
8258.00 8623.34 
8308.07 8623.01 
8358.15 8623.01 
8408.23 8623.01 
8458.31 8623.01 
8508.39 8623.01 
8558.46 8623.01 
8608.54 8623.01 
8658.62 8623.01 
8708.70 8622.10 
8758.78 8619.36 
8808.85 8616.62 
8858.93 8612.59 
8909.01 8607.60 
8959.09 8602.61 
9009.17 8597.62 
9059.24 8594.21 
9109.32 8591.92 
9159.40 8589.62 
9209.48 8587.33 
9259.56 8586.58 
9309.63 8586.06 
9359.71 8585.55 
9409.79 8585.03 
9459.87 8584.52 
9509.95 8584.25 
9560.03 8584.44 
9610.10 8584.64 
9660.18 8584.84 
9710.26 8585.04 
9760.34 8586.50 
9810.42 8588.96 
9860.49 8591.43 
9910.57 8593.90 
9960.65 8596.40 
10010.73 8598.89 
10060.81 8600.20 
10110.88 8600.02 
10160.96 8599.83 
10211.04 8599.65 
10261.12 8599.46 
10311.20 8599.48 
10361.27 8600.00 
10411.35 8600.52 
10461.43 8601.04 
10511.51 8601.56 
10561.59 8602.08 
10611.66 8603.48 
10661.74 8605.09 
10711.82 8606.69 
10761.90 8608.29 
10811.98 8610.05 
10862.05 8613.53 
10912.13 8617.00 
10962.21 8620.47 
11012.29 8623.94 
11062.37 8628.25 
11112.44 8632.56 
11162.52 8636.88 
11212.60 8635.63 
11262.68 8632.00 
11312.76 8628.37 
11362.84 8619.94 
11412.91 8601.58 
11462.99 8583.21 
11513.07 8572.06 
11563.15 8562.74 
11613.23 8553.43 
11663.30 8544.41 
11713.38 8535.79 
11763.46 8527.18 
11813.54 8518.56 
11863.62 8509.95 
11913.69 8503.44 
11963.77 8497.38 
12013.85 8491.31 
12063.93 8485.61 
12114.01 8481.15 
12164.08 8476.69 
12214.16 8472.24 
12264.24 8467.78 
12314.32 8463.93 
12364.40 8461.35 
12414.47 8458.77 
12464.55 8456.18 
12514.63 8453.60 
12564.71 8451.04 
12614.79 8449.02 
12664.86 8447.00 
12714.94 8444.98 
12765.02 8442.96 
12815.10 8441.09 
12865.18 8439.21 
12915.25 8437.33 
12965.33 8435.46 
13015.41 8434.72 
13065.49 8434.72 
13115.57 8434.72 
13165.64 8434.69 
13215.72 8434.30 
13265.80 8433.91 
13315.88 8433.53 
13365.96 8433.94 
13416.04 8434.99 
13466.11 8436.04 
13516.19 8437.09 
13566.27 8438.64 
13616.35 8440.45 
13666.43 8442.26 
13716.50 8444.07 
13766.58 8446.14 
13816.66 8449.87 
13866.74 8453.60 
13916.82 8457.33 
13966.89 8462.63 
14016.97 8468.23 
14067.05 8474.38 
14117.13 8483.51 
14167.21 8492.64 
14217.28 8501.77 
14267.36 8511.58 
14317.44 8521.38 
14367.52 8531.18 
14417.60 8540.99 
14467.67 8551.26 
14517.75 8562.18 
14567.83 8573.11 
14617.91 8584.03 
14667.99 8594.96 
14718.06 8606.07 
14768.14 8617.29 
14818.22 8628.50 
14868.30 8639.71 
14918.38 8650.92 
14968.45 8660.66 
15018.53 8670.26 
15068.61 8679.85 
15118.69 8689.45 
15168.77 8699.05 
15218.85 8710.44 
15268.92 8721.96 
15319.00 8733.48 
15369.08 8744.99 
15419.16 8756.51 
15469.24 8765.87 
15519.31 8775.12 
15569.39 8784.38 
15619.47 8793.64 
15669.55 8802.56 
15719.63 8811.48 
15769.70 8820.40 
15819.78 8829.32 
15869.86 8838.08 
15919.94 8846.75 
15970.02 8855.42 
16020.09 8864.00 
16070.17 8871.19 
16120.25 8878.39 
16170.33 8885.58 
16220.41 8892.78 
16270.48 8899.97 
16320.56 8908.25 
16370.64 8916.78 
16420.72 8925.30 
16470.80 8933.83 
16520.87 8942.35 
16570.95 8950.37 
16621.03 8957.05 
16671.11 8963.74 
16721.19 8970.42 
16771.26 8977.66 
16821.34 8985.03 
16871.42 8992.40 
16921.50 8999.77 
16971.58 9007.14 
17021.65 9012.32 
17071.73 9016.94 
17121.81 9020.73 
17171.89 9021.02 
17221.97 9021.31 
17272.05 9021.65 
17322.12 9022.15 
17372.20 9022.64 
17422.28 9023.14 
17472.36 9023.63 
17522.44 9024.11 
17572.51 9024.29 
17622.59 9024.46 
17672.67 9024.63 
17722.75 9024.81 
17772.83 9025.23 
17822.90 9028.16 
17872.98 9031.10 
17923.06 9034.03 
17973.14 9036.97 
18023.22 9041.38 
18073.29 9045.81 
18123.37 9050.23 
18173.45 9054.65 
18223.53 9059.15 
18273.61 9063.72 
18323.68 9068.49 
18373.76 9077.76 
18423.84 9087.03 
18473.92 9096.30 
18524.00 9107.27 
18574.07 9118.41 
18624.15 9129.55 
18674.23 9140.59 
18724.31 9151.61 
18774.39 9162.63 
18824.46 9173.66 
18874.54 9184.94 
18924.62 9197.90 
18974.70 9210.87 
19024.78 9223.83 
19074.86 9236.79 
19124.93 9249.98 
19175.01 9263.67 
19225.09 9277.36 
19275.17 9291.06 
19325.25 9304.75 
19375.32 9315.86 
19425.40 9326.92 
19475.48 9337.99 
19525.56 9348.50 
19575.64 9357.95 
19625.71 9367.40 
19675.79 9376.85 
19725.87 9386.22 
19775.95 9395.26 
19826.03 9404.30 
19876.10 9413.35 
19926.18 9422.39 
19976.26 9429.71 
20026.34 9436.79 
20076.42 9443.87 
20126.49 9450.96 
20176.57 9458.04 
20226.65 9465.79 
20276.73 9473.54 
20326.81 9481.29 
20376.88 9489.04 
20426.96 9496.27 
20477.04 9503.25 
20527.12 9510.22 
20577.20 9517.20 
20627.27 9523.39 
20677.35 9528.05 
20727.43 9532.71 
20777.51 9537.37 
20827.59 9541.98 
20877.67 9546.44 
20927.74 9550.90 
20977.82 9555.34 
21027.90 9556.83 
21077.98 9558.32 
21128.06 9559.80 
21178.13 9560.54 
21228.21 9558.92 
21278.29 9557.30 
21328.37 9555.68 
21378.45 9551.90 
21428.52 9547.55 
21478.60 9542.91 
21528.68 9537.22 
21578.76 9531.53 
21628.84 9525.36 
21678.91 9517.94 
21728.99 9510.51 
21779.07 9502.31 
21829.15 9491.96 
21879.23 9481.62 
21929.30 9471.18 
21979.38 9460.21 
22029.46 9449.24 
22079.54 9439.62 
22129.62 9431.39 
22179.69 9423.16 
22229.77 9420.84 
22279.85 9419.79 
22329.93 9419.41 
22380.01 9421.64 
22430.08 9423.87 
22480.16 9426.10 
22530.24 9429.53 
22580.32 9434.12 
22630.40 9438.71 
22680.47 9443.34 
22730.55 9448.22 
22780.63 9453.10 
22830.71 9457.98 
22880.79 9462.86 
22930.87 9466.87 
22980.94 9470.67 
23031.02 9474.47 
23081.10 9478.27 
23131.18 9483.20 
23181.26 9488.16 
23231.33 9493.12 
23281.41 9498.09 
23331.49 9504.10 
23381.57 9510.21 
23431.65 9516.32 
23481.72 9522.79 
23531.80 9530.02 
23581.88 9537.26 
23631.96 9546.10 
23682.04 9560.19 
23732.11 9574.27 
23782.19 9588.36 
23832.27 9604.44 
23882.35 9623.13 
23932.43 9641.82 
23982.50 9660.50 
24032.58 9678.11 
24082.66 9695.08 
24132.74 9712.06 
24182.82 9729.04 
24232.89 9744.23 
24282.97 9758.89 
24333.05 9773.55 
24383.13 9788.22 
24433.21 9802.54 
24483.28 9816.86 
24533.36 9831.18 
24583.44 9844.58 
24633.52 9854.91 
24683.60 9865.25 
24733.68 9875.58 
24783.75 9885.91 
24833.83 9892.77 
24883.91 9899.62 
24933.99 9906.48 
24984.07 9913.34 
25034.14 9920.58 
25084.22 9929.21 
25134.30 9937.85 
25184.38 9946.48 
25234.46 9954.30 
25284.53 9960.18 
25334.61 9966.05 
25384.69 9971.93 
25434.77 9977.81 
25484.85 9983.68 
25534.92 9990.20 
25585.00 9996.97 
25635.08 10003.74 
25685.16 10010.51 
25735.24 10017.27 
25785.31 10023.38 
25835.39 10029.39 
25885.47 10035.40 
25935.55 10041.41 
25985.63 10047.42 
26035.70 10052.13 
26085.78 10055.98 
26135.86 10059.83 
26185.94 10063.68 
26236.02 10067.53 
26286.09 10071.32 
26336.17 10074.88 
26386.25 10078.45 
26436.33 10082.01 
26486.41 10085.58 
26536.49 10088.00 
26586.56 10089.68 
26636.64 10091.37 
26686.72 10093.05 
26736.80 10094.74 
26786.88 10096.44 
26836.95 10098.14 
26887.03 10099.83 
26937.11 10100.61 
26987.19 10101.38 
27037.27 10102.16 
27087.34 10102.06 
27137.42 10100.60 
27187.50 10099.15 
27237.58 10097.69 
27287.66 10096.50 
27337.73 10095.53 
27387.81 10094.56 
27437.89 10093.58 
27487.97 10092.83 
27538.05 10092.83 
27588.12 10095.81 
27638.20 10101.75 
27688.28 10110.99 
27738.36 10122.27 
27788.44 10133.43 
27838.51 10144.21 
27888.59 10154.99 
27938.67 10165.76 
27988.75 10175.07 
28038.83 10184.19 
28088.90 10193.31 
28138.98 10202.33 
28189.06 10211.24 
28239.14 10220.15 
28289.22 10229.06 
28339.29 10237.98 
28389.37 10246.89 
28439.45 10255.80 
28489.53 10264.18 
28539.61 10271.25 
28589.69 10278.32 
28639.76 10285.39 
28689.84 10292.46 
28739.92 10299.65 
28790.00 10306.89 
28840.08 10314.13 
28890.15 10321.37 
28940.23 10328.62 
28990.31 10335.32 
29040.39 10341.80 
29090.47 10348.28 
29140.54 10354.76 
29190.62 10361.24 
29240.70 10367.55 
29290.78 10373.71 
29340.86 10379.87 
29390.93 10386.03 
29441.01 10392.16 
29491.09 10398.21 
29541.17 10404.26 
29591.25 10410.30 
29641.32 10416.35 
29691.40 10421.83 
29741.48 10427.18 
29791.56 10432.52 
29841.64 10437.87 
29891.71 10443.07 
29941.79 10447.00 
29991.87 10450.92 
30041.95 10454.85 
30092.03 10458.78 
30142.10 10462.74 
30192.18 10466.73 
30242.26 10470.73 
30292.34 10474.72 
30342.42 10478.72 
30392.50 10482.32 
30442.57 10485.88 
30492.65 10489.45 
30542.73 10493.01 
30592.81 10496.58 
30642.89 10500.06 
30692.96 10503.53 
30743.04 10506.99 
30793.12 10510.46 
30843.20 10513.93 
30893.28 10517.36 
30943.35 10520.65 
30993.43 10523.95 
31043.51 10527.24 
31093.59 10530.53 
31143.67 10533.86 
31193.74 10537.76 
31243.82 10541.67 
31293.90 10545.58 
31343.98 10549.48 
31394.06 10553.39 
31444.13 10557.24 
31494.21 10560.96 
31544.29 10564.69 
31594.37 10568.41 
31644.45 10572.13 
31694.52 10575.80 
31744.60 10578.75 
31794.68 10581.70 
31844.76 10584.64 
31894.84 10587.59 
31944.91 10590.54 
31994.99 10593.21 
32045.07 10595.37 
32095.15 10597.53 
32145.23 10599.69 
32195.30 10601.85 
32245.38 10604.01 
32295.46 10606.13 
32345.54 10608.18 
32395.62 10610.22 
32445.70 10612.27 
32495.77 10614.31 
32545.85 10616.36 
32595.93 10617.51 
32646.01 10618.36 
32696.09 10619.20 
32746.16 10620.05 
32796.24 10620.90 
32846.32 10621.75 
32896.40 10623.08 
32946.48 10624.41 
32996.55 10625.74 
33046.63 10627.07 
33096.71 10628.40 
33146.79 10629.73 
33196.87 10630.36 
33246.94 10630.90 
33297.02 10631.43 
33347.10 10631.96 
33397.18 10632.49 
33447.26 10633.02 
33497.33 10633.93 
33547.41 10634.96 
33597.49 10635.98 
33647.57 10637.01 
33697.65 10638.04 
33747.72 10639.47 
33797.80 10640.91 
33847.88 10642.34 
33897.96 10643.78 
33948.04 10645.21 
33998.11 10646.64 
34048.19 10648.08 
34098.27 10649.56 
34148.35 10652.01 
34198.43 10654.45 
34248.51 10656.90 
34298.58 10659.35 
34348.66 10663.60 
34398.74 10670.73 
34448.82 10677.86 
34498.90 10685.56 
34548.97 10695.75 
34599.05 10705.93 
34649.13 10716.12 
34699.21 10725.25 
34749.29 10734.37 
34799.36 10743.49 
34849.44 10752.80 
34899.52 10765.24 
34949.60 10777.68 
34999.68 10790.11 
35049.75 10802.69 
35099.83 10816.19 
35149.91 10829.69 
35199.99 10843.23 
35250.07 10857.00 
35300.14 10870.78 
35350.22 10884.55 
35400.30 10898.37 
35450.38 10912.63 
35500.46 10926.89 
35550.53 10941.15 
35600.61 10954.11 
35650.69 10966.92 
35700.77 10979.73 
35750.85 10992.22 
35800.92 11004.19 
35851.00 11013.10 
35901.08 11021.50 
35951.16 11026.59 
36001.24 11031.69 
36051.32 11035.13 
36101.39 11037.36 
36151.47 11039.59 
36201.55 11043.91 
36251.63 11049.36 
36301.71 11054.80 
36351.78 11059.57 
36401.86 11063.14 
36451.94 11066.70 
36502.02 11070.27 
36552.10 11073.85 
36602.17 11077.51 
36652.25 11081.17 
36702.33 11084.82 
36752.41 11087.88 
36802.49 11090.65 
36852.56 11093.42 
36902.64 11096.19 
36952.72 11099.57 
37002.80 11103.38 
37052.88 11107.29 
37102.95 11117.48 
37153.03 11127.66 
37203.11 11137.57 
37253.19 11147.13 
37303.27 11156.69 
37353.34 11166.26 
37403.42 11176.62 
37453.50 11187.32 
37503.58 11198.01 
37553.66 11207.80 
37603.73 11216.71 
37653.81 11225.62 
37703.89 11234.34 
37753.97 11237.90 
37804.05 11239.09 
37854.12 11239.09 
37904.20 11239.09 
37954.28 11239.09 
38004.36 11239.13 
38054.44 11239.55 
38104.52 11239.98 
38154.59 11240.40 
38204.67 11241.05 
38254.75 11242.32 
38304.83 11243.59 
38354.91 11248.39 
38404.98 11255.21 
38455.06 11265.11 
38505.14 11275.10 
38555.22 11285.18 
38605.30 11294.27 
38655.37 11301.91 
38705.45 11309.55 
38755.53 11314.85 
38805.61 11319.71 
38855.69 11318.94 
38905.76 11317.03 
38955.84 11314.33 
39005.92 11309.53 
39056.00 11304.74 
39106.08 11299.44 
39156.15 11294.10 
