 20.63 7537.25 
 70.64 7542.40 
120.65 7547.55 
170.66 7552.70 
220.67 7557.85 
270.69 7562.99 
320.70 7568.14 
370.71 7573.29 
420.72 7578.44 
470.73 7583.59 
520.74 7588.74 
570.75 7593.89 
620.77 7599.04 
670.78 7604.19 
720.79 7609.34 
770.80 7614.49 
820.81 7619.64 
870.82 7624.78 
920.83 7629.93 
970.84 7635.08 
1020.86 7640.23 
1070.87 7645.38 
1120.88 7650.53 
1170.89 7655.68 
1220.90 7660.83 
1270.91 7665.98 
1320.92 7671.13 
1370.94 7676.28 
1420.95 7681.43 
1470.96 7686.57 
1520.97 7691.72 
1570.98 7696.87 
1620.99 7702.02 
1671.00 7707.17 
1721.02 7712.32 
1771.03 7717.47 
1821.04 7725.28 
1871.05 7734.80 
1921.06 7744.31 
1971.07 7753.82 
2021.08 7763.33 
2071.10 7772.84 
2121.11 7782.35 
2171.12 7791.87 
2221.13 7801.38 
2271.14 7810.89 
2321.15 7820.40 
2371.16 7829.91 
2421.18 7839.42 
2471.19 7848.94 
2521.20 7858.45 
2571.21 7867.96 
2621.22 7877.47 
2671.23 7886.37 
2721.24 7894.23 
2771.25 7902.10 
2821.27 7909.96 
2871.28 7917.82 
2921.29 7925.68 
2971.30 7933.54 
3021.31 7941.40 
3071.32 7949.27 
3121.33 7957.13 
3171.35 7964.99 
3221.36 7972.85 
3271.37 7980.71 
3321.38 7988.58 
3371.39 7995.60 
3421.40 8002.59 
3471.41 8009.58 
3521.43 8016.56 
3571.44 8023.55 
3621.45 8030.54 
3671.46 8037.53 
3721.47 8044.52 
3771.48 8051.50 
3821.49 8058.49 
3871.51 8065.48 
3921.52 8072.47 
3971.53 8079.46 
4021.54 8085.29 
4071.55 8090.19 
4121.56 8095.08 
4171.57 8099.97 
4221.58 8104.86 
4271.60 8109.75 
4321.61 8114.64 
4371.62 8119.54 
4421.63 8124.43 
4471.64 8129.32 
4521.65 8134.21 
4571.66 8139.10 
4621.68 8143.99 
4671.69 8148.89 
4721.70 8153.78 
4771.71 8158.67 
4821.72 8163.56 
4871.73 8168.45 
4921.74 8173.34 
4971.76 8176.32 
5021.77 8176.32 
5071.78 8176.32 
5121.79 8176.32 
5171.80 8176.32 
5221.81 8176.32 
5271.82 8176.32 
5321.84 8176.32 
5371.85 8176.32 
5421.86 8176.32 
5471.87 8176.32 
5521.88 8176.32 
5571.89 8176.32 
5621.90 8176.32 
5671.92 8176.32 
5721.93 8176.32 
5771.94 8176.32 
5821.95 8176.32 
5871.96 8176.32 
5921.97 8176.32 
5971.98 8176.32 
6021.99 8174.55 
6072.01 8168.99 
6122.02 8163.43 
6172.03 8157.88 
6222.04 8152.32 
6272.05 8146.76 
6322.06 8141.20 
6372.07 8135.64 
6422.09 8130.08 
6472.10 8124.52 
6522.11 8118.96 
6572.12 8118.31 
6622.13 8119.03 
6672.14 8119.75 
6722.15 8120.47 
6772.17 8121.19 
6822.18 8121.91 
6872.19 8122.63 
6922.20 8123.35 
6972.21 8124.07 
7022.22 8124.79 
7072.23 8125.51 
7122.25 8126.23 
7172.26 8126.95 
7222.27 8127.66 
7272.28 8128.38 
7322.29 8129.10 
7372.30 8131.37 
7422.31 8135.19 
7472.33 8139.01 
7522.34 8142.83 
7572.35 8146.65 
7622.36 8150.48 
7672.37 8154.30 
7722.38 8158.12 
7772.39 8161.94 
7822.40 8165.76 
7872.42 8169.58 
7922.43 8173.41 
7972.44 8177.23 
8022.45 8181.05 
8072.46 8184.87 
8122.47 8188.20 
8172.48 8189.14 
8222.50 8190.08 
8272.51 8191.02 
8322.52 8191.96 
8372.53 8192.90 
8422.54 8193.84 
8472.55 8194.78 
8522.56 8195.72 
8572.58 8196.66 
8622.59 8197.60 
8672.60 8198.54 
8722.61 8199.49 
8772.62 8199.75 
8822.63 8199.75 
8872.64 8199.75 
8922.66 8199.75 
8972.67 8199.75 
9022.68 8199.75 
9072.69 8199.75 
9122.70 8199.75 
9172.71 8199.75 
9222.72 8199.75 
9272.73 8199.75 
9322.75 8199.75 
9372.76 8199.75 
9422.77 8199.75 
9472.78 8199.75 
9522.79 8199.75 
9572.80 8199.75 
9622.81 8199.75 
9672.83 8199.75 
9722.84 8198.37 
9772.85 8195.93 
9822.86 8193.48 
9872.87 8191.04 
9922.88 8188.59 
9972.89 8186.15 
10022.91 8183.70 
10072.92 8181.25 
10122.93 8178.81 
10172.94 8176.36 
10222.95 8173.92 
10272.96 8171.47 
10322.97 8169.02 
10372.99 8166.58 
10423.00 8164.13 
10473.01 8161.69 
10523.02 8159.24 
10573.03 8156.79 
10623.04 8154.35 
10673.05 8152.89 
10723.07 8152.89 
10773.08 8152.89 
10823.09 8152.89 
10873.10 8150.31 
10923.11 8145.81 
10973.12 8141.30 
11023.13 8136.79 
11073.14 8132.29 
11123.16 8127.78 
11173.17 8123.28 
11223.18 8118.77 
11273.19 8114.27 
11323.20 8109.76 
11373.21 8105.26 
11423.22 8100.75 
11473.24 8096.24 
11523.25 8091.74 
11573.26 8087.23 
11623.27 8082.73 
11673.28 8078.22 
11723.29 8073.72 
11773.30 8069.70 
11823.32 8066.51 
11873.33 8063.32 
11923.34 8060.13 
11973.35 8056.94 
12023.36 8053.75 
12073.37 8050.56 
12123.38 8047.37 
12173.40 8044.18 
12223.41 8040.99 
12273.42 8037.80 
12323.43 8034.61 
12373.44 8031.42 
12423.45 8028.23 
12473.46 8025.04 
12523.48 8021.85 
12573.49 8018.66 
12623.50 8015.47 
12673.51 8012.28 
12723.52 8009.09 
12773.53 8005.90 
12823.54 8002.71 
12873.55 7999.71 
12923.57 7997.09 
12973.58 7994.47 
13023.59 7991.85 
13073.60 7989.23 
13123.61 7986.61 
13173.62 7983.99 
13223.63 7981.37 
13273.65 7978.75 
13323.66 7976.13 
13373.67 7973.51 
13423.68 7970.89 
13473.69 7968.27 
13523.70 7965.64 
13573.71 7967.10 
13623.73 7968.84 
13673.74 7970.59 
13723.75 7972.34 
13773.76 7974.08 
13823.77 7975.83 
13873.78 7977.58 
13923.79 7979.33 
13973.81 7981.07 
14023.82 7982.82 
14073.83 7984.57 
14123.84 7986.31 
14173.85 7988.06 
14223.86 7989.69 
14273.87 7991.22 
14323.89 7992.75 
14373.90 7994.28 
14423.91 7995.81 
14473.92 7997.34 
14523.93 7998.87 
14573.94 8000.39 
14623.95 8001.92 
14673.96 8003.45 
14723.98 8004.98 
14773.99 8006.51 
14824.00 8008.04 
14874.01 8009.57 
14924.02 8011.09 
14974.03 8012.12 
15024.04 8011.10 
15074.06 8010.09 
15124.07 8009.07 
15174.08 8008.05 
15224.09 8007.03 
15274.10 8006.01 
15324.11 8004.99 
15374.12 8003.97 
15424.14 8002.95 
15474.15 8001.93 
15524.16 8000.91 
15574.17 7998.83 
15624.18 7996.30 
15674.19 7993.77 
15724.20 7991.24 
15774.22 7988.71 
15824.23 7986.18 
15874.24 7983.65 
15924.25 7981.12 
15974.26 7978.59 
16024.27 7976.06 
16074.28 7973.53 
16124.29 7971.00 
16174.31 7968.47 
16224.32 7965.94 
16274.33 7963.41 
16324.34 7960.88 
16374.35 7958.35 
16424.36 7955.82 
16474.37 7953.29 
16524.39 7950.76 
16574.40 7948.23 
16624.41 7945.70 
16674.42 7943.17 
16724.43 7940.64 
16774.44 7938.11 
16824.45 7935.58 
16874.47 7933.05 
16924.48 7930.52 
16974.49 7931.74 
17024.50 7933.26 
17074.51 7934.79 
17124.52 7936.32 
17174.53 7937.85 
17224.55 7939.38 
17274.56 7940.91 
17324.57 7942.44 
17374.58 7943.97 
17424.59 7945.49 
17474.60 7947.02 
17524.61 7948.55 
17574.63 7950.08 
17624.64 7951.61 
17674.65 7953.14 
17724.66 7956.49 
17774.67 7961.08 
17824.68 7965.66 
17874.69 7970.25 
17924.70 7974.84 
17974.72 7979.42 
18024.73 7984.01 
18074.74 7988.59 
18124.75 7993.18 
18174.76 7997.77 
18224.77 8002.35 
18274.78 8006.94 
18324.80 8011.52 
18374.81 8016.11 
18424.82 8020.70 
18474.83 8025.92 
18524.84 8032.85 
18574.85 8039.78 
18624.86 8046.71 
18674.88 8053.64 
18724.89 8060.57 
18774.90 8067.50 
18824.91 8074.43 
18874.92 8081.36 
18924.93 8088.29 
18974.94 8095.22 
19024.96 8102.15 
19074.97 8109.08 
19124.98 8116.01 
19174.99 8122.94 
19225.00 8129.87 
19275.01 8136.80 
19325.02 8143.73 
19375.04 8150.66 
19425.05 8157.59 
19475.06 8164.52 
19525.07 8171.45 
19575.08 8178.38 
19625.09 8185.31 
19675.10 8192.24 
19725.11 8199.17 
19775.13 8206.10 
19825.14 8213.03 
19875.15 8219.96 
19925.16 8226.45 
19975.17 8232.56 
20025.18 8238.68 
20075.19 8244.79 
20125.21 8250.91 
20175.22 8257.02 
20225.23 8263.14 
20275.24 8269.25 
20325.25 8268.97 
20375.26 8267.74 
20425.27 8266.52 
20475.29 8265.30 
20525.30 8264.08 
20575.31 8262.85 
20625.32 8261.63 
20675.33 8260.41 
20725.34 8259.18 
20775.35 8258.95 
20825.37 8261.11 
20875.38 8263.27 
20925.39 8265.43 
20975.40 8267.58 
21025.41 8269.74 
21075.42 8271.90 
21125.43 8274.06 
21175.44 8276.22 
21225.46 8278.38 
21275.47 8280.53 
21325.48 8282.69 
21375.49 8284.85 
21425.50 8287.01 
21475.51 8289.17 
21525.52 8291.32 
21575.54 8293.48 
21625.55 8295.93 
21675.56 8298.38 
21725.57 8300.82 
21775.58 8303.27 
21825.59 8305.71 
21875.60 8308.16 
21925.62 8310.61 
21975.63 8313.05 
22025.64 8315.50 
22075.65 8317.94 
22125.66 8320.39 
22175.67 8322.84 
22225.68 8325.28 
22275.70 8327.73 
22325.71 8329.91 
22375.72 8331.95 
22425.73 8333.99 
22475.74 8336.03 
22525.75 8338.06 
22575.76 8340.10 
22625.78 8342.14 
22675.79 8344.18 
22725.80 8346.22 
22775.81 8348.26 
22825.82 8350.29 
22875.83 8352.33 
22925.84 8354.37 
22975.85 8356.41 
23025.87 8358.45 
23075.88 8360.48 
23125.89 8362.52 
23175.90 8364.56 
23225.91 8366.60 
23275.92 8368.64 
23325.93 8370.68 
23375.95 8372.71 
23425.96 8374.75 
23475.97 8378.58 
23525.98 8383.37 
23575.99 8388.15 
23626.00 8392.94 
23676.01 8397.72 
23726.03 8402.51 
23776.04 8407.29 
23826.05 8412.08 
23876.06 8416.87 
23926.07 8421.65 
23976.08 8426.44 
24026.09 8431.22 
24076.11 8436.01 
24126.12 8440.79 
24176.13 8445.58 
24226.14 8450.36 
24276.15 8455.15 
24326.16 8459.93 
24376.17 8464.72 
24426.19 8469.50 
24476.20 8474.29 
24526.21 8479.08 
24576.22 8483.98 
24626.23 8488.97 
24676.24 8493.95 
24726.25 8498.93 
24776.26 8503.91 
24826.28 8508.89 
24876.29 8513.88 
24926.30 8518.86 
24976.31 8523.84 
25026.32 8528.82 
25076.33 8533.81 
25126.34 8538.79 
25176.36 8543.77 
25226.37 8548.75 
25276.38 8553.73 
25326.39 8558.72 
25376.40 8563.70 
25426.41 8568.68 
25476.42 8573.66 
25526.44 8578.65 
25576.45 8583.63 
25626.46 8588.61 
25676.47 8593.59 
25726.48 8598.58 
25776.49 8603.56 
25826.50 8608.54 
25876.52 8611.60 
25926.53 8614.04 
25976.54 8616.49 
26026.55 8618.94 
26076.56 8621.38 
26126.57 8623.83 
26176.58 8626.27 
26226.60 8628.72 
26276.61 8631.16 
26326.62 8633.61 
26376.63 8636.06 
26426.64 8638.50 
26476.65 8640.95 
26526.66 8643.39 
26576.67 8645.84 
26626.69 8648.29 
26676.70 8650.73 
26726.71 8653.18 
26776.72 8655.62 
26826.73 8658.07 
26876.74 8660.52 
26926.75 8662.96 
26976.77 8665.41 
27026.78 8667.85 
27076.79 8670.30 
27126.80 8672.74 
27176.81 8675.19 
27226.82 8677.64 
27276.83 8680.05 
27326.85 8681.22 
27376.86 8682.38 
27426.87 8683.55 
27476.88 8684.71 
27526.89 8685.88 
27576.90 8687.04 
27626.91 8688.21 
27676.93 8689.37 
27726.94 8690.54 
27776.95 8691.70 
27826.96 8692.86 
27876.97 8694.03 
27926.98 8695.19 
27976.99 8696.36 
28027.00 8697.52 
28077.02 8698.69 
28127.03 8699.85 
28177.04 8701.02 
28227.05 8702.18 
28277.06 8703.35 
28327.07 8706.33 
28377.08 8709.50 
28427.10 8712.67 
28477.11 8715.84 
28527.12 8719.01 
28577.13 8722.18 
28627.14 8725.35 
28677.15 8728.53 
28727.16 8731.70 
28777.18 8734.87 
28827.19 8738.04 
28877.20 8741.21 
28927.21 8744.38 
28977.22 8747.55 
29027.23 8750.72 
29077.24 8753.89 
29127.26 8757.06 
29177.27 8760.23 
29227.28 8763.40 
29277.29 8766.57 
29327.30 8769.74 
29377.31 8772.91 
29427.32 8776.08 
29477.34 8779.25 
29527.35 8782.42 
29577.36 8785.74 
29627.37 8792.05 
29677.38 8798.36 
29727.39 8804.67 
29777.40 8810.98 
29827.41 8817.29 
29877.43 8823.61 
29927.44 8829.92 
29977.45 8836.23 
30027.46 8842.54 
30077.47 8848.85 
30127.48 8855.17 
30177.49 8861.48 
30227.51 8867.79 
30277.52 8874.10 
30327.53 8880.41 
30377.54 8886.73 
30427.55 8893.04 
30477.56 8899.35 
30527.57 8905.66 
30577.59 8911.97 
30627.60 8918.28 
30677.61 8924.60 
30727.62 8930.91 
30777.63 8937.22 
30827.64 8943.53 
30877.65 8949.84 
30927.67 8956.16 
30977.68 8962.47 
31027.69 8968.78 
31077.70 8976.09 
31127.71 8985.27 
31177.72 8994.44 
31227.73 9003.61 
31277.75 9012.78 
31327.76 9021.95 
31377.77 9031.13 
31427.78 9040.30 
31477.79 9049.47 
31527.80 9058.64 
31577.81 9067.81 
31627.82 9076.99 
31677.84 9086.16 
31727.85 9095.33 
31777.86 9104.50 
31827.87 9113.67 
31877.88 9122.85 
31927.89 9132.02 
31977.90 9141.19 
32027.92 9149.33 
32077.93 9153.15 
32127.94 9156.97 
32177.95 9160.79 
32227.96 9164.61 
32277.97 9168.44 
32327.98 9172.26 
32378.00 9176.08 
32428.01 9179.90 
32478.02 9183.72 
32528.03 9187.54 
32578.04 9191.37 
32628.05 9195.19 
32678.06 9199.01 
32728.08 9202.83 
32778.09 9206.65 
32828.10 9210.47 
32878.11 9214.30 
32928.12 9218.12 
32978.13 9221.94 
33028.14 9225.76 
33078.15 9229.58 
33128.17 9233.40 
33178.18 9237.23 
33228.19 9241.05 
33278.20 9244.87 
33328.21 9248.69 
33378.22 9252.51 
33428.23 9256.33 
33478.25 9260.16 
33528.26 9263.98 
33578.27 9268.14 
33628.28 9272.58 
33678.29 9277.03 
33728.30 9281.48 
33778.31 9285.93 
33828.33 9290.37 
33878.34 9294.82 
33928.35 9299.27 
33978.36 9303.71 
34028.37 9308.16 
34078.38 9312.62 
34128.39 9320.78 
34178.41 9328.93 
34228.42 9337.08 
34278.43 9345.24 
34328.44 9353.39 
34378.45 9361.54 
34428.46 9369.69 
34478.47 9377.85 
34528.49 9386.00 
34578.50 9394.15 
34628.51 9402.31 
34678.52 9410.46 
34728.53 9418.61 
34778.54 9426.76 
34828.55 9435.57 
34878.56 9444.74 
34928.58 9453.91 
34978.59 9463.08 
35028.60 9476.90 
35078.61 9491.85 
35128.62 9506.80 
35178.63 9521.74 
35228.64 9536.69 
35278.66 9551.64 
35328.67 9566.58 
35378.68 9581.53 
35428.69 9598.00 
35478.70 9621.24 
35528.71 9644.47 
35578.72 9667.71 
35628.74 9690.94 
35678.75 9714.18 
35728.76 9737.42 
35778.77 9760.65 
35828.78 9783.89 
35878.79 9807.12 
35928.80 9830.43 
35978.82 9853.77 
36028.83 9877.12 
36078.84 9900.47 
36128.85 9923.81 
36178.86 9947.16 
36228.87 9970.51 
36278.88 9993.85 
36328.90 10017.20 
36378.91 10040.55 
36428.92 10062.77 
36478.93 10069.76 
36528.94 10076.75 
36578.95 10083.73 
36628.96 10090.72 
36678.97 10097.71 
36728.99 10104.70 
36779.00 10111.69 
36829.01 10118.67 
36879.02 10125.66 
36929.03 10132.65 
36979.04 10139.64 
37029.05 10146.63 
37079.07 10153.62 
37129.08 10162.63 
37179.09 10172.70 
37229.10 10182.78 
37279.11 10192.85 
37329.12 10202.92 
37379.13 10212.99 
37429.15 10223.06 
37479.16 10233.13 
37529.17 10243.20 
37579.18 10253.27 
37629.19 10263.35 
37679.20 10273.42 
37729.21 10283.49 
37779.23 10293.56 
37829.24 10303.63 
37879.25 10313.70 
37929.26 10321.53 
37979.27 10325.60 
38029.28 10329.68 
38079.29 10333.76 
38129.30 10337.83 
38179.32 10341.91 
38229.33 10349.66 
38279.34 10359.60 
38329.35 10369.53 
38379.36 10379.47 
38429.37 10389.41 
38479.38 10399.34 
38529.40 10409.28 
38579.41 10419.22 
38629.42 10429.15 
38679.43 10439.09 
38729.44 10449.02 
38779.45 10458.96 
38829.46 10468.90 
38879.48 10478.83 
38929.49 10488.77 
38979.50 10497.55 
39029.51 10503.67 
39079.52 10509.78 
39129.53 10515.90 
39179.54 10522.01 
39229.56 10528.13 
39279.57 10534.24 
39329.58 10540.36 
39379.59 10546.47 
39429.60 10552.59 
39479.61 10558.70 
39529.62 10564.81 
39579.64 10566.58 
39629.65 10567.30 
39679.66 10568.01 
39729.67 10568.73 
39779.68 10569.45 
39829.69 10570.17 
39879.70 10570.89 
39929.71 10571.61 
39979.73 10572.33 
40029.74 10573.05 
40079.75 10573.77 
40129.76 10574.49 
40179.77 10575.21 
40229.78 10575.93 
40279.79 10576.65 
40329.81 10577.37 
40379.82 10579.42 
40429.83 10582.68 
40479.84 10585.94 
40529.85 10589.20 
40579.86 10592.46 
40629.87 10595.72 
40679.89 10598.98 
40729.90 10602.24 
40779.91 10605.50 
40829.92 10608.77 
40879.93 10612.03 
40929.94 10615.29 
40979.95 10618.55 
41029.97 10621.81 
41079.98 10625.08 
41129.99 10628.42 
41180.00 10631.75 
41230.01 10635.09 
41280.02 10638.42 
41330.03 10641.76 
41380.05 10645.09 
41430.06 10648.43 
41480.07 10651.77 
41530.08 10655.10 
41580.09 10658.44 
41630.10 10661.77 
41680.11 10665.11 
41730.12 10668.44 
41780.14 10671.78 
41830.15 10675.11 
41880.16 10678.45 
41930.17 10681.78 
41980.18 10685.12 
42030.19 10688.45 
42080.20 10691.79 
42130.22 10694.91 
42180.23 10695.68 
42230.24 10696.44 
42280.25 10697.21 
42330.26 10697.97 
42380.27 10698.73 
42430.28 10699.50 
42480.30 10700.26 
42530.31 10701.03 
42580.32 10701.79 
42630.33 10702.56 
42680.34 10703.32 
42730.35 10704.09 
42780.36 10704.85 
42830.38 10705.61 
42880.39 10706.38 
42930.40 10707.59 
42980.41 10708.95 
43030.42 10710.31 
43080.43 10711.67 
43130.44 10713.03 
43180.46 10714.39 
43230.47 10715.74 
43280.48 10717.10 
43330.49 10719.64 
43380.50 10729.71 
43430.51 10739.78 
43480.52 10749.85 
43530.53 10759.92 
43580.55 10769.99 
43630.56 10780.06 
43680.57 10790.14 
43730.58 10800.21 
43780.59 10810.28 
43830.60 10820.35 
43880.61 10830.42 
43930.63 10840.49 
43980.64 10850.56 
44030.65 10860.63 
44080.66 10870.70 
44130.67 10880.78 
44180.68 10887.13 
44230.69 10892.84 
44280.71 10898.55 
44330.72 10904.25 
44380.73 10909.96 
44430.74 10915.67 
44480.75 10921.38 
44530.76 10927.08 
44580.77 10932.79 
44630.79 10938.50 
44680.80 10944.20 
44730.81 10949.91 
44780.82 10955.62 
44830.83 10961.32 
44880.84 10964.27 
44930.85 10964.27 
44980.86 10964.27 
45030.88 10964.27 
45080.89 10964.27 
45130.90 10964.27 
45180.91 10964.27 
45230.92 10964.27 
45280.93 10964.27 
45330.94 10964.27 
45380.96 10964.27 
45430.97 10964.27 
45480.98 10964.27 
45530.99 10964.27 
45581.00 10964.27 
45631.01 10964.27 
45681.02 10965.30 
45731.04 10970.48 
45781.05 10975.65 
45831.06 10980.83 
45881.07 10986.00 
45931.08 10991.17 
45981.09 10996.35 
46031.10 11001.52 
46081.12 11006.70 
46131.13 11011.87 
46181.14 11017.04 
46231.15 11022.22 
46281.16 11027.39 
46331.17 11032.57 
46381.18 11037.74 
46431.20 11042.91 
46481.21 11048.09 
46531.22 11053.26 
46581.23 11058.44 
46631.24 11063.61 
46681.25 11068.78 
46731.26 11073.96 
46781.27 11079.13 
46831.29 11084.31 
46881.30 11089.48 
46931.31 11093.85 
46981.32 11096.30 
47031.33 11098.74 
47081.34 11101.19 
47131.35 11103.63 
47181.37 11106.08 
47231.38 11108.53 
47281.39 11110.97 
47331.40 11113.42 
47381.41 11115.86 
47431.42 11122.22 
47481.43 11130.13 
47531.45 11138.05 
47581.46 11145.96 
47631.47 11153.87 
47681.48 11161.79 
47731.49 11169.70 
47781.50 11177.61 
47831.51 11185.53 
47881.53 11193.44 
47931.54 11201.35 
47981.55 11209.26 
48031.56 11217.18 
48081.57 11225.09 
48131.58 11233.00 
48181.59 11240.92 
48231.61 11247.31 
48281.62 11251.72 
48331.63 11256.12 
48381.64 11260.52 
48431.65 11264.92 
48481.66 11269.33 
48531.67 11273.73 
48581.68 11278.13 
48631.70 11282.53 
48681.71 11286.94 
48731.72 11291.34 
48781.73 11295.74 
48831.74 11300.14 
48881.75 11304.55 
48931.76 11308.95 
48981.78 11313.35 
49031.79 11317.75 
49081.80 11322.16 
49131.81 11326.56 
49181.82 11330.96 
49231.83 11335.36 
49281.84 11339.77 
49331.86 11344.17 
49381.87 11348.57 
49431.88 11355.01 
49481.89 11363.62 
49531.90 11372.22 
49581.91 11380.83 
49631.92 11389.44 
49681.94 11398.04 
49731.95 11406.65 
49781.96 11415.25 
49831.97 11423.86 
49881.98 11432.47 
49931.99 11441.07 
49982.00 11449.68 
50032.01 11458.28 
50082.03 11466.89 
50132.04 11475.49 
50182.05 11484.10 
50232.06 11492.71 
50282.07 11501.31 
50332.08 11509.92 
50382.09 11518.52 
50432.11 11527.13 
50482.12 11535.73 
50532.13 11544.34 
50582.14 11552.95 
50632.15 11561.55 
50682.16 11570.16 
50732.17 11579.23 
50782.19 11588.58 
50832.20 11597.93 
50882.21 11607.28 
50932.22 11616.64 
50982.23 11625.99 
51032.24 11635.34 
51082.25 11644.69 
51132.27 11654.04 
51182.28 11663.39 
51232.29 11672.75 
51282.30 11682.10 
51332.31 11691.45 
51382.32 11700.80 
51432.33 11710.15 
51482.35 11719.50 
51532.36 11728.22 
51582.37 11735.69 
51632.38 11743.17 
51682.39 11750.64 
51732.40 11758.11 
51782.41 11765.59 
51832.42 11773.06 
51882.44 11780.53 
51932.45 11788.01 
51982.46 11795.48 
52032.47 11802.96 
52082.48 11810.43 
52132.49 11817.90 
52182.50 11825.38 
52232.52 11832.85 
52282.53 11840.32 
52332.54 11847.80 
52382.55 11854.99 
52432.56 11859.58 
52482.57 11864.16 
52532.58 11868.75 
52582.60 11873.33 
52632.61 11877.92 
52682.62 11882.51 
52732.63 11887.09 
52782.64 11891.68 
52832.65 11896.26 
52882.66 11900.85 
52932.68 11905.44 
52982.69 11910.02 
53032.70 11914.61 
53082.71 11919.19 
53132.72 11923.78 
53182.73 11928.87 
53232.74 11934.11 
53282.76 11939.35 
53332.77 11944.59 
53382.78 11949.83 
53432.79 11955.08 
53482.80 11960.32 
53532.81 11965.56 
53582.82 11970.80 
53632.83 11976.04 
53682.85 11981.28 
53732.86 11986.52 
53782.87 11991.76 
53832.88 11997.00 
53882.89 12002.25 
53932.90 12007.49 
53982.91 12012.73 
54032.93 12017.97 
54082.94 12023.21 
54132.95 12028.45 
54182.96 12035.98 
54232.97 12044.72 
54282.98 12053.45 
54332.99 12062.19 
54383.01 12070.92 
54433.02 12079.66 
54483.03 12088.39 
54533.04 12097.13 
54583.05 12105.86 
54633.06 12114.60 
54683.07 12123.34 
54733.09 12132.07 
54783.10 12140.81 
54833.11 12149.52 
54883.12 12158.15 
54933.13 12166.78 
54983.14 12175.41 
55033.15 12184.05 
55083.17 12192.68 
55133.18 12201.31 
55183.19 12209.94 
55233.20 12218.57 
55283.21 12227.21 
55333.22 12235.84 
55383.23 12244.47 
55433.24 12253.10 
55483.26 12261.74 
55533.27 12270.37 
55583.28 12279.00 
55633.29 12287.63 
55683.30 12295.11 
55733.31 12302.53 
55783.32 12309.96 
55833.34 12317.38 
55883.35 12324.81 
55933.36 12332.23 
55983.37 12339.66 
56033.38 12347.08 
56083.39 12354.50 
56133.40 12361.93 
56183.42 12369.35 
56233.43 12376.78 
56283.44 12384.20 
56333.45 12391.63 
56383.46 12399.05 
56433.47 12406.48 
56483.48 12413.90 
56533.50 12421.33 
56583.51 12428.75 
56633.52 12436.18 
56683.53 12443.60 
56733.54 12451.03 
56783.55 12458.45 
56833.56 12465.88 
56883.57 12473.30 
56933.59 12480.73 
56983.60 12488.09 
57033.61 12495.08 
57083.62 12502.07 
57133.63 12509.06 
57183.64 12516.04 
57233.65 12523.03 
57283.67 12530.02 
57333.68 12537.01 
57383.69 12544.00 
57433.70 12550.99 
57483.71 12557.97 
57533.72 12564.96 
57583.73 12571.95 
57633.75 12578.94 
57683.76 12585.29 
57733.77 12591.40 
57783.78 12597.52 
57833.79 12603.63 
57883.80 12609.75 
57933.81 12615.86 
57983.83 12621.98 
58033.84 12628.09 
58083.85 12634.20 
58133.86 12640.32 
58183.87 12646.43 
58233.88 12652.55 
58283.89 12658.66 
58333.91 12664.78 
58383.92 12670.89 
58433.93 12677.01 
58483.94 12683.12 
58533.95 12689.24 
58583.96 12695.35 
58633.97 12700.54 
58683.98 12705.05 
58734.00 12709.55 
58784.01 12714.06 
58834.02 12718.57 
58884.03 12723.07 
58934.04 12727.58 
58984.05 12732.08 
59034.06 12736.59 
59084.08 12741.09 
59134.09 12745.60 
59184.10 12750.10 
59234.11 12754.61 
59284.12 12759.12 
59334.13 12763.62 
59384.14 12768.13 
59434.16 12772.63 
59484.17 12777.14 
59534.18 12782.40 
59584.19 12788.92 
59634.20 12795.44 
59684.21 12801.96 
59734.22 12808.49 
59784.24 12815.01 
59834.25 12821.53 
59884.26 12828.05 
59934.27 12834.57 
59984.28 12841.10 
60034.29 12847.62 
60084.30 12854.14 
60134.32 12860.66 
60184.33 12867.19 
60234.34 12873.73 
60284.35 12883.51 
60334.36 12893.29 
60384.37 12903.08 
60434.38 12912.86 
60484.39 12922.25 
60534.41 12930.20 
60584.42 12938.14 
60634.43 12946.09 
60684.44 12954.04 
60734.45 12961.99 
60784.46 12969.94 
60834.47 12977.89 
60884.49 12985.84 
60934.50 12993.79 
60984.51 13001.74 
61034.52 13009.69 
61084.53 13017.64 
61134.54 13025.58 
61184.55 13033.53 
61234.57 13041.48 
61284.58 13049.43 
61334.59 13057.38 
61384.60 13065.33 
61434.61 13072.81 
61484.62 13072.81 
61534.63 13072.81 
61584.65 13072.81 
61634.66 13072.81 
61684.67 13072.81 
61734.68 13072.81 
61784.69 13072.81 
61834.70 13072.81 
61884.71 13072.81 
61934.72 13072.81 
61984.74 13072.81 
62034.75 13072.81 
62084.76 13072.81 
62134.77 13072.81 
62184.78 13072.81 
62234.79 13072.81 
62284.80 13068.26 
62334.82 13062.39 
62384.83 13056.52 
62434.84 13050.65 
62484.85 13044.78 
62534.86 13038.91 
62584.87 13033.04 
62634.88 13027.17 
62684.90 13021.30 
62734.91 13015.43 
62784.92 13009.56 
62834.93 13003.69 
62884.94 12997.82 
62934.95 12991.95 
62984.96 12986.08 
63034.98 12980.21 
63084.99 12974.34 
63135.00 12968.47 
63185.01 12962.60 
63235.02 12956.73 
63285.03 12950.86 
63335.04 12944.99 
63385.06 12939.12 
63435.07 12933.25 
63485.08 12926.17 
63535.09 12918.83 
63585.10 12911.49 
63635.11 12904.15 
63685.12 12896.82 
63735.13 12889.48 
63785.15 12882.14 
63835.16 12874.80 
63885.17 12867.47 
63935.18 12860.13 
63985.19 12852.79 
64035.20 12845.45 
64085.21 12838.12 
64135.23 12830.78 
64185.24 12827.52 
64235.25 12829.05 
64285.26 12830.58 
64335.27 12832.10 
64385.28 12833.63 
64435.29 12835.16 
64485.31 12836.69 
64535.32 12838.22 
64585.33 12839.75 
64635.34 12841.28 
64685.35 12842.81 
64735.36 12844.33 
64785.37 12845.86 
64835.39 12847.39 
64885.40 12848.92 
64935.41 12850.50 
64985.42 12852.43 
65035.43 12854.36 
65085.44 12856.30 
65135.45 12858.23 
65185.47 12860.16 
65235.48 12862.09 
65285.49 12864.02 
65335.50 12865.95 
65385.51 12867.88 
65435.52 12869.81 
65485.53 12871.74 
65535.54 12873.67 
65585.56 12875.60 
65635.57 12877.54 
65685.58 12879.47 
65735.59 12881.40 
65785.60 12883.33 
65835.61 12885.26 
65885.62 12888.02 
65935.64 12890.85 
65985.65 12893.67 
66035.66 12896.49 
66085.67 12899.31 
66135.68 12902.13 
66185.69 12904.96 
66235.70 12907.78 
66285.72 12910.60 
66335.73 12913.42 
66385.74 12916.24 
66435.75 12919.07 
66485.76 12923.28 
66535.77 12928.99 
66585.78 12934.69 
66635.80 12940.40 
66685.81 12946.11 
66735.82 12951.81 
66785.83 12957.52 
66835.84 12963.23 
66885.85 12968.94 
66935.86 12974.64 
66985.88 12980.35 
67035.89 12986.06 
67085.90 12991.76 
67135.91 12997.47 
67185.92 13002.78 
67235.93 13004.96 
67285.94 13007.14 
67335.95 13009.33 
67385.97 13011.51 
67435.98 13013.69 
67485.99 13015.88 
67536.00 13018.06 
67586.01 13020.25 
67636.02 13022.43 
67686.03 13024.61 
67736.05 13026.80 
67786.06 13028.98 
67836.07 13031.17 
67886.08 13033.35 
67936.09 13035.53 
67986.10 13037.72 
68036.11 13039.90 
68086.13 13042.08 
68136.14 13044.27 
68186.15 13046.45 
68236.16 13048.64 
68286.17 13050.82 
68336.18 13053.00 
68386.19 13055.19 
68436.21 13057.37 
68486.22 13059.55 
68536.23 13059.66 
68586.24 13054.77 
68636.25 13049.88 
68686.26 13044.99 
68736.27 13040.10 
68786.28 13035.20 
68836.30 13030.31 
68886.31 13025.42 
68936.32 13020.53 
68986.33 13015.64 
69036.34 13010.74 
69086.35 13005.85 
69136.36 13000.96 
69186.38 12996.07 
69236.39 12991.18 
69286.40 12986.29 
69336.41 12981.39 
69386.42 12976.50 
69436.43 12971.61 
69486.44 12966.72 
69536.46 12961.83 
69586.47 12956.94 
69636.48 12952.04 
69686.49 12947.15 
69736.50 12941.53 
69786.51 12934.55 
69836.52 12927.56 
69886.54 12920.57 
69936.55 12913.58 
69986.56 12906.59 
70036.57 12899.61 
70086.58 12896.32 
70136.59 12895.09 
70186.60 12893.87 
70236.62 12892.65 
70286.63 12891.42 
70336.64 12890.20 
70386.65 12888.98 
70436.66 12887.76 
70486.67 12886.53 
70536.68 12885.31 
70586.69 12884.09 
70636.71 12882.86 
70686.72 12881.64 
70736.73 12880.42 
70786.74 12879.19 
70836.75 12877.97 
70886.76 12876.75 
70936.77 12875.53 
70986.79 12874.30 
71036.80 12876.14 
71086.81 12881.23 
71136.82 12886.33 
71186.83 12891.42 
71236.84 12896.52 
71286.85 12901.62 
71336.87 12906.71 
71386.88 12911.81 
71436.89 12916.90 
71486.90 12922.00 
71536.91 12927.09 
71586.92 12932.19 
71636.93 12937.28 
71686.95 12942.38 
71736.96 12947.48 
71786.97 12952.57 
71836.98 12957.67 
71886.99 12962.76 
71937.00 12967.86 
71987.01 12972.95 
72037.03 12978.05 
72087.04 12983.14 
72137.05 12988.24 
72187.06 12992.21 
72237.07 12995.03 
72287.08 12997.85 
72337.09 13000.68 
72387.10 13003.50 
72437.12 13006.32 
72487.13 13009.14 
72537.14 13011.96 
72587.15 13014.79 
72637.16 13017.61 
72687.17 13020.43 
72737.18 13023.25 
72787.20 13026.19 
72837.21 13031.62 
72887.22 13037.06 
72937.23 13042.49 
72987.24 13047.93 
73037.25 13053.36 
73087.26 13058.80 
73137.28 13064.23 
73187.29 13069.67 
73237.30 13075.10 
73287.31 13080.54 
73337.32 13085.97 
73387.33 13091.41 
73437.34 13096.85 
73487.36 13102.28 
73537.37 13107.72 
73587.38 13113.15 
73637.39 13118.59 
73687.40 13124.02 
73737.41 13129.46 
73787.42 13134.89 
73837.43 13140.33 
73887.45 13145.76 
73937.46 13151.20 
73987.47 13156.63 
74037.48 13162.07 
74087.49 13167.63 
74137.50 13173.74 
74187.51 13179.85 
74237.53 13185.97 
74287.54 13192.08 
74337.55 13198.20 
74387.56 13204.31 
74437.57 13210.43 
74487.58 13216.54 
74537.59 13222.66 
74587.61 13228.77 
74637.62 13234.89 
74687.63 13241.00 
74737.64 13247.12 
74787.65 13252.87 
74837.66 13258.51 
74887.67 13264.16 
74937.69 13269.80 
74987.70 13275.45 
75037.71 13281.09 
75087.72 13286.73 
75137.73 13292.38 
75187.74 13298.02 
75237.75 13303.67 
75287.77 13309.31 
75337.78 13314.96 
75387.79 13324.36 
75437.80 13341.83 
75487.81 13359.30 
75537.82 13376.77 
75587.83 13394.24 
75637.84 13411.71 
75687.86 13429.18 
75737.87 13446.65 
75787.88 13464.12 
75837.89 13481.59 
75887.90 13499.06 
75937.91 13516.53 
75987.92 13534.00 
76037.94 13551.47 
76087.95 13557.53 
76137.96 13562.42 
76187.97 13567.31 
76237.98 13572.20 
76287.99 13577.09 
76338.00 13581.99 
76388.02 13586.88 
76438.03 13591.77 
76488.04 13596.66 
76538.05 13601.55 
76588.06 13606.44 
76638.07 13611.34 
76688.08 13616.23 
76738.10 13621.12 
76788.11 13627.54 
76838.12 13635.26 
76888.13 13642.99 
76938.14 13650.71 
76988.15 13658.43 
77038.16 13666.16 
77088.18 13673.88 
77138.19 13681.60 
77188.20 13689.33 
77238.21 13697.05 
77288.22 13704.78 
77338.23 13712.50 
77388.24 13720.22 
77438.25 13727.95 
77488.27 13735.67 
77538.28 13743.39 
77588.29 13751.12 
77638.30 13758.84 
77688.31 13765.57 
77738.32 13770.35 
77788.33 13775.14 
77838.35 13779.92 
77888.36 13784.71 
77938.37 13789.49 
77988.38 13794.28 
78038.39 13799.07 
78088.40 13803.85 
78138.41 13808.64 
78188.43 13813.42 
78238.44 13818.21 
78288.45 13822.99 
78338.46 13827.78 
78388.47 13832.56 
78438.48 13837.35 
78488.49 13842.13 
78538.51 13846.92 
78588.52 13851.70 
78638.53 13856.49 
78688.54 13861.28 
78738.55 13866.06 
78788.56 13873.43 
78838.57 13886.60 
78888.58 13899.77 
78938.60 13912.94 
78988.61 13926.11 
79038.62 13939.28 
79088.63 13952.45 
79138.64 13965.62 
79188.65 13978.79 
79238.66 13991.96 
79288.68 14005.13 
79338.69 14018.30 
79388.70 14031.47 
79438.71 14037.76 
79488.72 14042.88 
79538.73 14048.01 
79588.74 14053.14 
79638.76 14058.27 
79688.77 14063.39 
79738.78 14068.52 
79788.79 14073.65 
79838.80 14078.78 
79888.81 14083.90 
79938.82 14089.03 
79988.84 14094.16 
80038.85 14099.29 
80088.86 14104.41 
80138.87 14109.54 
80188.88 14114.67 
80238.89 14119.80 
