227.13 6256.97 
277.15 6264.90 
327.17 6272.83 
377.20 6280.76 
427.22 6288.69 
477.24 6297.05 
527.26 6307.10 
577.28 6317.14 
627.30 6327.19 
677.33 6337.36 
727.35 6347.94 
777.37 6358.51 
827.39 6369.08 
877.41 6379.66 
927.43 6390.69 
977.45 6403.25 
1027.48 6415.80 
1077.50 6428.36 
1127.52 6440.92 
1177.54 6453.47 
1227.56 6466.03 
1277.58 6480.13 
1327.61 6496.87 
1377.63 6513.62 
1427.65 6530.36 
1477.67 6546.00 
1527.69 6560.06 
1577.71 6574.13 
1627.74 6588.19 
1677.76 6602.25 
1727.78 6616.32 
1777.80 6630.38 
1827.82 6643.22 
1877.84 6655.77 
1927.86 6668.33 
1977.89 6677.14 
2027.91 6683.90 
2077.93 6690.66 
2127.95 6697.42 
2177.97 6704.18 
2227.99 6710.94 
2278.02 6717.70 
2328.04 6725.16 
2378.06 6732.80 
2428.08 6740.44 
2478.10 6748.09 
2528.12 6755.73 
2578.14 6763.37 
2628.17 6768.54 
2678.19 6772.73 
2728.21 6776.91 
2778.23 6781.10 
2828.25 6785.28 
2878.27 6789.47 
2928.30 6797.23 
2978.32 6810.75 
3028.34 6824.27 
3078.36 6837.79 
3128.38 6846.41 
3178.40 6854.78 
3228.43 6863.15 
3278.45 6871.52 
3328.47 6871.58 
3378.49 6871.58 
3428.51 6871.58 
3478.53 6871.58 
3528.55 6871.58 
3578.58 6871.58 
3628.60 6871.58 
3678.62 6871.58 
3728.64 6871.58 
3778.66 6871.58 
3828.68 6871.58 
3878.71 6871.58 
3928.73 6871.58 
3978.75 6871.58 
4028.77 6871.58 
4078.79 6871.58 
4128.81 6871.58 
4178.84 6871.58 
4228.86 6871.58 
4278.88 6871.58 
4328.90 6871.58 
4378.92 6871.58 
4428.94 6871.58 
4478.96 6871.58 
4528.99 6871.58 
4579.01 6871.58 
4629.03 6871.58 
4679.05 6871.58 
4729.07 6872.20 
4779.09 6873.45 
4829.12 6874.71 
4879.14 6875.96 
4929.16 6877.22 
4979.18 6876.75 
5029.20 6869.99 
5079.22 6863.23 
5129.24 6856.46 
5179.27 6849.70 
5229.29 6842.94 
5279.31 6836.18 
5329.33 6830.97 
5379.35 6828.58 
5429.37 6826.18 
5479.40 6823.79 
5529.42 6821.40 
5579.44 6819.01 
5629.46 6801.98 
5679.48 6781.58 
5729.50 6761.18 
5779.53 6740.77 
5829.55 6731.12 
5879.57 6728.93 
5929.59 6726.75 
5979.61 6724.57 
6029.63 6722.38 
6079.65 6720.20 
6129.68 6713.21 
6179.70 6701.80 
6229.72 6690.38 
6279.74 6678.97 
6329.76 6667.55 
6379.78 6656.14 
6429.81 6651.68 
6479.83 6650.01 
6529.85 6648.33 
6579.87 6646.66 
6629.89 6631.73 
6679.91 6612.52 
6729.94 6593.32 
6779.96 6574.11 
6829.98 6556.71 
6880.00 6544.15 
6930.02 6531.59 
6980.04 6519.04 
7030.06 6507.14 
7080.09 6508.34 
7130.11 6509.53 
7180.13 6510.73 
7230.15 6511.92 
7280.17 6513.12 
7330.19 6514.16 
7380.22 6515.06 
7430.24 6515.96 
7480.26 6516.85 
7530.28 6517.75 
7580.30 6518.65 
7630.32 6519.54 
7680.34 6519.50 
7730.37 6512.32 
7780.39 6505.15 
7830.41 6497.97 
7880.43 6493.83 
7930.45 6493.83 
7980.47 6496.57 
8030.50 6505.35 
8080.52 6514.14 
8130.54 6522.93 
8180.56 6531.72 
8230.58 6540.22 
8280.60 6540.22 
8330.63 6540.22 
8380.65 6540.22 
8430.67 6540.22 
8480.69 6540.22 
8530.71 6540.22 
8580.73 6540.22 
8630.75 6540.22 
8680.78 6540.22 
8730.80 6540.22 
8780.82 6540.22 
8830.84 6540.22 
8880.86 6540.22 
8930.88 6542.95 
8980.91 6551.74 
9030.93 6560.53 
9080.95 6569.32 
9130.97 6578.11 
9180.99 6586.67 
9231.01 6588.46 
9281.04 6590.26 
9331.06 6592.05 
9381.08 6593.84 
9431.10 6595.64 
9481.12 6597.43 
9531.14 6599.22 
9581.16 6602.26 
9631.19 6605.98 
9681.21 6609.70 
9731.23 6613.42 
9781.25 6617.14 
9831.27 6620.86 
9881.29 6624.58 
9931.32 6628.74 
9981.34 6633.31 
10031.36 6637.87 
10081.38 6642.44 
10131.40 6647.01 
10181.42 6651.57 
10231.44 6652.88 
10281.47 6652.88 
10331.49 6652.88 
10381.51 6652.88 
10431.53 6652.88 
10481.55 6658.93 
10531.57 6665.21 
10581.60 6671.48 
10631.62 6677.76 
10681.64 6684.04 
10731.66 6690.32 
10781.68 6691.33 
10831.70 6689.25 
10881.73 6687.18 
10931.75 6685.10 
10981.77 6683.02 
11031.79 6680.94 
11081.81 6682.77 
11131.83 6686.63 
11181.85 6690.49 
11231.88 6694.36 
11281.90 6698.22 
11331.92 6702.08 
11381.94 6705.95 
11431.96 6709.81 
11481.98 6713.68 
11532.01 6719.48 
11582.03 6725.76 
11632.05 6732.03 
11682.07 6738.31 
11732.09 6744.59 
11782.11 6750.87 
11832.14 6757.15 
11882.16 6763.43 
11932.18 6769.70 
11982.20 6777.24 
12032.22 6788.23 
12082.24 6799.21 
12132.26 6810.20 
12182.29 6821.19 
12232.31 6832.17 
12282.33 6837.42 
12332.35 6841.38 
12382.37 6845.35 
12432.39 6849.31 
12482.42 6853.28 
12532.44 6857.24 
12582.46 6861.21 
12632.48 6865.17 
12682.50 6869.14 
12732.52 6873.10 
12782.54 6877.07 
12832.57 6881.03 
12882.59 6885.00 
12932.61 6894.76 
12982.63 6905.33 
13032.65 6915.91 
13082.67 6926.48 
13132.70 6937.05 
13182.72 6947.63 
13232.74 6956.46 
13282.76 6962.74 
13332.78 6969.01 
13382.80 6975.29 
13432.83 6981.57 
13482.85 6987.85 
13532.87 6994.13 
13582.89 7000.41 
13632.91 7003.28 
13682.93 6994.91 
13732.95 6986.54 
13782.98 6978.17 
13833.00 6969.79 
13883.02 6961.42 
13933.04 6953.05 
13983.06 6945.18 
14033.08 6943.00 
14083.11 6940.81 
14133.13 6938.63 
14183.15 6936.45 
14233.17 6934.26 
14283.19 6932.08 
14333.21 6929.89 
14383.24 6929.57 
14433.26 6934.90 
14483.28 6940.23 
14533.30 6945.55 
14583.32 6950.88 
14633.34 6956.21 
14683.36 6961.53 
14733.39 6966.86 
14783.41 6972.19 
14833.43 6977.51 
14883.45 6982.84 
14933.47 6988.41 
14983.49 7020.22 
15033.52 7052.03 
15083.54 7083.84 
15133.56 7115.65 
15183.58 7147.46 
15233.60 7153.63 
15283.62 7156.98 
15333.64 7160.33 
15383.67 7163.68 
15433.69 7167.03 
15483.71 7177.09 
15533.73 7188.91 
15583.75 7200.72 
15633.77 7212.54 
15683.80 7224.36 
15733.82 7236.15 
15783.84 7238.33 
15833.86 7240.52 
15883.88 7242.70 
15933.90 7244.88 
15983.93 7247.07 
16033.95 7249.25 
16083.97 7251.44 
16133.99 7252.88 
16184.01 7250.69 
16234.03 7248.51 
16284.05 7246.33 
16334.08 7244.14 
16384.10 7241.96 
16434.12 7239.77 
16484.14 7237.59 
16534.16 7232.48 
16584.18 7221.59 
16634.21 7210.71 
16684.23 7199.83 
16734.25 7188.95 
16784.27 7178.06 
16834.29 7167.18 
16884.31 7156.30 
16934.34 7145.42 
16984.36 7134.53 
17034.38 7122.45 
17084.40 7101.52 
17134.42 7080.59 
17184.44 7059.66 
17234.46 7039.04 
17284.49 7027.22 
17334.51 7015.40 
17384.53 7003.59 
17434.55 6991.77 
17484.57 6979.95 
17534.59 6970.63 
17584.62 6969.06 
17634.64 6967.49 
17684.66 6965.92 
17734.68 6964.35 
17784.70 6962.78 
17834.72 6961.21 
17884.74 6959.64 
17934.77 6958.07 
17984.79 6956.51 
18034.81 6954.94 
18084.83 6954.45 
18134.85 6956.02 
18184.87 6957.59 
18234.90 6959.16 
18284.92 6960.73 
18334.94 6962.30 
18384.96 6966.56 
18434.98 6971.12 
18485.00 6975.69 
18535.03 6980.26 
18585.05 6984.82 
18635.07 6989.39 
18685.09 6993.95 
18735.11 6998.93 
18785.13 7004.51 
18835.15 7010.09 
18885.18 7015.67 
18935.20 7021.25 
18985.22 7026.83 
19035.24 7032.41 
19085.26 7037.99 
19135.28 7043.58 
19185.31 7049.09 
19235.33 7054.38 
19285.35 7059.67 
19335.37 7064.96 
19385.39 7070.24 
19435.41 7075.53 
19485.44 7080.82 
19535.46 7084.19 
19585.48 7086.88 
19635.50 7089.57 
19685.52 7092.26 
19735.54 7094.95 
19785.56 7097.64 
19835.59 7100.33 
19885.61 7103.02 
19935.63 7105.71 
19985.65 7108.09 
20035.67 7109.23 
20085.69 7110.37 
20135.72 7111.51 
20185.74 7112.65 
20235.76 7113.79 
20285.78 7114.94 
20335.80 7116.08 
20385.82 7116.41 
20435.84 7116.41 
20485.87 7116.41 
20535.89 7116.41 
20585.91 7116.41 
20635.93 7116.41 
20685.95 7116.41 
20735.97 7116.41 
20786.00 7119.11 
20836.02 7124.13 
20886.04 7129.15 
20936.06 7134.17 
20986.08 7139.20 
21036.10 7144.22 
21086.13 7149.24 
21136.15 7154.26 
21186.17 7159.19 
21236.19 7159.90 
21286.21 7160.62 
21336.23 7161.34 
21386.25 7162.06 
21436.28 7162.77 
21486.30 7163.49 
21536.32 7164.21 
21586.34 7164.93 
21636.36 7165.64 
21686.38 7166.36 
21736.41 7167.08 
21786.43 7168.64 
21836.45 7177.50 
21886.47 7186.37 
21936.49 7195.23 
21986.51 7204.09 
22036.54 7212.96 
22086.56 7221.01 
22136.58 7227.29 
22186.60 7233.57 
22236.62 7239.84 
22286.64 7246.12 
22336.66 7252.40 
22386.69 7258.68 
22436.71 7264.96 
22486.73 7271.24 
22536.75 7277.51 
22586.77 7283.79 
22636.79 7290.31 
22686.82 7297.16 
22736.84 7304.01 
22786.86 7310.85 
22836.88 7317.70 
22886.90 7324.55 
22936.92 7331.40 
22986.94 7338.25 
23036.97 7344.34 
23086.99 7350.37 
23137.01 7356.40 
23187.03 7362.42 
23237.05 7368.45 
23287.07 7374.48 
23337.10 7380.50 
23387.12 7386.53 
23437.14 7392.89 
23487.16 7399.74 
23537.18 7406.59 
23587.20 7413.44 
23637.23 7420.29 
23687.25 7427.14 
23737.27 7433.99 
23787.29 7440.84 
23837.31 7445.47 
23887.33 7449.90 
23937.35 7454.33 
23987.38 7458.76 
24037.40 7463.20 
24087.42 7467.17 
24137.44 7468.01 
24187.46 7468.84 
24237.48 7469.68 
24287.51 7470.52 
24337.53 7471.35 
24387.55 7472.19 
24437.57 7473.03 
24487.59 7473.87 
24537.61 7474.70 
24587.64 7475.54 
24637.66 7471.46 
24687.68 7466.89 
24737.70 7462.32 
24787.72 7457.76 
24837.74 7453.19 
24887.76 7448.63 
24937.79 7444.06 
24987.81 7443.23 
25037.83 7447.60 
25087.85 7451.97 
25137.87 7456.33 
25187.89 7460.70 
25237.92 7465.07 
25287.94 7469.44 
25337.96 7473.80 
25387.98 7469.73 
25438.00 7459.69 
25488.02 7449.64 
25538.04 7439.60 
25588.07 7429.55 
25638.09 7419.51 
25688.11 7409.46 
25738.13 7399.42 
25788.15 7389.37 
25838.17 7379.33 
25888.20 7369.28 
25938.22 7359.24 
25988.24 7356.58 
26038.26 7357.62 
26088.28 7358.67 
26138.30 7359.72 
26188.33 7360.76 
26238.35 7361.81 
26288.37 7362.85 
26338.39 7363.90 
26388.41 7365.02 
26438.43 7366.22 
26488.45 7367.41 
26538.48 7368.61 
26588.50 7369.80 
26638.52 7371.00 
26688.54 7372.20 
26738.56 7375.66 
26788.58 7383.51 
26838.61 7391.35 
26888.63 7399.20 
26938.65 7407.05 
26988.67 7414.90 
27038.69 7415.75 
27088.71 7415.75 
27138.74 7415.75 
27188.76 7415.75 
27238.78 7415.75 
27288.80 7415.75 
27338.82 7415.75 
27388.84 7415.75 
27438.86 7423.12 
27488.89 7433.40 
27538.91 7443.67 
27588.93 7453.95 
27638.95 7464.22 
27688.97 7474.49 
27738.99 7484.77 
27789.02 7493.17 
27839.04 7495.18 
27889.06 7497.19 
27939.08 7499.20 
27989.10 7501.21 
28039.12 7503.22 
28089.14 7505.23 
28139.17 7507.24 
28189.19 7509.25 
28239.21 7514.03 
28289.23 7519.94 
28339.25 7525.85 
28389.27 7531.76 
28439.30 7537.67 
28489.32 7543.58 
28539.34 7549.48 
28589.36 7555.39 
28639.38 7561.30 
28689.40 7567.21 
28739.43 7573.12 
28789.45 7578.25 
28839.47 7578.25 
28889.49 7578.25 
28939.51 7578.25 
28989.53 7578.25 
29039.55 7578.25 
29089.58 7578.25 
29139.60 7578.25 
29189.62 7588.28 
29239.64 7598.51 
29289.66 7608.74 
29339.68 7618.97 
29389.71 7629.21 
29439.73 7639.44 
29489.75 7649.67 
29539.77 7659.90 
29589.79 7670.13 
29639.81 7675.25 
29689.84 7678.97 
29739.86 7682.69 
29789.88 7686.41 
29839.90 7690.13 
29889.92 7693.85 
29939.94 7697.57 
29989.96 7701.29 
30039.99 7705.01 
30090.01 7706.53 
30140.03 7706.53 
30190.05 7706.53 
30240.07 7706.53 
30290.09 7706.53 
30340.12 7706.53 
30390.14 7706.53 
30440.16 7706.53 
30490.18 7707.23 
30540.20 7716.36 
30590.22 7725.50 
30640.24 7734.63 
30690.27 7743.76 
30740.29 7752.89 
30790.31 7762.02 
30840.33 7771.16 
30890.35 7780.29 
30940.37 7789.42 
30990.40 7798.55 
31040.42 7807.68 
31090.44 7813.63 
31140.46 7818.96 
31190.48 7824.28 
31240.50 7829.61 
31290.53 7834.94 
31340.55 7840.26 
31390.57 7845.59 
31440.59 7850.92 
31490.61 7856.24 
31540.63 7861.57 
31590.65 7866.90 
31640.68 7873.66 
31690.70 7881.39 
31740.72 7889.12 
31790.74 7896.85 
31840.76 7904.57 
31890.78 7912.30 
31940.81 7920.03 
31990.83 7927.75 
32040.85 7935.48 
32090.87 7941.70 
32140.89 7947.41 
32190.91 7953.12 
32240.94 7958.83 
32290.96 7964.53 
32340.98 7970.24 
32391.00 7975.95 
32441.02 7983.51 
32491.04 7996.57 
32541.06 8009.63 
32591.09 8022.69 
32641.11 8035.75 
32691.13 8048.81 
32741.15 8061.87 
32791.17 8074.92 
32841.19 8087.98 
32891.22 8099.13 
32941.24 8109.59 
32991.26 8120.05 
33041.28 8130.52 
33091.30 8140.98 
33141.32 8151.44 
33191.34 8161.91 
33241.37 8172.37 
33291.39 8185.14 
33341.41 8199.68 
33391.43 8214.22 
33441.45 8228.76 
33491.47 8243.29 
33541.50 8257.83 
33591.52 8272.19 
33641.54 8284.74 
33691.56 8297.30 
33741.58 8309.86 
33791.60 8322.41 
33841.63 8335.18 
33891.65 8348.40 
33941.67 8361.62 
33991.69 8374.84 
34041.71 8388.05 
34091.73 8401.27 
34141.75 8414.49 
34191.78 8424.45 
34241.80 8433.87 
34291.82 8443.29 
34341.84 8452.71 
34391.86 8462.12 
34441.88 8471.26 
34491.91 8480.00 
34541.93 8488.73 
34591.95 8497.47 
34641.97 8506.20 
34691.99 8514.94 
34742.01 8523.67 
34792.04 8532.41 
34842.06 8543.02 
34892.08 8555.03 
34942.10 8567.04 
34992.12 8579.06 
35042.14 8591.07 
35092.16 8603.08 
35142.19 8615.09 
35192.21 8627.10 
35242.23 8639.51 
35292.25 8652.07 
35342.27 8664.63 
35392.29 8675.38 
35442.32 8682.55 
35492.34 8689.73 
35542.36 8696.90 
35592.38 8704.08 
35642.40 8711.25 
35692.42 8718.43 
35742.44 8725.60 
35792.47 8732.78 
35842.49 8739.95 
35892.51 8748.09 
35942.53 8756.46 
35992.55 8764.83 
36042.57 8773.20 
36092.60 8781.57 
36142.62 8789.94 
36192.64 8798.31 
36242.66 8806.68 
36292.68 8815.05 
36342.70 8826.71 
36392.73 8840.53 
36442.75 8854.34 
36492.77 8868.15 
36542.79 8881.96 
36592.81 8895.77 
36642.83 8909.59 
36692.85 8913.55 
36742.88 8914.95 
36792.90 8916.34 
36842.92 8917.74 
36892.94 8919.13 
36942.96 8920.53 
36992.98 8928.49 
37043.01 8939.79 
37093.03 8951.09 
37143.05 8962.39 
37193.07 8973.69 
37243.09 8984.99 
37293.11 8996.29 
37343.14 9007.14 
37393.16 9017.90 
37443.18 9028.66 
37493.20 9039.43 
37543.22 9050.19 
37593.24 9060.95 
37643.26 9071.71 
37693.29 9058.01 
37743.31 9067.26 
37793.33 9076.52 
37843.35 9085.77 
37893.37 9095.02 
37943.39 9104.27 
37993.42 9113.53 
38043.44 9125.57 
38093.46 9139.92 
38143.48 9154.27 
38193.50 9168.62 
38243.52 9182.97 
38293.54 9192.25 
38343.57 9200.10 
38393.59 9207.95 
38443.61 9215.79 
38493.63 9223.64 
38543.65 9233.05 
38593.67 9245.61 
38643.70 9258.16 
38693.72 9270.72 
38743.74 9283.04 
38793.76 9294.63 
38843.78 9306.22 
38893.80 9317.81 
38943.83 9329.40 
38993.85 9339.50 
39043.87 9349.27 
39093.89 9359.03 
39143.91 9368.80 
39193.93 9378.57 
39243.95 9388.33 
39293.98 9399.51 
39344.00 9411.33 
39394.02 9423.14 
39444.04 9434.96 
39494.06 9446.78 
39544.08 9458.60 
39594.11 9466.44 
39644.13 9473.82 
39694.15 9481.21 
39744.17 9488.60 
39794.19 9495.98 
39844.21 9503.56 
39894.24 9512.69 
39944.26 9521.82 
39994.28 9530.95 
40044.30 9540.09 
40094.32 9549.22 
40144.34 9558.35 
40194.36 9567.48 
40244.39 9578.02 
40294.41 9589.43 
40344.43 9600.85 
40394.45 9612.26 
40444.47 9621.03 
40494.49 9629.40 
40544.52 9637.77 
40594.54 9646.15 
40644.56 9654.52 
40694.58 9662.89 
40744.60 9671.26 
40794.62 9680.38 
40844.64 9689.80 
40894.67 9699.22 
40944.69 9708.63 
40994.71 9718.05 
41044.73 9727.47 
41094.75 9736.89 
41144.77 9746.30 
41194.80 9755.72 
41244.82 9765.14 
41294.84 9774.56 
41344.86 9787.23 
41394.88 9800.63 
41444.90 9814.02 
41494.93 9827.41 
41544.95 9840.81 
41594.97 9849.14 
41644.99 9855.42 
41695.01 9861.70 
41745.03 9867.97 
41795.05 9874.25 
41845.08 9880.53 
41895.10 9886.81 
41945.12 9894.13 
41995.14 9901.57 
42045.16 9909.02 
42095.18 9916.46 
42145.21 9923.90 
42195.23 9931.34 
42245.25 9938.78 
42295.27 9946.22 
42345.29 9953.66 
42395.31 9961.45 
42445.34 9969.38 
42495.36 9977.31 
42545.38 9985.24 
42595.40 9993.17 
42645.42 10001.10 
42695.44 10009.03 
42745.46 10016.96 
42795.49 10024.89 
42845.51 10032.82 
42895.53 10040.75 
42945.55 10048.68 
42995.57 10056.61 
43045.59 10065.76 
43095.62 10075.29 
43145.64 10084.81 
43195.66 10094.34 
43245.68 10103.86 
43295.70 10113.39 
43345.72 10122.91 
43395.74 10132.44 
43445.77 10141.97 
43495.79 10151.49 
43545.81 10167.05 
43595.83 10183.37 
43645.85 10199.70 
43695.87 10216.02 
43745.90 10232.34 
43795.92 10248.67 
43845.94 10264.17 
43895.96 10269.75 
43945.98 10275.33 
43996.00 10280.91 
44046.03 10286.50 
44096.05 10292.08 
44146.07 10297.66 
44196.09 10303.24 
44246.11 10308.82 
44296.13 10314.40 
44346.15 10322.72 
44396.18 10331.41 
44446.20 10340.11 
44496.22 10348.80 
44546.24 10357.49 
44596.26 10366.19 
44646.28 10374.88 
44696.31 10383.57 
44746.33 10392.54 
44796.35 10411.75 
44846.37 10430.95 
44896.39 10450.15 
44946.41 10469.36 
44996.44 10488.56 
45046.46 10504.33 
45096.48 10509.04 
45146.50 10513.75 
45196.52 10518.46 
45246.54 10523.17 
45296.56 10527.88 
45346.59 10532.17 
45396.61 10536.36 
45446.63 10540.55 
45496.65 10544.73 
45546.67 10548.92 
45596.69 10553.10 
45646.72 10563.38 
45696.74 10576.84 
45746.76 10590.29 
45796.78 10603.74 
45846.80 10617.20 
45896.82 10630.65 
45946.84 10644.10 
45996.87 10657.56 
46046.89 10671.01 
46096.91 10683.74 
46146.93 10691.28 
46196.95 10698.81 
46246.97 10706.34 
46297.00 10714.48 
46347.02 10722.85 
46397.04 10731.22 
46447.06 10739.59 
46497.08 10747.96 
46547.10 10756.33 
46597.13 10764.70 
46647.15 10776.32 
46697.17 10790.45 
46747.19 10804.58 
46797.21 10818.70 
46847.23 10832.83 
46897.25 10846.24 
46947.28 10854.17 
46997.30 10862.10 
47047.32 10870.03 
47097.34 10877.96 
47147.36 10885.89 
47197.38 10893.82 
47247.41 10901.26 
47297.43 10908.44 
47347.45 10915.61 
47397.47 10922.79 
47447.49 10929.96 
47497.51 10937.14 
47547.54 10944.31 
47597.56 10952.80 
47647.58 10962.62 
47697.60 10972.45 
47747.62 10982.28 
47797.64 10992.11 
47847.66 11001.93 
47897.69 11011.76 
47947.71 11021.59 
47997.73 11032.46 
48047.75 11043.88 
48097.77 11055.29 
48147.79 11066.71 
48197.82 11078.12 
48247.84 11089.54 
48297.86 11100.95 
48347.88 11111.24 
48397.90 11115.95 
48447.92 11120.66 
48497.94 11125.37 
48547.97 11130.08 
48597.99 11134.78 
48648.01 11147.22 
48698.03 11162.67 
48748.05 11178.13 
48798.07 11193.58 
48848.10 11207.52 
48898.12 11217.80 
48948.14 11228.07 
48998.16 11238.34 
49048.18 11248.62 
49098.20 11258.89 
49148.23 11269.17 
49198.25 11279.44 
49248.27 11281.50 
49298.29 11281.50 
49348.31 11281.50 
49398.33 11281.50 
49448.35 11281.50 
49498.38 11281.50 
49548.40 11284.99 
49598.42 11295.62 
49648.44 11306.24 
49698.46 11316.87 
49748.48 11327.49 
49798.51 11338.12 
49848.53 11348.74 
49898.55 11359.37 
49948.57 11369.99 
49998.59 11380.68 
50048.61 11391.44 
50098.64 11402.21 
50148.66 11412.97 
50198.68 11423.73 
50248.70 11434.49 
50298.72 11445.26 
50348.74 11456.23 
50398.76 11467.64 
50448.79 11479.06 
50498.81 11490.47 
50548.83 11496.84 
50598.85 11499.48 
50648.87 11502.12 
50698.89 11504.77 
50748.92 11507.41 
50798.94 11510.06 
50848.96 11514.54 
50898.98 11534.63 
50949.00 11554.72 
50999.02 11574.81 
51049.04 11583.26 
51099.07 11586.73 
51149.09 11590.19 
51199.11 11593.66 
51249.13 11597.12 
51299.15 11600.58 
51349.17 11604.05 
51399.20 11607.51 
51449.22 11610.98 
51499.24 11614.44 
51549.26 11624.94 
51599.28 11636.95 
51649.30 11648.96 
51699.33 11660.97 
51749.35 11672.98 
51799.37 11684.99 
51849.39 11697.00 
51899.41 11709.01 
51949.43 11722.22 
51999.45 11735.44 
52049.48 11748.66 
52099.50 11761.87 
52149.52 11775.09 
52199.54 11788.31 
52249.56 11797.27 
52299.58 11802.29 
52349.61 11807.31 
52399.63 11812.33 
52449.65 11817.36 
52499.67 11822.38 
52549.69 11827.40 
52599.71 11834.80 
52649.74 11843.17 
52699.76 11851.54 
52749.78 11859.91 
52799.80 11868.28 
52849.82 11876.65 
52899.84 11885.02 
52949.86 11893.39 
52999.89 11907.36 
53049.91 11926.20 
53099.93 11945.03 
53149.95 11963.87 
53199.97 11982.70 
53249.99 12000.31 
53300.02 12004.87 
53350.04 12009.44 
53400.06 12014.01 
53450.08 12018.57 
53500.10 12023.14 
53550.12 12027.70 
53600.15 12032.27 
53650.17 12040.90 
53700.19 12052.32 
53750.21 12063.73 
53800.23 12075.15 
53850.25 12086.56 
53900.27 12097.98 
53950.30 12109.39 
54000.32 12120.67 
54050.34 12130.72 
54100.36 12140.76 
54150.38 12150.81 
54200.40 12160.85 
54250.43 12170.90 
54300.45 12180.94 
54350.47 12191.38 
54400.49 12202.80 
54450.51 12214.21 
54500.53 12225.63 
54550.55 12237.04 
54600.58 12248.46 
54650.60 12259.87 
54700.62 12271.29 
54750.64 12280.57 
54800.66 12289.30 
54850.68 12298.04 
54900.71 12306.77 
54950.73 12315.51 
55000.75 12324.24 
55050.77 12332.98 
55100.79 12341.71 
55150.81 12351.10 
55200.84 12360.52 
55250.86 12369.94 
55300.88 12379.36 
55350.90 12388.77 
55400.92 12398.19 
55450.94 12407.61 
55500.96 12417.03 
55550.99 12427.51 
55601.01 12438.27 
55651.03 12449.03 
55701.05 12459.80 
55751.07 12470.56 
55801.09 12481.32 
55851.12 12492.09 
55901.14 12504.00 
55951.16 12516.55 
56001.18 12529.11 
56051.20 12541.67 
56101.22 12554.22 
56151.25 12566.78 
56201.27 12578.21 
56251.29 12588.55 
56301.31 12598.89 
56351.33 12609.23 
56401.35 12619.57 
56451.37 12629.91 
56501.40 12646.63 
56551.42 12665.84 
56601.44 12685.04 
56651.46 12704.24 
56701.48 12723.45 
56751.50 12742.65 
56801.53 12745.22 
56851.55 12746.54 
56901.57 12747.86 
56951.59 12749.18 
57001.61 12750.50 
57051.63 12751.83 
57101.65 12759.33 
57151.68 12774.10 
57201.70 12788.88 
57251.72 12803.65 
57301.74 12818.42 
57351.76 12833.19 
57401.78 12847.53 
57451.81 12861.66 
57501.83 12875.79 
57551.85 12889.91 
57601.87 12904.04 
57651.89 12916.79 
57701.91 12924.72 
57751.94 12932.65 
57801.96 12940.58 
57851.98 12948.52 
57902.00 12956.45 
57952.02 12964.38 
58002.04 12976.23 
58052.06 12989.38 
58102.09 13002.54 
58152.11 13015.69 
58202.13 13028.85 
58252.15 13042.00 
58302.17 13055.15 
58352.19 13071.46 
58402.22 13089.88 
58452.24 13108.29 
58502.26 13126.71 
58552.28 13145.12 
58602.30 13159.55 
58652.32 13169.82 
58702.35 13180.09 
58752.37 13190.37 
58802.39 13200.64 
58852.41 13210.92 
58902.43 13221.19 
58952.45 13231.46 
59002.47 13237.38 
59052.50 13243.29 
59102.52 13249.20 
59152.54 13255.11 
59202.56 13261.02 
59252.58 13268.31 
59302.60 13280.87 
59352.63 13293.42 
59402.65 13305.98 
59452.67 13318.54 
59502.69 13331.09 
59552.71 13343.65 
59602.73 13357.29 
59652.75 13372.58 
59702.78 13387.86 
59752.80 13403.15 
59802.82 13418.44 
59852.84 13433.72 
59902.86 13449.01 
59952.88 13464.29 
60002.91 13474.89 
60052.93 13481.87 
60102.95 13488.84 
60152.97 13495.82 
60202.99 13502.79 
60253.01 13509.77 
60303.04 13519.85 
60353.06 13533.98 
60403.08 13548.10 
60453.10 13562.23 
60503.12 13576.36 
60553.14 13590.48 
60603.16 13604.44 
60653.19 13618.39 
60703.21 13632.34 
60753.23 13646.29 
60803.25 13660.24 
60853.27 13674.19 
60903.29 13682.75 
60953.32 13690.39 
61003.34 13698.04 
61053.36 13705.68 
61103.38 13713.32 
61153.40 13720.97 
61203.42 13728.61 
61253.45 13736.35 
61303.47 13748.31 
61353.49 13760.27 
61403.51 13772.22 
61453.53 13784.18 
61503.55 13796.14 
61553.57 13808.10 
61603.60 13820.06 
61653.62 13838.00 
61703.64 13856.84 
61753.66 13875.67 
61803.68 13894.51 
61853.70 13913.34 
61903.73 13932.18 
61953.75 13950.44 
62003.77 13959.70 
62053.79 13968.95 
62103.81 13978.20 
62153.83 13987.45 
62203.85 13996.71 
62253.88 14005.96 
62303.90 14015.45 
62353.92 14025.11 
62403.94 14034.77 
62453.96 14044.43 
62503.98 14054.09 
62554.01 14063.74 
62604.03 14073.40 
62654.05 14083.06 
62704.07 14092.72 
62754.09 14101.11 
62804.11 14109.04 
62854.14 14116.97 
62904.16 14124.90 
62954.18 14132.83 
63004.20 14140.76 
63054.22 14149.91 
63104.24 14162.47 
63154.26 14175.02 
63204.29 14187.58 
63254.31 14200.14 
63304.33 14212.69 
63354.35 14225.25 
63404.37 14236.55 
63454.39 14246.31 
63504.42 14256.08 
63554.44 14265.84 
63604.46 14275.61 
63654.48 14285.38 
63704.50 14294.69 
63754.52 14303.07 
63804.55 14311.44 
63854.57 14319.81 
63904.59 14328.18 
63954.61 14336.55 
64004.63 14344.92 
64054.65 14353.29 
64104.67 14362.28 
64154.70 14374.84 
64204.72 14387.40 
64254.74 14399.95 
64304.76 14412.51 
64354.78 14424.31 
64404.80 14434.89 
64454.83 14445.46 
64504.85 14456.03 
64554.87 14466.61 
64604.89 14477.18 
64654.91 14487.76 
64704.93 14499.46 
64754.95 14511.28 
64804.98 14523.10 
64855.00 14534.91 
64905.02 14546.73 
64955.04 14558.14 
65005.06 14566.51 
65055.08 14574.88 
65105.11 14583.25 
65155.13 14591.62 
65205.15 14599.99 
65255.17 14608.36 
65305.19 14616.73 
65355.21 14625.10 
65405.24 14633.48 
65455.26 14641.85 
65505.28 14652.00 
65555.30 14662.34 
65605.32 14672.68 
65655.34 14683.02 
65705.36 14693.36 
65755.39 14704.28 
65805.41 14719.74 
65855.43 14735.19 
65905.45 14750.65 
65955.47 14766.10 
66005.49 14774.57 
66055.52 14779.86 
66105.54 14785.15 
66155.56 14790.43 
66205.58 14795.72 
66255.60 14801.01 
66305.62 14807.44 
66355.65 14818.01 
66405.67 14828.58 
66455.69 14839.16 
66505.71 14849.73 
66555.73 14860.31 
66605.75 14870.88 
66655.77 14881.45 
66705.80 14892.03 
66755.82 14902.60 
66805.84 14913.18 
66855.86 14923.75 
66905.88 14934.32 
66955.90 14945.18 
67005.93 14956.77 
67055.95 14968.36 
67105.97 14979.95 
67155.99 14991.54 
67206.01 15003.32 
67256.03 15015.14 
67306.05 15026.96 
67356.08 15038.78 
67406.10 15050.59 
67456.12 15062.85 
67506.14 15082.26 
67556.16 15101.66 
67606.18 15121.07 
67656.21 15140.47 
67706.23 15159.88 
67756.25 15179.28 
67806.27 15198.69 
67856.29 15212.45 
67906.31 15221.86 
67956.34 15231.28 
68006.36 15240.70 
68056.38 15250.12 
68106.40 15259.27 
68156.42 15266.45 
68206.44 15273.62 
68256.46 15280.80 
68306.49 15287.97 
68356.51 15295.15 
68406.53 15302.32 
68456.55 15309.50 
68506.57 15316.67 
68556.59 15323.85 
68606.62 15330.22 
68656.64 15336.02 
68706.66 15341.81 
68756.68 15347.61 
68806.70 15353.41 
68856.72 15359.20 
68906.75 15365.00 
68956.77 15370.79 
69006.79 15376.59 
69056.81 15385.47 
69106.83 15395.51 
69156.85 15405.56 
69206.87 15415.60 
69256.90 15425.65 
69306.92 15435.69 
69356.94 15445.74 
69406.96 15455.78 
69456.98 15465.18 
69507.00 15472.15 
69557.03 15479.13 
69607.05 15486.11 
69657.07 15493.08 
69707.09 15500.06 
69757.11 15507.56 
69807.13 15520.95 
69857.15 15534.35 
69907.18 15547.74 
69957.20 15561.13 
70007.22 15574.53 
70057.24 15579.33 
70107.26 15583.89 
70157.28 15588.46 
