  1.02 7057.78 
 51.04 7061.73 
101.07 7066.79 
151.10 7073.37 
201.13 7081.37 
251.16 7089.12 
301.19 7096.52 
351.22 7104.06 
401.24 7112.71 
451.27 7115.08 
501.30 7116.87 
551.33 7116.87 
601.36 7116.33 
651.39 7114.95 
701.41 7110.28 
751.44 7099.51 
801.47 7093.26 
851.50 7092.77 
901.53 7092.55 
951.56 7088.71 
1001.59 7086.63 
1051.61 7088.84 
1101.64 7093.47 
1151.67 7097.15 
1201.70 7100.43 
1251.73 7103.12 
1301.76 7104.86 
1351.79 7106.61 
1401.81 7112.53 
1451.84 7120.90 
1501.87 7132.65 
1551.90 7145.15 
1601.93 7143.84 
1651.96 7147.27 
1701.99 7150.84 
1752.01 7155.81 
1802.04 7162.38 
1852.07 7169.61 
1902.10 7175.91 
1952.13 7175.69 
2002.16 7165.28 
2052.19 7156.02 
2102.21 7147.86 
2152.24 7143.16 
2202.27 7142.27 
2252.30 7148.46 
2302.33 7156.34 
2352.36 7155.66 
2402.38 7148.71 
2452.41 7143.40 
2502.44 7141.13 
2552.47 7140.74 
2602.50 7149.08 
2652.53 7153.92 
2702.56 7158.55 
2752.58 7165.00 
2802.61 7171.26 
2852.64 7176.97 
2902.67 7182.93 
2952.70 7191.04 
3002.73 7199.14 
3052.76 7206.32 
3102.78 7213.33 
3152.81 7220.36 
3202.84 7227.05 
3252.87 7233.08 
3302.90 7239.73 
3352.93 7246.50 
3402.96 7252.26 
3452.98 7255.52 
3503.01 7257.37 
3553.04 7258.33 
3603.07 7260.47 
3653.10 7263.38 
3703.13 7267.13 
3753.16 7270.60 
3803.18 7275.93 
3853.21 7282.04 
3903.24 7286.48 
3953.27 7290.05 
4003.30 7291.99 
4053.33 7290.77 
4103.35 7289.55 
4153.38 7288.60 
4203.41 7287.71 
4253.44 7286.88 
4303.47 7286.54 
4353.50 7287.52 
4403.53 7288.50 
4453.55 7289.45 
4503.58 7290.26 
4553.61 7292.33 
4603.64 7298.33 
4653.67 7302.20 
4703.70 7304.21 
4753.73 7301.71 
4803.75 7285.84 
4853.78 7272.65 
4903.81 7259.46 
4953.84 7254.47 
5003.87 7250.55 
5053.90 7245.69 
5103.93 7241.10 
5153.95 7237.53 
5203.98 7234.19 
5254.01 7234.19 
5304.04 7232.34 
5354.07 7229.21 
5404.10 7226.35 
5454.13 7225.10 
5504.15 7223.85 
5554.18 7222.80 
5604.21 7221.93 
5654.24 7221.93 
5704.27 7221.80 
5754.30 7220.80 
5804.32 7219.96 
5854.35 7219.22 
5904.38 7219.90 
5954.41 7221.90 
6004.44 7223.90 
6054.47 7225.46 
6104.50 7226.51 
6154.52 7227.47 
6204.55 7233.28 
6254.58 7246.76 
6304.61 7259.26 
6354.64 7269.18 
6404.67 7276.87 
6454.70 7281.03 
6504.72 7282.65 
6554.75 7282.81 
6604.78 7286.07 
6654.81 7287.91 
6704.84 7289.70 
6754.87 7293.39 
6804.90 7297.28 
6854.92 7302.90 
6904.95 7308.12 
6954.98 7311.53 
7005.01 7315.25 
7055.04 7321.96 
7105.07 7327.90 
7155.10 7329.60 
7205.12 7331.33 
7255.15 7333.46 
7305.18 7335.59 
7355.21 7336.88 
7405.24 7338.01 
7455.27 7339.29 
7505.29 7340.60 
7555.32 7341.24 
7605.35 7341.81 
7655.38 7339.99 
7705.41 7338.18 
7755.44 7335.32 
7805.47 7332.55 
7855.49 7333.12 
7905.52 7333.55 
7955.55 7333.55 
8005.58 7332.86 
8055.61 7331.75 
8105.64 7329.54 
8155.67 7326.25 
8205.69 7323.47 
8255.72 7323.94 
8305.75 7323.44 
8355.78 7322.59 
8405.81 7321.27 
8455.84 7320.53 
8505.87 7321.07 
8555.89 7322.85 
8605.92 7324.08 
8655.95 7323.82 
8705.98 7321.74 
8756.01 7331.60 
8806.04 7337.14 
8856.07 7343.87 
8906.09 7345.06 
8956.12 7344.70 
9006.15 7345.14 
9056.18 7348.26 
9106.21 7350.85 
9156.24 7353.49 
9206.26 7358.96 
9256.29 7366.82 
9306.32 7374.96 
9356.35 7387.46 
9406.38 7393.59 
9456.41 7402.02 
9506.44 7411.09 
9556.46 7413.62 
9606.49 7414.34 
9656.52 7415.16 
9706.55 7420.04 
9756.58 7426.11 
9806.61 7433.42 
9856.64 7443.37 
9906.66 7453.39 
9956.69 7463.02 
10006.72 7473.05 
10056.75 7482.90 
10106.78 7495.76 
10156.81 7509.28 
10206.84 7522.70 
10256.86 7535.22 
10306.89 7547.26 
10356.92 7560.12 
10406.95 7571.65 
10456.98 7581.22 
10507.01 7594.03 
10557.04 7611.90 
10607.06 7631.38 
10657.09 7648.62 
10707.12 7662.55 
10757.15 7676.61 
10807.18 7685.58 
10857.21 7688.88 
10907.23 7691.19 
10957.26 7693.59 
11007.29 7697.00 
11057.32 7697.65 
11107.35 7697.44 
11157.38 7683.00 
11207.41 7676.38 
11257.43 7671.93 
11307.46 7671.61 
11357.49 7675.40 
11407.52 7659.56 
11457.55 7643.57 
11507.58 7628.02 
11557.61 7616.34 
11607.63 7608.82 
11657.66 7597.98 
11707.69 7583.24 
11757.72 7567.79 
11807.75 7552.01 
11857.78 7541.68 
11907.81 7531.27 
11957.83 7518.33 
12007.86 7505.39 
12057.89 7486.99 
12107.92 7464.85 
12157.95 7448.16 
12207.98 7432.79 
12258.01 7422.25 
12308.03 7409.50 
12358.06 7396.75 
12408.09 7388.28 
12458.12 7383.98 
12508.15 7380.49 
12558.18 7376.56 
12608.20 7372.49 
12658.23 7368.80 
12708.26 7365.35 
12758.29 7362.79 
12808.32 7360.76 
12858.35 7360.05 
12908.38 7358.11 
12958.40 7355.53 
13008.43 7352.94 
13058.46 7351.22 
13108.49 7349.55 
13158.52 7349.27 
13208.55 7349.27 
13258.58 7349.27 
13308.60 7349.27 
13358.63 7351.79 
13408.66 7359.17 
13458.69 7366.59 
13508.72 7374.08 
13558.75 7381.58 
13608.78 7394.85 
13658.80 7407.10 
13708.83 7417.25 
13758.86 7428.76 
13808.89 7442.18 
13858.92 7455.30 
13908.95 7467.11 
13958.98 7478.67 
14009.00 7487.58 
14059.03 7498.49 
14109.06 7504.55 
14159.09 7508.58 
14209.12 7511.08 
14259.15 7511.83 
14309.17 7511.83 
14359.20 7511.83 
14409.23 7507.29 
14459.26 7501.82 
14509.29 7495.04 
14559.32 7495.94 
14609.35 7517.61 
14659.37 7533.07 
14709.40 7536.35 
14759.43 7550.55 
14809.46 7560.22 
14859.49 7568.76 
14909.52 7577.70 
14959.55 7587.13 
15009.57 7595.63 
15059.60 7599.88 
15109.63 7603.09 
15159.66 7604.73 
15209.69 7605.14 
15259.72 7608.10 
15309.75 7613.09 
15359.77 7617.34 
15409.80 7621.53 
15459.83 7625.59 
15509.86 7627.25 
15559.89 7626.01 
15609.92 7623.58 
15659.95 7621.59 
15709.97 7618.73 
15760.00 7614.57 
15810.03 7611.45 
15860.06 7608.95 
15910.09 7605.42 
15960.12 7601.63 
16010.14 7597.93 
16060.17 7594.21 
16110.20 7590.37 
16160.23 7587.23 
16210.26 7583.36 
16260.29 7576.36 
16310.32 7566.05 
16360.34 7556.29 
16410.37 7550.12 
16460.40 7552.89 
16510.43 7554.73 
16560.46 7556.62 
16610.49 7556.44 
16660.52 7551.28 
16710.54 7548.05 
16760.57 7544.73 
16810.60 7542.62 
16860.63 7548.45 
16910.66 7552.56 
16960.69 7555.23 
17010.72 7561.13 
17060.74 7565.02 
17110.77 7570.94 
17160.80 7565.32 
17210.83 7558.09 
17260.86 7563.43 
17310.89 7564.68 
17360.92 7565.63 
17410.94 7566.08 
17460.97 7568.09 
17511.00 7573.06 
17561.03 7575.96 
17611.06 7577.48 
17661.09 7578.67 
17711.11 7578.12 
17761.14 7577.32 
17811.17 7574.15 
17861.20 7571.67 
17911.23 7575.38 
17961.26 7575.96 
18011.29 7575.96 
18061.31 7578.06 
18111.34 7581.85 
18161.37 7585.79 
18211.40 7586.81 
18261.43 7587.09 
18311.46 7587.72 
18361.49 7580.92 
18411.51 7570.33 
18461.54 7581.31 
18511.57 7597.61 
18561.60 7601.80 
18611.63 7604.10 
18661.66 7610.78 
18711.69 7624.66 
18761.71 7635.07 
18811.74 7644.42 
18861.77 7651.95 
18911.80 7655.89 
18961.83 7652.74 
19011.86 7649.29 
19061.89 7646.44 
19111.91 7646.44 
19161.94 7648.44 
19211.97 7657.95 
19262.00 7669.52 
19312.03 7678.39 
19362.06 7685.56 
19412.08 7690.86 
19462.11 7693.27 
19512.14 7696.76 
19562.17 7703.03 
19612.20 7704.54 
19662.23 7707.87 
19712.26 7710.39 
19762.28 7712.70 
19812.31 7725.24 
19862.34 7731.26 
19912.37 7740.78 
19962.40 7747.01 
20012.43 7752.64 
20062.46 7759.24 
20112.48 7760.28 
20162.51 7769.04 
20212.54 7772.45 
20262.57 7775.46 
20312.60 7781.19 
20362.63 7780.97 
20412.66 7777.83 
20462.68 7775.13 
20512.71 7768.71 
20562.74 7760.71 
20612.77 7763.34 
20662.80 7765.38 
20712.83 7764.26 
20762.86 7770.32 
20812.88 7765.65 
20862.91 7761.81 
20912.94 7761.81 
20962.97 7769.82 
21013.00 7779.95 
21063.03 7786.96 
21113.05 7788.95 
21163.08 7791.95 
21213.11 7795.42 
21263.14 7802.85 
21313.17 7819.29 
21363.20 7833.84 
21413.23 7839.99 
21463.25 7852.84 
21513.28 7862.75 
21563.31 7869.52 
21613.34 7874.12 
21663.37 7876.85 
21713.40 7886.55 
21763.43 7886.99 
21813.45 7890.90 
21863.48 7895.03 
21913.51 7896.18 
21963.54 7897.85 
22013.57 7900.03 
22063.60 7898.97 
22113.63 7899.82 
22163.65 7900.03 
22213.68 7900.03 
22263.71 7902.86 
22313.74 7912.43 
22363.77 7918.33 
22413.80 7921.06 
22463.83 7924.73 
22513.85 7930.79 
22563.88 7929.55 
22613.91 7926.21 
22663.94 7921.85 
22713.97 7913.52 
22764.00 7917.91 
22814.02 7921.03 
22864.05 7914.40 
22914.08 7915.72 
22964.11 7920.30 
23014.14 7925.59 
23064.17 7924.08 
23114.20 7922.81 
23164.22 7931.28 
23214.25 7926.15 
23264.28 7929.11 
23314.31 7934.27 
23364.34 7936.19 
23414.37 7931.41 
23464.40 7923.96 
23514.42 7923.35 
23564.45 7927.77 
23614.48 7932.95 
23664.51 7935.56 
23714.54 7938.85 
23764.57 7946.30 
23814.60 7956.23 
23864.62 7961.75 
23914.65 7963.88 
23964.68 7966.89 
24014.71 7970.20 
24064.74 7971.96 
24114.77 7973.08 
24164.80 7974.24 
24214.82 7975.71 
24264.85 7977.25 
24314.88 7979.29 
24364.91 7982.24 
24414.94 7988.29 
24464.97 7997.07 
24514.99 8005.32 
24565.02 8005.98 
24615.05 7999.23 
24665.08 7999.23 
24715.11 7996.10 
24765.14 7992.70 
24815.17 7990.56 
24865.19 7990.52 
24915.22 7990.53 
24965.25 7991.24 
25015.28 7984.95 
25065.31 7975.64 
25115.34 7968.47 
25165.37 7965.19 
25215.39 7971.19 
25265.42 7973.97 
25315.45 7976.69 
25365.48 7978.29 
25415.51 7979.03 
25465.54 7986.77 
25515.57 8001.63 
25565.59 8003.48 
25615.62 7997.70 
25665.65 7996.70 
25715.68 7994.99 
25765.71 7993.43 
25815.74 7993.43 
25865.77 7995.00 
25915.79 8002.45 
25965.82 8011.04 
26015.85 8016.33 
26065.88 8017.67 
26115.91 8022.45 
26165.94 8027.00 
26215.96 8030.57 
26265.99 8035.80 
26316.02 8044.69 
26366.05 8067.83 
26416.08 8078.27 
26466.11 8088.05 
26516.14 8090.27 
26566.16 8095.61 
26616.19 8106.08 
26666.22 8112.94 
26716.25 8116.60 
26766.28 8126.21 
26816.31 8136.92 
26866.34 8149.13 
26916.36 8162.83 
26966.39 8178.66 
27016.42 8195.89 
27066.45 8198.87 
27116.48 8201.03 
27166.51 8207.07 
27216.54 8218.58 
27266.56 8234.02 
27316.59 8247.33 
27366.62 8258.53 
27416.65 8269.46 
27466.68 8280.29 
27516.71 8293.76 
27566.73 8307.08 
27616.76 8316.90 
27666.79 8324.68 
27716.82 8330.58 
27766.85 8345.05 
27816.88 8363.88 
27866.91 8377.49 
27916.93 8388.43 
27966.96 8399.66 
28016.99 8411.02 
28067.02 8422.16 
28117.05 8433.20 
28167.08 8444.25 
28217.11 8455.36 
28267.13 8466.46 
28317.16 8475.61 
28367.19 8484.43 
28417.22 8492.15 
28467.25 8499.34 
28517.28 8504.98 
28567.31 8509.59 
28617.33 8510.63 
28667.36 8513.93 
28717.39 8517.96 
28767.42 8526.05 
28817.45 8533.21 
28867.48 8539.45 
28917.51 8539.20 
28967.53 8538.49 
29017.56 8541.49 
29067.59 8546.61 
29117.62 8554.09 
29167.65 8569.08 
29217.68 8582.99 
29267.70 8596.37 
29317.73 8611.18 
29367.76 8632.15 
29417.79 8640.89 
29467.82 8641.11 
29517.85 8642.45 
29567.88 8646.45 
29617.90 8653.79 
29667.93 8664.78 
29717.96 8671.99 
29767.99 8675.37 
29818.02 8673.70 
29868.05 8673.01 
29918.08 8673.01 
29968.10 8674.07 
30018.13 8676.49 
30068.16 8682.11 
30118.19 8689.73 
30168.22 8695.53 
30218.25 8702.67 
30268.28 8705.77 
30318.30 8706.65 
30368.33 8706.65 
30418.36 8706.65 
30468.39 8706.32 
30518.42 8705.49 
30568.45 8703.78 
30618.48 8703.12 
30668.50 8706.65 
30718.53 8706.65 
30768.56 8708.18 
30818.59 8706.97 
30868.62 8704.47 
30918.65 8702.04 
30968.67 8701.38 
31018.70 8700.73 
31068.73 8702.76 
31118.76 8708.78 
31168.79 8721.17 
31218.82 8728.16 
31268.85 8733.38 
31318.87 8739.46 
31368.90 8746.18 
31418.93 8752.18 
31468.96 8753.35 
31518.99 8754.26 
31569.02 8755.45 
31619.05 8741.27 
31669.07 8714.16 
31719.10 8699.00 
31769.13 8696.58 
31819.16 8693.43 
31869.19 8684.24 
31919.22 8676.35 
31969.25 8656.58 
32019.27 8632.17 
32069.30 8616.46 
32119.33 8608.31 
32169.36 8604.02 
32219.39 8604.02 
32269.42 8604.79 
32319.45 8608.95 
32369.47 8613.12 
32419.50 8616.97 
32469.53 8621.86 
32519.56 8630.19 
32569.59 8627.63 
32619.62 8615.73 
32669.64 8603.85 
32719.67 8593.14 
32769.70 8588.40 
32819.73 8595.54 
32869.76 8598.02 
32919.79 8598.02 
32969.82 8589.19 
33019.84 8586.01 
33069.87 8586.01 
33119.90 8586.01 
33169.93 8586.01 
33219.96 8586.01 
33269.99 8585.45 
33320.02 8583.18 
33370.04 8580.91 
33420.07 8580.01 
33470.10 8580.78 
33520.13 8583.56 
33570.16 8585.64 
33620.19 8582.52 
33670.22 8581.14 
33720.24 8586.90 
33770.27 8585.61 
33820.30 8580.26 
33870.33 8593.61 
33920.36 8605.85 
33970.39 8612.57 
34020.42 8619.30 
34070.44 8624.45 
34120.47 8620.50 
34170.50 8616.56 
34220.53 8620.84 
34270.56 8626.39 
34320.59 8634.51 
34370.61 8643.72 
34420.64 8650.71 
34470.67 8654.66 
34520.70 8657.83 
34570.73 8656.27 
34620.76 8655.05 
34670.79 8655.05 
34720.81 8648.49 
34770.84 8638.50 
34820.87 8635.62 
34870.90 8634.73 
34920.93 8648.06 
34970.96 8664.31 
35020.99 8688.48 
35071.01 8696.83 
35121.04 8708.22 
35171.07 8720.54 
35221.10 8729.42 
35271.13 8727.32 
35321.16 8717.39 
35371.19 8707.60 
35421.21 8697.99 
35471.24 8700.39 
35521.27 8712.15 
35571.30 8714.13 
35621.33 8714.95 
35671.36 8719.39 
35721.39 8723.82 
35771.41 8726.73 
35821.44 8729.41 
35871.47 8731.47 
35921.50 8734.09 
35971.53 8737.31 
36021.56 8741.32 
36071.58 8747.36 
36121.61 8755.25 
36171.64 8762.97 
36221.67 8766.84 
36271.70 8770.72 
36321.73 8776.13 
36371.76 8781.58 
36421.78 8787.23 
36471.81 8792.87 
36521.84 8798.17 
36571.87 8803.37 
36621.90 8808.49 
36671.93 8813.30 
36721.96 8818.05 
36771.98 8822.71 
36822.01 8827.50 
36872.04 8832.69 
36922.07 8837.61 
36972.10 8842.05 
37022.13 8849.10 
37072.16 8854.99 
37122.18 8858.48 
37172.21 8862.64 
37222.24 8864.20 
37272.27 8865.77 
37322.30 8867.98 
37372.33 8873.37 
37422.36 8879.81 
37472.38 8886.43 
37522.41 8895.56 
37572.44 8908.05 
37622.47 8915.54 
37672.50 8916.20 
37722.53 8911.20 
37772.55 8910.83 
37822.58 8919.58 
37872.61 8919.40 
37922.64 8918.59 
37972.67 8925.99 
38022.70 8933.34 
38072.73 8940.15 
38122.75 8945.77 
38172.78 8950.39 
38222.81 8955.26 
38272.84 8960.26 
38322.87 8963.62 
38372.90 8965.47 
38422.93 8969.75 
38472.95 8975.58 
38522.98 8985.89 
38573.01 9000.89 
38623.04 9015.63 
38673.07 9030.28 
38723.10 9045.58 
38773.13 9061.20 
38823.15 9067.92 
38873.18 9074.58 
38923.21 9083.86 
38973.24 9093.14 
39023.27 9103.58 
39073.30 9114.70 
39123.33 9125.22 
39173.35 9135.74 
39223.38 9146.85 
39273.41 9158.56 
39323.44 9169.94 
39373.47 9180.16 
39423.50 9182.82 
39473.52 9181.78 
39523.55 9181.75 
39573.58 9181.75 
39623.61 9185.21 
39673.64 9193.28 
39723.67 9201.26 
39773.70 9208.99 
39823.72 9216.73 
39873.75 9223.83 
39923.78 9229.18 
39973.81 9234.53 
40023.84 9239.06 
40073.87 9241.62 
40123.90 9244.18 
40173.92 9246.89 
40223.95 9249.73 
40273.98 9252.57 
40324.01 9254.96 
40374.04 9256.75 
40424.07 9256.64 
40474.10 9254.22 
40524.12 9251.09 
40574.15 9245.92 
40624.18 9241.17 
40674.21 9238.05 
40724.24 9234.92 
40774.27 9229.13 
40824.30 9223.18 
40874.32 9217.23 
40924.35 9217.09 
40974.38 9217.59 
41024.41 9225.09 
41074.44 9235.85 
41124.47 9248.35 
41174.49 9259.63 
41224.52 9269.86 
41274.55 9277.61 
41324.58 9282.93 
41374.61 9273.57 
41424.64 9266.22 
41474.67 9261.29 
41524.69 9257.73 
41574.72 9257.73 
41624.75 9255.72 
41674.78 9252.84 
41724.81 9247.67 
41774.84 9242.12 
41824.87 9239.67 
41874.89 9238.29 
41924.92 9238.29 
41974.95 9239.00 
42024.98 9240.47 
42075.01 9246.42 
42125.04 9260.05 
42175.07 9278.00 
42225.09 9294.06 
42275.12 9312.21 
42325.15 9333.45 
42375.18 9361.14 
42425.21 9384.29 
42475.24 9405.61 
42525.27 9427.55 
42575.29 9450.87 
42625.32 9474.04 
42675.35 9496.53 
42725.38 9518.52 
42775.41 9533.84 
42825.44 9549.15 
42875.46 9567.80 
42925.49 9586.91 
42975.52 9603.54 
43025.55 9617.42 
43075.58 9631.31 
43125.61 9645.77 
43175.64 9660.28 
43225.66 9673.05 
43275.69 9685.18 
43325.72 9696.86 
43375.75 9707.24 
43425.78 9717.61 
43475.81 9726.98 
43525.84 9735.95 
43575.86 9744.92 
43625.89 9753.89 
43675.92 9762.86 
43725.95 9771.83 
43775.98 9781.20 
43826.01 9790.57 
43876.04 9799.95 
43926.06 9809.32 
43976.09 9818.13 
44026.12 9825.63 
44076.15 9833.12 
44126.18 9840.62 
44176.21 9848.12 
44226.24 9854.49 
44276.26 9860.74 
44326.29 9866.99 
44376.32 9873.24 
44426.35 9880.07 
44476.38 9887.07 
44526.41 9894.07 
44576.43 9901.65 
44626.46 9913.49 
44676.49 9925.33 
44726.52 9937.38 
44776.55 9949.88 
44826.58 9962.37 
44876.61 9974.87 
44926.63 9988.09 
44976.66 10001.47 
45026.69 10014.86 
45076.72 10028.25 
45126.75 10039.91 
45176.78 10050.84 
45226.81 10061.78 
45276.83 10072.71 
45326.86 10083.63 
45376.89 10093.79 
45426.92 10103.94 
45476.95 10114.09 
45526.98 10124.24 
45577.01 10134.85 
45627.03 10146.45 
45677.06 10158.06 
45727.09 10169.66 
45777.12 10181.81 
45827.15 10196.09 
45877.18 10210.37 
45927.21 10224.65 
45977.23 10238.30 
46027.26 10246.16 
46077.29 10254.01 
46127.32 10261.86 
46177.35 10269.72 
46227.38 10277.57 
46277.40 10286.08 
46327.43 10294.61 
46377.46 10303.15 
46427.49 10311.68 
46477.52 10320.21 
46527.55 10328.75 
46577.58 10335.87 
46627.60 10342.92 
46677.63 10349.97 
46727.66 10357.02 
46777.69 10364.07 
46827.72 10371.90 
46877.75 10382.42 
46927.78 10392.94 
46977.80 10403.46 
47027.83 10413.99 
47077.86 10424.51 
47127.89 10433.60 
47177.92 10441.93 
47227.95 10450.26 
47277.98 10458.59 
47328.00 10465.63 
47378.03 10472.08 
47428.06 10478.53 
47478.09 10484.97 
47528.12 10492.18 
47578.15 10504.02 
47628.18 10515.86 
47678.20 10522.41 
47728.23 10519.28 
47778.26 10516.15 
47828.29 10511.39 
47878.32 10506.63 
47928.35 10501.87 
47978.37 10495.74 
48028.40 10489.49 
48078.43 10483.24 
48128.46 10476.99 
48178.49 10469.40 
48228.52 10461.51 
48278.55 10453.62 
48328.57 10445.73 
48378.60 10437.84 
48428.63 10429.51 
48478.66 10419.84 
48528.69 10410.17 
48578.72 10400.49 
48628.75 10390.82 
