0	9418.51
12.49	9418.51
24.99	9418.51
37.48	9418.51
49.98	9418.51
62.47	9410.98
74.96	9403.46
87.46	9403.46
99.95	9403.46
112.44	9403.46
124.94	9403.46
137.43	9403.46
149.93	9403.46
162.42	9403.46
174.91	9395.93
187.41	9388.41
199.9	9388.41
212.4	9388.41
224.89	9380.88
237.38	9373.35
249.88	9373.35
262.37	9373.35
274.87	9373.35
287.36	9373.35
299.85	9373.35
312.35	9373.35
324.84	9373.35
337.33	9373.35
349.83	9373.35
362.32	9373.35
374.82	9373.35
387.31	9373.35
399.8	9373.35
412.3	9373.35
424.79	9365.83
437.29	9358.3
449.78	9358.3
462.27	9358.3
474.77	9355.29
487.26	9352.28
499.75	9349.27
512.25	9346.26
524.74	9343.25
537.24	9343.25
549.73	9343.25
562.22	9343.25
574.72	9343.25
587.21	9343.25
599.71	9343.25
612.2	9343.25
624.69	9343.25
637.19	9343.25
649.68	9339.49
662.18	9335.72
674.67	9331.96
687.16	9328.2
699.66	9328.2
712.15	9328.2
724.64	9328.2
737.14	9328.2
749.63	9328.2
762.13	9320.67
774.62	9313.14
787.11	9313.14
799.61	9313.14
812.1	9313.14
824.6	9313.14
837.09	9313.14
849.58	9309.38
862.08	9305.62
874.57	9301.85
887.06	9298.09
899.56	9298.09
912.05	9298.09
924.55	9298.09
937.04	9298.09
949.53	9298.09
962.03	9298.09
974.52	9298.09
987.02	9298.09
999.51	9298.09
1012	9298.09
1024.5	9298.09
1036.99	9298.09
1049.49	9298.09
1061.98	9298.09
1074.47	9298.09
1086.97	9298.09
1099.46	9298.09
1111.95	9298.09
1124.45	9298.09
1136.94	9298.09
1149.44	9293.07
1161.93	9288.06
1174.42	9283.04
1186.92	9283.04
1199.41	9283.04
1211.91	9283.04
1224.4	9283.04
1236.89	9283.04
1249.39	9283.04
1261.88	9283.04
1274.37	9283.04
1286.87	9283.04
1299.36	9283.04
1311.86	9283.04
1324.35	9283.04
1336.84	9283.04
1349.34	9283.04
1361.83	9283.04
1374.33	9275.51
1386.82	9267.99
1399.31	9267.99
1411.81	9267.99
1424.3	9267.99
1436.8	9267.99
1449.29	9267.99
1461.79	9267.99
1474.28	9267.99
1486.78	9267.99
1499.27	9267.99
1511.77	9267.99
1524.26	9267.99
1536.75	9267.99
1549.25	9267.99
1561.74	9267.99
1574.24	9267.99
1586.73	9267.99
1599.23	9267.99
1611.72	9267.99
1624.22	9267.99
1636.71	9267.99
1649.21	9267.99
1661.7	9267.99
1674.2	9267.99
1686.69	9267.99
1699.19	9267.99
1711.68	9267.99
1724.18	9267.99
1736.67	9267.99
1749.17	9267.99
1761.66	9267.99
1774.16	9267.99
1786.65	9267.99
1799.14	9267.99
1811.64	9267.99
1824.13	9267.99
1836.63	9267.99
1849.12	9267.99
1861.62	9267.99
1874.11	9267.99
1886.61	9267.99
1899.1	9267.99
1911.6	9267.99
1924.09	9267.99
1936.59	9267.99
1949.08	9267.99
1961.58	9267.99
1974.07	9267.99
1986.57	9267.99
1999.06	9267.99
2011.56	9267.99
2024.05	9267.99
2036.55	9267.99
2049.04	9267.99
2061.54	9267.99
2074.03	9267.99
2086.53	9267.99
2099.02	9267.99
2111.52	9267.99
2124.01	9267.99
2136.5	9267.99
2149	9267.99
2161.49	9267.99
2173.99	9267.99
2186.48	9267.99
2198.98	9267.99
2211.47	9267.99
2223.97	9267.99
2236.46	9267.99
2248.96	9267.99
2261.45	9267.99
2273.95	9267.99
2286.44	9267.99
2298.94	9267.99
2311.43	9267.99
2323.93	9267.99
2336.42	9267.99
2348.92	9267.99
2361.41	9267.99
2373.91	9267.99
2386.4	9267.99
2398.9	9267.99
2411.39	9267.99
2423.89	9267.99
2436.38	9267.99
2448.88	9267.99
2461.37	9267.99
2473.87	9267.99
2486.36	9267.99
2498.86	9267.99
2511.35	9267.99
2523.84	9267.99
2536.34	9267.99
2548.83	9267.99
2561.33	9267.99
2573.82	9267.99
2586.32	9267.99
2598.81	9267.99
2611.31	9267.99
2623.8	9267.99
2636.3	9267.99
2648.79	9267.99
2661.29	9267.99
2673.78	9267.99
2686.28	9267.99
2698.77	9267.99
2711.27	9267.99
2723.76	9267.99
2736.26	9267.99
2748.75	9267.99
2761.25	9267.99
2773.74	9267.99
2786.24	9267.99
2798.73	9267.99
2811.23	9267.99
2823.72	9267.99
2836.22	9267.99
2848.71	9267.99
2861.21	9267.99
2873.7	9267.99
2886.2	9267.99
2898.69	9267.99
2911.19	9267.99
2923.68	9267.99
2936.18	9267.99
2948.67	9267.99
2961.16	9267.99
2973.66	9267.99
2986.15	9267.99
2998.65	9267.99
3011.14	9267.99
3023.64	9267.99
3036.13	9267.99
3048.63	9267.99
3061.12	9267.99
3073.62	9267.99
3086.11	9267.99
3098.61	9267.99
3111.1	9267.99
3123.6	9267.99
3136.09	9267.99
3148.59	9267.99
3161.08	9267.99
3173.58	9267.99
3186.07	9267.99
3198.57	9271
3211.06	9274.01
3223.56	9277.02
3236.05	9280.03
3248.55	9283.04
3261.04	9283.04
3273.54	9283.04
3286.03	9283.04
3298.53	9283.04
3311.02	9283.04
3323.52	9283.04
3336.01	9283.04
3348.51	9283.04
3361	9283.04
3373.5	9283.04
3385.99	9283.04
3398.49	9283.04
3410.98	9283.04
3423.48	9283.04
3435.97	9283.04
3448.46	9283.04
3460.96	9283.04
3473.45	9283.04
3485.95	9283.04
3498.44	9283.04
3510.94	9283.04
3523.43	9283.04
3535.93	9290.57
3548.42	9298.09
3560.92	9298.09
3573.41	9298.09
3585.91	9298.09
3598.4	9298.09
3610.9	9298.09
3623.39	9298.09
3635.89	9298.09
3648.38	9298.09
3660.88	9298.09
3673.37	9298.09
3685.87	9298.09
3698.36	9298.09
3710.86	9298.09
3723.35	9298.09
3735.85	9301.1
3748.34	9304.11
3760.84	9307.12
3773.33	9310.13
3785.83	9313.14
3798.32	9313.14
3810.82	9313.14
3823.31	9313.14
3835.81	9313.14
3848.3	9313.14
3860.8	9313.14
3873.29	9313.14
3885.79	9313.14
3898.28	9313.14
3910.78	9313.14
3923.27	9313.14
3935.77	9313.14
3948.26	9313.14
3960.76	9313.14
3973.25	9313.14
3985.74	9316.15
3998.24	9319.17
4010.73	9322.17
4023.23	9325.19
4035.72	9328.2
4048.22	9328.2
4060.71	9328.2
4073.21	9328.2
4085.7	9328.2
4098.2	9328.2
4110.69	9328.2
4123.19	9328.2
4135.68	9328.2
4148.18	9328.2
4160.67	9335.72
4173.17	9343.25
4185.66	9343.25
4198.16	9343.25
4210.65	9343.25
4223.15	9343.25
4235.64	9343.25
4248.14	9343.25
4260.63	9343.25
4273.13	9343.25
4285.62	9343.25
4298.12	9343.25
4310.61	9343.25
4323.11	9343.25
4335.6	9343.25
4348.1	9343.25
4360.59	9343.25
4373.09	9343.25
4385.58	9343.25
4398.08	9343.25
4410.57	9343.25
4423.07	9343.25
4435.56	9346.26
4448.06	9349.27
4460.55	9352.28
4473.05	9355.29
4485.54	9358.3
4498.04	9358.3
4510.53	9358.3
4523.03	9358.3
4535.52	9358.3
4548.01	9365.83
4560.51	9373.35
4573	9373.35
4585.5	9373.35
4597.99	9373.35
4610.49	9373.35
4622.98	9373.35
4635.48	9373.35
4647.97	9373.35
4660.47	9380.88
4672.96	9388.41
4685.46	9388.41
4697.95	9388.41
4710.45	9388.41
4722.94	9388.41
4735.44	9388.41
4747.93	9388.41
4760.43	9388.41
4772.92	9388.41
4785.42	9388.41
4797.91	9388.41
4810.41	9388.41
4822.9	9388.41
4835.4	9388.41
4847.89	9388.41
4860.39	9388.41
4872.88	9388.41
4885.38	9388.41
4897.87	9388.41
4910.37	9393.42
4922.86	9398.44
4935.36	9403.46
4947.85	9403.46
4960.35	9403.46
4972.84	9403.46
4985.34	9403.46
4997.83	9410.98
5010.33	9418.51
5022.82	9418.51
5035.32	9418.51
5047.81	9418.51
5060.31	9418.51
5072.8	9418.51
5085.3	9418.51
5097.8	9418.51
5110.29	9418.51
5122.79	9418.51
5135.28	9423.53
5147.78	9428.55
5160.27	9433.56
5172.77	9433.56
5185.26	9433.56
5197.76	9437.33
5210.26	9441.09
5222.75	9444.85
5235.25	9448.62
5247.74	9453.63
5260.24	9458.65
5272.73	9463.67
5285.23	9463.67
5297.72	9463.67
5310.22	9463.67
5322.72	9463.67
5335.21	9466.68
5347.71	9469.69
5360.2	9472.7
5372.7	9475.71
5385.19	9478.72
5397.69	9478.72
5410.19	9478.72
5422.68	9478.72
5435.18	9478.72
5447.67	9486.25
5460.17	9493.77
5472.66	9493.77
5485.16	9493.77
5497.66	9493.77
5510.15	9493.77
5522.65	9493.77
5535.14	9500.55
5547.64	9507.32
5560.13	9507.32
5572.63	9507.32
5585.13	9507.32
5597.62	9507.32
5610.12	9507.32
5622.61	9507.32
5635.11	9507.32
5647.6	9507.32
5660.1	9507.32
5672.6	9514.85
5685.09	9522.37
5697.59	9522.37
5710.08	9522.37
5722.58	9522.37
5735.08	9522.37
5747.57	9522.37
5760.07	9529.9
5772.56	9537.42
5785.06	9537.42
5797.55	9537.42
5810.05	9537.42
5822.55	9537.42
5835.04	9537.42
5847.54	9537.42
5860.03	9537.42
5872.53	9537.42
5885.03	9537.42
5897.52	9544.95
5910.02	9552.48
5922.51	9552.48
5935.01	9552.48
5947.5	9552.48
5960	9552.48
5972.5	9552.48
5984.99	9560
5997.49	9567.53
6009.98	9567.53
6022.48	9567.53
6034.98	9567.53
6047.47	9567.53
6059.97	9567.53
6072.46	9567.53
6084.96	9567.53
6097.46	9575.06
6109.95	9582.58
6122.45	9582.58
6134.95	9582.58
6147.44	9582.58
6159.94	9582.58
6172.44	9582.58
6184.94	9582.58
6197.43	9582.58
6209.93	9582.58
6222.43	9582.58
6234.93	9582.58
6247.42	9582.58
6259.92	9582.58
6272.42	9582.58
6284.92	9582.58
6297.41	9582.58
6309.91	9582.58
6322.41	9590.11
6334.91	9597.63
6347.4	9597.63
6359.9	9597.63
6372.4	9597.63
6384.89	9597.63
6397.39	9597.63
6409.89	9597.63
6422.39	9597.63
6434.88	9597.63
6447.38	9597.63
6459.88	9605.16
6472.38	9612.69
6484.87	9612.69
6497.37	9612.69
6509.87	9617.7
6522.37	9622.72
6534.86	9627.74
6547.36	9627.74
6559.86	9627.74
6572.36	9627.74
6584.85	9627.74
6597.35	9627.74
6609.85	9627.74
6622.35	9627.74
6634.84	9627.74
6647.34	9627.74
6659.84	9627.74
6672.34	9627.74
6684.83	9627.74
6697.33	9627.74
6709.83	9635.26
6722.33	9642.79
6734.82	9642.79
6747.32	9642.79
6759.82	9642.79
6772.31	9642.79
6784.81	9642.79
6797.31	9642.79
6809.81	9642.79
6822.3	9650.32
6834.8	9657.84
6847.3	9657.84
6859.8	9657.84
6872.29	9657.84
6884.79	9657.84
6897.29	9657.84
6909.79	9657.84
6922.28	9657.84
6934.78	9657.84
6947.28	9657.84
6959.78	9657.84
6972.27	9657.84
6984.77	9657.84
6997.27	9657.84
7009.77	9657.84
7022.26	9665.37
7034.76	9672.9
7047.26	9672.9
7059.76	9672.9
7072.25	9672.9
7084.75	9672.9
7097.25	9677.91
7109.75	9682.93
7122.24	9687.95
7134.74	9687.95
7147.24	9687.95
7159.74	9687.95
7172.23	9687.95
7184.73	9687.95
7197.23	9687.95
7209.73	9687.95
7222.22	9687.95
7234.72	9687.95
7247.22	9695.47
7259.71	9703
7272.21	9703
7284.71	9703
7297.21	9703
7309.7	9703
7322.2	9703
7334.7	9703
7347.2	9703
7359.69	9710.53
7372.19	9718.05
7384.69	9725.58
7397.19	9733.1
7409.68	9733.1
7422.18	9733.1
7434.68	9733.1
7447.18	9733.1
7459.67	9733.1
7472.17	9733.1
7484.67	9733.1
7497.17	9740.63
7509.66	9748.16
7522.16	9753.17
7534.66	9758.19
7547.16	9763.21
7559.65	9763.21
7572.15	9763.21
7584.65	9770.74
7597.15	9778.26
7609.64	9778.26
7622.14	9778.26
7634.64	9778.26
7647.14	9778.26
7659.63	9778.26
7672.13	9778.26
7684.63	9778.26
7697.13	9785.04
7709.62	9791.81
7722.12	9791.81
7734.62	9791.81
7747.12	9799.33
7759.61	9806.86
7772.11	9806.86
7784.61	9806.86
7797.11	9806.86
7809.6	9806.86
7822.1	9806.86
7834.6	9806.86
7847.09	9806.86
7859.59	9806.86
7872.09	9806.86
7884.59	9811.88
7897.08	9816.9
7909.58	9821.91
7922.08	9821.91
7934.58	9821.91
7947.07	9821.91
7959.57	9821.91
7972.07	9829.44
7984.57	9836.97
7997.06	9836.97
8009.56	9836.97
8022.06	9836.97
8034.56	9836.97
8047.05	9836.97
8059.55	9844.49
8072.05	9852.02
8084.55	9852.02
8097.04	9852.02
8109.54	9852.02
8122.04	9852.02
8134.54	9852.02
8147.03	9852.02
8159.53	9852.02
8172.03	9852.02
8184.53	9852.02
8197.02	9852.02
8209.52	9852.02
8222.02	9857.04
8234.52	9862.05
8247.01	9867.07
8259.51	9867.07
8272.01	9867.07
8284.51	9867.07
8297	9867.07
8309.5	9867.07
8322	9867.07
8334.5	9867.07
8346.99	9867.07
8359.49	9867.07
8371.99	9867.07
8384.49	9867.07
8396.98	9874.6
8409.48	9882.12
8421.98	9882.12
8434.48	9882.12
8446.97	9882.12
8459.47	9882.12
8471.97	9882.12
8484.46	9882.12
8496.96	9882.12
8509.46	9882.12
8521.96	9882.12
8534.45	9882.12
8546.95	9882.12
8559.45	9882.12
8571.95	9882.12
8584.44	9882.12
8596.94	9882.12
8609.44	9882.12
8621.94	9882.12
8634.43	9882.12
8646.93	9882.12
8659.43	9882.12
8671.93	9882.12
8684.42	9882.12
8696.92	9882.12
8709.42	9882.12
8721.92	9882.12
8734.41	9882.12
8746.91	9882.12
8759.41	9882.12
8771.91	9882.12
8784.4	9882.12
8796.89	9882.12
8809.38	9882.12
8821.87	9882.12
8834.36	9882.12
8846.85	9882.12
8859.35	9882.12
8871.84	9882.12
8884.33	9882.12
8896.82	9882.12
8909.31	9882.12
8921.8	9882.12
8934.29	9882.12
8946.79	9882.12
8959.28	9882.12
8971.77	9882.12
8984.26	9882.12
8996.75	9882.12
9009.24	9882.12
9021.73	9882.12
9034.23	9882.12
9046.72	9882.12
9059.21	9882.12
9071.7	9874.6
9084.19	9867.07
9096.68	9867.07
9109.17	9867.07
9121.67	9867.07
9134.16	9867.07
9146.65	9867.07
9159.14	9867.07
9171.63	9867.07
9184.12	9867.07
9196.61	9867.07
9209.1	9867.07
9221.6	9867.07
9234.09	9867.07
9246.58	9867.07
9259.07	9862.05
9271.56	9857.04
9284.05	9852.02
9296.54	9852.02
9309.04	9852.02
9321.53	9852.02
9334.02	9852.02
9346.51	9844.49
9359	9836.97
9371.49	9836.97
9383.98	9836.97
9396.48	9836.97
9408.97	9836.97
9421.46	9836.97
9433.95	9829.44
9446.44	9821.91
9458.93	9821.91
9471.42	9821.91
9483.92	9821.91
9496.41	9821.91
9508.9	9821.91
9521.39	9821.91
9533.88	9821.91
9546.37	9821.91
9558.86	9821.91
9571.36	9821.91
9583.85	9821.91
9596.34	9821.91
9608.83	9821.91
9621.33	9821.91
9633.82	9821.91
9646.32	9821.91
9658.81	9821.91
9671.3	9821.91
9683.8	9821.91
9696.29	9821.91
9708.79	9818.9
9721.28	9815.89
9733.78	9812.88
9746.27	9809.87
9758.76	9806.86
9771.26	9806.86
9783.75	9806.86
9796.25	9799.33
9808.74	9791.81
9821.24	9791.81
9833.73	9791.81
9846.22	9791.81
9858.72	9791.81
9871.21	9791.81
9883.71	9791.81
9896.2	9791.81
9908.7	9791.81
9921.19	9791.81
9933.68	9791.81
9946.18	9791.81
9958.67	9791.81
9971.17	9791.81
9983.66	9791.81
9996.16	9791.81
10008.65	9791.81
10021.14	9791.81
10033.64	9791.81
10046.13	9787.29
10058.63	9782.78
10071.12	9778.26
10083.62	9778.26
10096.11	9778.26
10108.6	9778.26
10121.1	9778.26
10133.59	9778.26
10146.09	9778.26
10158.58	9773.25
10171.08	9768.23
10183.57	9763.21
10196.06	9763.21
10208.56	9763.21
10221.05	9763.21
10233.55	9763.21
10246.04	9763.21
10258.54	9763.21
10271.03	9763.21
10283.52	9763.21
10296.02	9763.21
10308.51	9755.68
10321.01	9748.16
10333.5	9748.16
10346	9748.16
10358.49	9748.16
10370.99	9748.16
10383.48	9748.16
10395.97	9748.16
10408.47	9748.16
10420.96	9748.16
10433.46	9748.16
10445.95	9748.16
10458.45	9748.16
10470.94	9748.16
10483.43	9748.16
10495.93	9748.16
10508.42	9748.16
10520.92	9748.16
10533.41	9748.16
10545.91	9748.16
10558.4	9740.63
10570.89	9733.1
10583.39	9733.1
10595.88	9733.1
10608.38	9733.1
10620.87	9733.1
10633.37	9733.1
10645.86	9733.1
10658.35	9733.1
10670.85	9725.58
10683.34	9718.05
10695.84	9718.05
10708.33	9718.05
10720.83	9718.05
10733.32	9718.05
10745.81	9718.05
10758.31	9718.05
10770.8	9718.05
10783.3	9718.05
10795.79	9718.05
10808.29	9718.05
10820.78	9718.05
10833.27	9718.05
10845.77	9718.05
10858.26	9718.05
10870.76	9718.05
10883.25	9718.05
10895.75	9718.05
10908.24	9718.05
10920.74	9718.05
10933.23	9718.05
10945.72	9713.04
10958.22	9708.02
10970.71	9703
10983.21	9703
10995.7	9703
11008.2	9703
11020.69	9703
11033.18	9703
11045.68	9703
11058.17	9703
11070.67	9703
11083.16	9703
11095.66	9695.47
11108.15	9687.95
11120.64	9687.95
11133.14	9687.95
11145.63	9687.95
11158.13	9687.95
11170.62	9687.95
11183.12	9687.95
11195.61	9687.95
11208.11	9680.42
11220.6	9672.9
11233.09	9672.9
11245.59	9672.9
11258.08	9672.9
11270.58	9672.9
11283.07	9672.9
11295.57	9672.9
11308.06	9672.9
11320.55	9672.9
11333.05	9672.9
11345.54	9672.9
11358.04	9672.9
11370.53	9672.9
11383.03	9672.9
11395.52	9665.37
11408.01	9657.84
11420.51	9657.84
11433	9657.84
11445.5	9657.84
11457.99	9657.84
11470.49	9657.84
11482.98	9657.84
11495.48	9657.84
11507.97	9650.32
11520.46	9642.79
11532.96	9642.79
11545.45	9642.79
11557.95	9642.79
11570.45	9642.79
11582.95	9642.79
11595.45	9642.79
11607.95	9642.79
11620.45	9642.79
11632.95	9642.79
11645.45	9642.79
11657.95	9642.79
11670.45	9642.79
11682.95	9642.79
11695.44	9642.79
11707.94	9639.03
11720.44	9635.26
11732.94	9631.5
11745.44	9627.74
11757.94	9627.74
11770.44	9627.74
11782.94	9627.74
11795.44	9627.74
11807.94	9627.74
11820.44	9627.74
11832.94	9627.74
11845.44	9627.74
11857.94	9627.74
11870.44	9627.74
11882.93	9627.74
11895.43	9627.74
11907.93	9627.74
11920.43	9627.74
11932.93	9627.74
11945.43	9627.74
11957.93	9627.74
11970.43	9627.74
11982.93	9626.48
11995.43	9625.23
12007.93	9623.98
12020.43	9622.72
12032.93	9621.47
12045.43	9620.21
12057.93	9618.96
12070.42	9617.7
12082.92	9616.45
12095.42	9615.19
12107.92	9613.94
12120.42	9612.69
12132.92	9612.69
12145.42	9612.69
12157.92	9610.54
12170.42	9608.39
12182.92	9606.24
12195.42	9604.08
12207.92	9601.93
12220.42	9599.78
12232.92	9597.63
12245.42	9595.12
12257.91	9592.62
12270.41	9590.11
12282.91	9587.6
12295.41	9585.09
12307.91	9582.58
12320.41	9582.58
12332.91	9582.58
12345.41	9582.58
12357.91	9582.58
12370.41	9582.58
12382.91	9582.58
12395.41	9582.58
12407.91	9580.91
12420.41	9579.24
12432.91	9577.56
12445.4	9575.89
12457.9	9574.22
12470.4	9572.55
12482.9	9570.87
12495.4	9569.2
12507.9	9567.53
12520.4	9567.53
12532.9	9567.53
12545.4	9567.53
12557.9	9567.53
12570.4	9567.53
12582.9	9567.53
12595.4	9567.53
12607.9	9567.53
12620.4	9567.53
12632.9	9567.53
12645.39	9567.53
12657.89	9567.53
12670.39	9567.53
12682.89	9567.53
12695.39	9566.53
12707.89	9565.52
12720.39	9564.52
12732.89	9563.51
12745.39	9562.51
12757.89	9561.51
12770.39	9560.5
12782.89	9559.5
12795.39	9558.5
12807.89	9557.49
12820.39	9556.49
12832.88	9555.49
12845.38	9554.48
12857.88	9553.48
12870.38	9552.48
12882.88	9552.48
12895.38	9552.48
12907.88	9552.48
12920.38	9552.48
12932.88	9552.48
12945.38	9552.48
12957.88	9552.48
12970.38	9550.8
12982.88	9549.13
12995.38	9547.46
13007.88	9545.79
13020.38	9544.11
13032.87	9542.44
13045.37	9540.77
13057.87	9539.1
13070.37	9537.42
13082.87	9537.42
13095.37	9537.42
13107.87	9537.42
13120.37	9537.42
13132.87	9537.42
13145.37	9537.42
13157.87	9537.42
13170.37	9537.42
13182.87	9537.42
13195.37	9537.42
13207.87	9537.42
13220.37	9537.42
13232.86	9537.42
13245.36	9537.42
13257.86	9537.42
13270.36	9537.42
13282.86	9537.42
13295.36	9537.42
13307.86	9537.42
13320.36	9537.42
13332.86	9529.9
13345.36	9522.37
13357.86	9522.37
13370.36	9522.37
13382.86	9522.37
13395.36	9522.37
13407.86	9522.37
13420.36	9522.37
13432.85	9522.37
13445.35	9522.37
13457.85	9522.37
13470.35	9522.37
13482.85	9522.37
13495.35	9522.37
13507.85	9522.37
13520.35	9522.37
13532.85	9522.37
13545.35	9522.37
13557.85	9522.37
13570.35	9522.37
13582.85	9522.37
13595.35	9522.37
13607.85	9522.37
13620.35	9519.86
13632.84	9517.35
13645.34	9514.85
13657.84	9512.34
13670.34	9509.83
13682.84	9507.32
13695.34	9507.32
13707.84	9507.32
13720.34	9507.32
13732.84	9507.32
13745.34	9507.32
13757.84	9507.32
13770.34	9507.32
13782.83	9507.32
13795.33	9507.32
13807.82	9507.32
13820.31	9507.32
13832.81	9507.32
13845.3	9507.32
13857.79	9507.32
13870.29	9507.32
13882.78	9507.32
13895.27	9507.32
13907.77	9507.32
13920.26	9507.32
13932.75	9507.32
13945.25	9507.32
13957.74	9507.32
13970.23	9507.32
13982.73	9507.32
13995.22	9507.32
14007.71	9507.32
14020.21	9507.32
14032.7	9507.32
14045.19	9507.32
14057.69	9507.32
14070.18	9507.32
14082.67	9507.32
14095.17	9507.32
14107.66	9507.32
14120.16	9507.32
14132.65	9507.32
14145.14	9507.32
14157.64	9507.32
14170.13	9507.32
14182.62	9507.32
14195.12	9507.32
14207.61	9507.32
14220.1	9507.32
14232.6	9507.32
14245.09	9507.32
14257.58	9507.32
14270.08	9507.32
14282.57	9507.32
14295.06	9507.32
14307.56	9507.32
14320.05	9507.32
14332.54	9507.32
14345.04	9507.32
14357.53	9507.32
14370.03	9507.32
14382.52	9507.32
14395.01	9507.32
14407.51	9507.32
14420	9507.32
14432.49	9507.32
14444.99	9507.32
14457.48	9507.32
14469.97	9507.32
14482.47	9507.32
14494.96	9507.32
14507.45	9507.32
14519.95	9507.32
14532.44	9507.32
14544.93	9507.32
14557.43	9507.32
14569.92	9507.32
14582.42	9507.32
14594.91	9507.32
14607.4	9507.32
14619.9	9507.32
14632.39	9507.32
14644.88	9507.32
14657.38	9507.32
14669.87	9507.32
14682.36	9507.32
14694.86	9507.32
14707.35	9507.32
14719.84	9507.32
14732.34	9507.32
14744.83	9507.32
14757.33	9507.32
14769.82	9507.32
14782.31	9507.32
14794.81	9507.32
14807.3	9507.32
14819.78	9507.32
14832.27	9507.32
14844.76	9507.32
14857.25	9507.32
14869.74	9507.32
14882.23	9507.32
14894.72	9507.32
14907.21	9507.32
14919.7	9507.32
14932.19	9507.32
14944.68	9507.32
14957.17	9507.32
14969.66	9507.32
14982.15	9507.32
14994.64	9507.32
15007.13	9507.32
15019.62	9507.32
15032.11	9507.32
15044.6	9507.32
15057.08	9507.32
15069.57	9507.32
15082.06	9507.32
15094.55	9507.32
15107.04	9507.32
15119.53	9507.32
15132.02	9507.32
15144.51	9507.32
15157	9507.32
15169.49	9507.32
15181.98	9507.32
15194.47	9507.32
15206.96	9507.32
15219.45	9507.32
15231.94	9507.32
15244.43	9507.32
15256.92	9507.32
15269.41	9507.32
15281.9	9507.32
15294.39	9507.32
15306.88	9507.32
15319.37	9507.32
15331.86	9507.32
15344.34	9507.32
15356.83	9507.32
15369.32	9507.32
15381.81	9507.32
15394.3	9507.32
15406.8	9507.32
15419.31	9507.32
15431.81	9507.32
15444.31	9507.32
15456.81	9507.32
15469.31	9507.32
15481.81	9507.32
15494.31	9507.32
15506.82	9507.32
15519.32	9507.32
15531.82	9507.32
15544.32	9507.32
15556.82	9507.32
15569.32	9507.32
15581.82	9507.32
15594.33	9507.32
15606.83	9507.32
15619.33	9507.32
15631.83	9507.32
15644.33	9507.32
15656.83	9507.32
15669.34	9507.32
15681.84	9507.32
15694.34	9507.32
15706.84	9507.32
15719.34	9507.32
15731.84	9507.32
15744.34	9507.32
15756.85	9507.32
15769.35	9507.32
15781.85	9507.32
15794.35	9507.32
15806.85	9507.32
15819.35	9507.32
15831.85	9507.32
15844.36	9507.32
15856.86	9506.21
15869.36	9505.09
15881.86	9503.97
15894.36	9502.86
15906.86	9501.75
15919.36	9500.63
15931.87	9499.51
15944.37	9498.4
15956.87	9497.28
15969.37	9496.17
15981.87	9495.05
15994.37	9493.94
16006.88	9492.82
16019.38	9491.71
16031.88	9490.59
16044.38	9489.48
16056.88	9488.37
16069.38	9487.25
16081.88	9486.13
16094.39	9485.02
16106.89	9483.91
16119.39	9482.79
16131.89	9481.67
16144.39	9480.56
16156.89	9479.44
16169.39	9478.33
16181.9	9477.21
16194.4	9476.1
16206.9	9474.98
16219.4	9473.87
16231.9	9472.75
16244.4	9471.64
16256.9	9470.52
16269.41	9469.41
16281.91	9468.29
16294.41	9467.18
16306.91	9466.06
16319.41	9464.95
16331.91	9463.83
16344.42	9462.72
16356.92	9461.6
16369.42	9460.49
16381.92	9459.37
16394.42	9458.26
16406.92	9457.14
16419.42	9456.03
16431.93	9454.91
16444.43	9453.8
16456.93	9452.68
16469.43	9451.57
16481.93	9450.46
16494.43	9449.34
16506.93	9448.22
16519.44	9447.11
16531.94	9447.11
16544.44	9447.11
16556.94	9447.11
16569.44	9447.11
16581.94	9447.11
16594.45	9447.11
16606.95	9447.11
16619.45	9447.11
16631.95	9447.11
16644.45	9447.11
16656.95	9447.11
16669.45	9447.11
16681.96	9447.11
16694.46	9447.11
16706.96	9447.11
16719.46	9447.11
16731.96	9447.11
16744.46	9447.11
16756.96	9447.11
16769.45	9447.11
16781.95	9447.11
16794.44	9447.11
16806.93	9447.11
16819.43	9447.11
16831.92	9447.11
16844.42	9447.11
16856.91	9447.11
16869.41	9447.11
16881.9	9447.11
16894.39	9447.11
16906.89	9447.11
16919.38	9447.11
16931.88	9447.11
16944.37	9447.11
16956.87	9447.11
16969.36	9447.11
16981.85	9447.11
16994.35	9447.11
17006.84	9447.11
17019.34	9447.11
17031.83	9447.11
17044.32	9447.11
17056.82	9447.11
17069.31	9447.11
17081.81	9447.11
17094.3	9447.11
17106.8	9447.11
17119.29	9447.11
17131.78	9447.11
17144.28	9447.11
17156.77	9447.11
17169.27	9447.11
17181.76	9447.11
17194.26	9447.11
17206.75	9450.12
17219.24	9453.13
17231.74	9456.14
17244.23	9459.15
17256.73	9462.16
17269.22	9462.16
17281.72	9462.16
17294.21	9462.16
17306.7	9462.16
17319.2	9462.16
17331.69	9462.16
17344.19	9462.16
17356.68	9462.16
17369.17	9462.16
17381.67	9462.16
17394.16	9462.16
17406.66	9462.16
17419.15	9462.16
17431.65	9469.69
17444.14	9477.21
17456.63	9477.21
17469.13	9477.21
17481.62	9477.21
17494.12	9477.21
17506.61	9477.21
17519.11	9477.21
17531.6	9477.21
17544.09	9477.21
17556.59	9477.21
17569.08	9477.21
17581.58	9477.21
17594.07	9477.21
17606.57	9477.21
17619.06	9477.21
17631.55	9477.21
17644.05	9477.21
17656.54	9477.21
17669.04	9477.21
17681.53	9477.21
17694.03	9477.21
17706.52	9477.21
17719.01	9484.74
17731.51	9492.27
17744	9492.27
17756.5	9492.27
17768.99	9492.27
17781.48	9492.27
17793.98	9492.27
17806.47	9492.27
17818.97	9492.27
17831.46	9492.27
17843.96	9492.27
17856.45	9499.79
17868.94	9507.32
17881.44	9507.32
17893.93	9507.32
17906.43	9507.32
17918.92	9507.32
17931.42	9507.32
17943.91	9507.32
17956.4	9507.32
17968.9	9518.23
17981.39	9529.15
17993.89	9540.06
18006.38	9550.97
18018.88	9550.97
18031.37	9550.97
18043.86	9541.44
18056.36	9531.91
18068.85	9522.37
18081.35	9526.14
18093.84	9529.9
18106.34	9533.66
18118.83	9537.42
18131.32	9541.94
18143.82	9546.46
18156.31	9550.97
18168.81	9544.2
18181.3	9537.42
18193.8	9544.2
18206.29	9550.97
18218.78	9544.2
18231.28	9537.42
18243.77	9537.42
18256.27	9537.42
18268.76	9537.42
18281.25	9544.57
18293.75	9551.72
18306.25	9558.87
18318.74	9566.02
18331.24	9566.02
18343.74	9566.02
18356.23	9569.03
18368.73	9572.04
18381.23	9575.05
18393.72	9578.07
18406.22	9581.08
18418.71	9581.08
18431.21	9581.08
18443.71	9581.08
18456.2	9581.08
18468.7	9581.08
18481.2	9581.08
18493.69	9581.08
18506.19	9581.08
18518.69	9581.08
18531.18	9588.6
18543.68	9596.13
18556.17	9596.13
18568.67	9596.13
18581.17	9596.13
18593.66	9596.13
18606.16	9596.13
18618.66	9596.13
18631.15	9596.13
18643.65	9596.13
18656.15	9596.13
18668.64	9596.13
18681.14	9596.13
18693.63	9599.14
18706.13	9602.15
18718.63	9605.16
18731.12	9608.17
18743.62	9611.18
18756.12	9611.18
18768.61	9611.18
18781.11	9611.18
18793.61	9611.18
18806.1	9611.18
18818.6	9611.18
18831.1	9611.18
18843.59	9611.18
18856.09	9611.18
18868.59	9614.94
18881.08	9618.71
18893.58	9622.47
18906.06	9626.23
18918.55	9626.23
18931.03	9626.23
18943.52	9626.23
18956.01	9626.23
18968.49	9626.23
18980.98	9626.23
18993.46	9626.23
19005.95	9633.76
19018.43	9641.29
19030.92	9641.29
19043.41	9641.29
19055.89	9641.29
19068.38	9641.29
19080.86	9641.29
19093.35	9641.29
19105.83	9641.29
19118.32	9641.29
19130.8	9641.29
19143.29	9644.3
19155.78	9647.31
19168.26	9650.32
19180.75	9653.33
19193.23	9656.34
19205.72	9656.34
19218.2	9656.34
19230.69	9656.34
19243.18	9656.34
19255.66	9663.86
19268.15	9671.39
19280.63	9671.39
19293.12	9671.39
19305.6	9671.39
19318.09	9671.39
19330.58	9671.39
19343.06	9671.39
19355.55	9671.39
19368.03	9678.92
19380.52	9686.44
19393	9686.44
19405.49	9686.44
19417.98	9686.44
19430.46	9686.44
19442.95	9686.44
19455.43	9686.44
19467.92	9686.44
19480.4	9693.97
19492.89	9701.5
19505.38	9701.5
19517.86	9701.5
19530.37	9701.5
19542.88	9701.5
19555.39	9701.5
19567.9	9709.02
19580.42	9716.55
19592.93	9716.55
19605.44	9716.55
19617.95	9716.55
19630.46	9716.55
19642.97	9716.55
19655.48	9716.55
19667.99	9716.55
19680.5	9724.07
19693.01	9731.6
19705.53	9731.6
19718.04	9731.6
19730.55	9734.61
19743.06	9737.62
19755.57	9740.63
19768.08	9743.64
19780.59	9746.65
19793.1	9746.65
19805.61	9746.65
19818.12	9754.18
19830.64	9761.71
19843.15	9761.71
19855.66	9761.71
19868.17	9761.71
19880.68	9761.71
19893.19	9761.71
19905.7	9761.71
19918.21	9761.71
19930.72	9761.71
19943.23	9761.71
19955.75	9761.71
19968.26	9761.71
19980.77	9761.71
19993.26	9761.71
20005.75	9761.71
20018.24	9761.71
20030.74	9761.71
20043.23	9761.71
20055.72	9761.71
20068.21	9769.23
20080.7	9776.76
20093.2	9776.76
20105.69	9776.76
20118.18	9776.76
20130.67	9776.76
20143.17	9776.76
20155.66	9776.76
20168.15	9776.76
20180.64	9784.28
20193.13	9791.81
20205.63	9791.81
20218.12	9791.81
20230.61	9791.81
20243.1	9791.81
20255.59	9791.81
20268.09	9791.81
20280.58	9791.81
20293.07	9791.81
20305.56	9791.81
20318.05	9791.81
20330.55	9791.81
20343.04	9791.81
20355.53	9791.81
20368.02	9791.81
20380.52	9791.81
20393.01	9791.81
20405.5	9791.81
20417.99	9791.81
20430.48	9791.81
20442.98	9791.81
20455.47	9791.81
20467.96	9791.81
20480.45	9791.81
20492.95	9793.96
20505.44	9796.11
20517.93	9798.26
20530.42	9800.41
20542.91	9802.56
20555.41	9804.71
20567.9	9806.86
20580.39	9806.86
20592.88	9806.86
20605.37	9806.86
20617.87	9806.86
20630.38	9806.86
20642.89	9806.86
20655.4	9806.86
20667.91	9806.86
20680.42	9806.86
20692.93	9806.86
20705.44	9806.86
20717.96	9814.39
20730.47	9821.91
20742.98	9821.91
20755.49	9821.91
20768	9821.91
20780.51	9821.91
20793.02	9821.91
20805.53	9821.91
20818.04	9821.91
20830.55	9821.91
20843.07	9821.91
20855.58	9821.91
20868.09	9821.91
20880.6	9821.91
20893.11	9821.91
20905.62	9821.91
20918.13	9821.91
20930.64	9821.91
20943.15	9821.91
20955.67	9821.91
20968.18	9821.91
20980.69	9821.91
20993.2	9821.91
21005.71	9821.91
21018.22	9821.91
21030.73	9821.91
21043.24	9821.91
21055.74	9821.91
21068.23	9821.91
21080.72	9821.91
21093.21	9821.91
21105.7	9821.91
21118.19	9821.91
21130.68	9821.91
21143.17	9821.91
21155.67	9821.91
21168.16	9821.91
21180.65	9821.91
21193.14	9821.91
21205.63	9821.91
21218.12	9821.91
21230.61	9821.91
21243.1	9821.91
21255.6	9821.91
21268.09	9821.91
21280.58	9821.91
21293.07	9821.91
21305.56	9821.91
21318.05	9821.91
21330.54	9821.91
21343.03	9821.91
21355.53	9821.91
21368.02	9821.91
21380.51	9821.91
21393	9821.91
21405.49	9821.91
21417.98	9821.91
21430.47	9821.91
21442.96	9821.91
21455.46	9821.91
21467.95	9821.91
21480.44	9821.91
21492.93	9821.91
21505.42	9821.91
21517.91	9821.91
21530.4	9821.91
21542.89	9821.91
21555.39	9821.91
21567.88	9821.91
21580.37	9821.91
21592.86	9821.91
21605.35	9821.91
21617.84	9821.91
21630.33	9821.91
21642.83	9821.91
21655.32	9821.91
21667.81	9821.91
21680.3	9821.91
21692.79	9821.91
21705.28	9821.91
21717.77	9821.91
21730.26	9821.91
21742.76	9821.91
21755.25	9821.91
21767.74	9821.91
21780.23	9821.91
21792.72	9821.91
21805.21	9821.91
21817.7	9821.91
21830.2	9821.91
21842.69	9821.91
21855.18	9821.91
21867.67	9821.91
21880.16	9821.91
21892.65	9821.91
21905.15	9821.91
21917.66	9821.91
21930.16	9821.91
21942.66	9821.91
21955.17	9821.91
21967.67	9821.91
21980.17	9821.91
21992.68	9821.91
22005.18	9821.91
22017.68	9821.91
22030.19	9821.91
22042.69	9821.91
22055.19	9821.91
22067.69	9821.91
22080.2	9821.91
22092.7	9821.91
22105.2	9821.91
22117.71	9821.91
22130.21	9821.91
22142.71	9821.91
22155.22	9821.91
22167.72	9821.91
22180.22	9821.91
22192.73	9821.91
22205.23	9821.91
22217.73	9821.91
22230.24	9818.9
22242.74	9815.89
22255.24	9812.88
22267.75	9809.87
22280.25	9806.86
22292.75	9806.86
22305.25	9806.86
22317.76	9806.86
22330.26	9806.86
22342.76	9806.86
22355.27	9806.86
22367.77	9806.86
22380.25	9806.86
22392.73	9806.86
22405.22	9806.86
22417.7	9806.86
22430.18	9806.86
22442.66	9806.86
22455.14	9806.86
22467.62	9806.86
22480.1	9806.86
22492.59	9806.86
22505.07	9806.86
22517.55	9806.86
22530.03	9806.86
22542.51	9806.86
22554.99	9806.86
22567.48	9804.71
22579.96	9802.56
22592.44	9800.41
22604.92	9798.26
22617.4	9796.11
22629.88	9793.96
22642.36	9791.81
22654.85	9791.81
22667.33	9791.81
22679.81	9791.81
22692.29	9791.81
22704.77	9791.81
22717.25	9791.81
22729.74	9791.81
22742.22	9791.81
22754.7	9791.81
22767.18	9791.81
22779.66	9791.81
22792.14	9791.81
22804.63	9791.81
22817.11	9791.81
22829.59	9791.81
22842.07	9791.81
22854.55	9791.81
22867.03	9791.81
22879.52	9791.81
22892	9791.81
22904.48	9791.81
22917	9791.81
22929.52	9791.81
22942.04	9791.81
22954.56	9791.81
22967.08	9791.81
22979.6	9791.81
22992.12	9791.81
23004.65	9791.81
23017.17	9791.81
23029.69	9791.81
23042.21	9791.81
23054.73	9791.81
23067.25	9791.81
23079.77	9791.81
23092.29	9791.81
23104.81	9791.81
23117.33	9791.81
23129.85	9791.81
23142.37	9791.81
23154.89	9791.81
23167.41	9791.81
23179.94	9791.81
23192.46	9791.81
23204.98	9791.81
23217.5	9791.81
23230.02	9791.81
23242.54	9791.81
23255.06	9791.81
23267.58	9791.81
23280.1	9791.81
23292.62	9791.81
23305.14	9791.81
23317.66	9791.81
23330.19	9791.81
23342.71	9791.81
23355.23	9791.81
23367.75	9791.81
23380.27	9791.81
23392.79	9791.81
23405.31	9791.81
23417.83	9791.81
23430.35	9791.81
23442.87	9791.81
23455.39	9791.81
23467.91	9791.81
23480.44	9791.81
23492.96	9791.81
23505.48	9791.81
23518	9791.81
23530.52	9791.81
23543.04	9791.81
23555.53	9791.81
23568.02	9791.81
23580.51	9791.81
23593	9791.81
23605.49	9791.81
23617.98	9791.81
23630.47	9791.81
23642.96	9791.81
23655.45	9791.81
23667.94	9791.81
23680.43	9791.81
23692.93	9791.81
23705.42	9791.81
23717.91	9791.81
23730.4	9791.81
23742.89	9791.81
23755.38	9791.81
23767.87	9791.81
23780.36	9791.81
23792.85	9791.81
23805.34	9791.81
23817.83	9791.81
23830.32	9791.81
23842.81	9791.81
23855.3	9791.81
23867.79	9791.81
23880.28	9791.81
23892.77	9791.81
23905.27	9791.81
23917.76	9791.81
23930.25	9791.81
23942.74	9791.81
23955.23	9791.81
23967.72	9791.81
23980.21	9791.81
23992.7	9791.81
24005.19	9791.81
24017.68	9791.81
24030.17	9791.81
24042.66	9791.81
24055.15	9791.81
24067.64	9791.81
24080.13	9791.81
24092.62	9791.81
24105.12	9791.81
24117.61	9791.81
24130.1	9791.81
24142.59	9791.81
24155.08	9791.81
24167.57	9791.81
24180.07	9791.81
24192.56	9791.81
24205.06	9791.81
24217.56	9791.81
24230.06	9791.81
24242.55	9791.81
24255.05	9791.81
24267.55	9791.81
24280.05	9791.81
24292.54	9791.81
24305.04	9791.81
24317.54	9791.81
24330.04	9791.81
24342.53	9791.81
24355.03	9791.81
24367.53	9791.81
24380.03	9791.81
24392.53	9791.81
24405.02	9791.81
24417.52	9791.81
24430.02	9791.81
24442.52	9791.81
24455.01	9791.81
24467.51	9791.81
24480.01	9791.81
24492.51	9791.81
24505	9791.81
24517.5	9791.81
24530	9791.81
24542.5	9791.81
24554.99	9791.81
24567.49	9791.81
24579.99	9791.81
24592.49	9791.81
24604.98	9791.81
24617.48	9791.81
24629.98	9791.81
24642.48	9791.81
24654.97	9791.81
24667.47	9791.81
24679.97	9791.81
24692.47	9791.81
24704.97	9795.57
24717.46	9799.34
24729.96	9803.1
24742.46	9806.86
24754.96	9806.86
24767.45	9806.86
24779.94	9806.86
24792.42	9806.86
24804.91	9806.86
24817.4	9806.86
24829.88	9806.86
24842.37	9806.86
24854.85	9806.86
24867.34	9809.87
24879.82	9812.88
24892.31	9815.89
24904.8	9818.9
24917.28	9821.91
24929.77	9821.91
24942.25	9821.91
24954.74	9821.91
24967.22	9821.91
24979.71	9821.91
24992.19	9821.91
25004.68	9821.91
25017.17	9821.91
25029.65	9821.91
25042.14	9821.91
25054.62	9821.91
25067.11	9821.91
25079.59	9821.91
25092.08	9821.91
25104.57	9821.91
25117.05	9821.91
25129.54	9821.91
25142.02	9821.91
25154.51	9821.91
25166.99	9821.91
25179.48	9825.3
25191.97	9828.69
25204.45	9832.07
25216.94	9835.46
25229.42	9835.46
25241.91	9835.46
25254.39	9835.46
25266.88	9835.46
25279.36	9835.46
25291.85	9835.46
25304.34	9835.46
25316.82	9837.61
25329.31	9839.76
25341.79	9841.91
25354.28	9844.06
25366.76	9846.21
25379.25	9848.36
25391.74	9850.51
25404.22	9850.51
25416.71	9850.51
25429.22	9850.51
25441.74	9850.51
25454.26	9850.51
25466.78	9850.51
25479.29	9850.51
25491.81	9850.51
25504.33	9850.51
25516.84	9852.66
25529.36	9854.81
25541.88	9856.96
25554.39	9859.12
25566.91	9861.26
25579.43	9863.42
25591.95	9865.57
25604.46	9865.57
25616.98	9865.57
25629.5	9865.57
25642.01	9865.57
25654.53	9865.57
25667.05	9865.57
25679.56	9865.57
25692.08	9865.57
25704.6	9865.57
25717.12	9865.57
25729.63	9865.57
25742.15	9868.07
25754.67	9870.58
25767.18	9873.09
25779.7	9875.6
25792.22	9878.11
25804.73	9880.62
25817.25	9880.62
25829.77	9880.62
25842.29	9880.62
25854.8	9880.62
25867.32	9880.62
25879.84	9880.62
25892.35	9880.62
25904.87	9880.62
25917.39	9880.62
25929.9	9880.62
25942.42	9880.62
25954.94	9880.62
25967.46	9880.62
25979.97	9880.62
25992.49	9882.77
26005.01	9884.92
26017.52	9887.07
26030.04	9889.22
26042.56	9891.37
26055.08	9893.52
26067.59	9895.67
26080.11	9895.67
26092.63	9895.67
26105.12	9895.67
26117.61	9895.67
26130.1	9895.67
26142.59	9895.67
26155.08	9895.67
26167.57	9895.67
26180.06	9895.67
26192.55	9895.67
26205.04	9895.67
26217.53	9895.67
26230.01	9895.67
26242.5	9895.67
26254.99	9895.67
26267.48	9895.67
26279.97	9895.67
26292.46	9895.67
26304.95	9895.67
26317.44	9895.67
26329.93	9895.67
26342.42	9895.67
26354.91	9895.67
26367.4	9895.67
26379.89	9895.67
26392.38	9895.67
26404.87	9895.67
26417.36	9895.67
26429.85	9895.67
26442.34	9895.67
26454.83	9895.67
26467.32	9895.67
26479.81	9895.67
26492.3	9895.67
26504.79	9895.67
26517.28	9895.67
26529.77	9895.67
26542.26	9895.67
26554.75	9895.67
26567.24	9895.67
26579.73	9895.67
26592.22	9895.67
26604.71	9895.67
26617.2	9895.67
26629.69	9895.67
26642.18	9895.67
26654.67	9895.67
26667.16	9895.67
26679.65	9895.67
26692.14	9895.67
26704.63	9895.67
26717.12	9895.67
26729.61	9895.67
26742.1	9895.67
26754.59	9895.67
26767.08	9895.67
26779.57	9895.67
26792.06	9895.67
26804.55	9895.67
26817.04	9895.67
26829.53	9895.67
26842.02	9895.67
26854.51	9895.67
26866.99	9895.67
26879.48	9895.67
26891.97	9895.67
26904.46	9895.67
26916.95	9895.67
26929.44	9895.67
26941.93	9895.67
26954.42	9895.67
26966.91	9895.67
26979.4	9895.67
26991.89	9895.67
27004.38	9895.67
27016.87	9895.67
27029.36	9895.67
27041.85	9895.67
27054.34	9895.67
27066.83	9895.67
27079.32	9895.67
27091.81	9895.67
27104.3	9895.67
27116.79	9895.67
27129.28	9895.67
27141.77	9895.67
27154.26	9895.67
27166.75	9895.67
27179.24	9895.67
27191.73	9895.67
27204.22	9895.67
27216.71	9895.67
27229.2	9895.67
27241.69	9895.67
27254.18	9895.67
27266.67	9895.67
27279.16	9895.67
27291.65	9895.67
27304.14	9895.67
27316.63	9895.67
27329.12	9895.67
27341.61	9895.67
27354.1	9895.67
27366.59	9895.67
27379.08	9895.67
27391.57	9895.67
27404.06	9895.67
27416.55	9895.67
27429.04	9895.67
27441.53	9895.67
27454.02	9895.67
27466.51	9895.67
27479	9895.67
27491.49	9895.67
27503.98	9895.67
27516.47	9895.67
27528.95	9895.67
27541.44	9895.67
27553.93	9895.67
27566.42	9895.67
27578.91	9895.67
27591.4	9895.67
27603.89	9895.67
27616.38	9895.67
27628.87	9895.67
27641.36	9895.67
27653.85	9895.67
27666.34	9895.67
27678.84	9895.67
27691.34	9895.67
27703.84	9895.67
27716.34	9895.67
27728.84	9895.67
27741.34	9895.67
27753.84	9895.67
27766.34	9895.67
27778.83	9895.67
27791.33	9895.67
27803.83	9895.67
27816.33	9895.67
27828.83	9895.67
27841.33	9895.67
27853.83	9895.67
27866.33	9895.67
27878.83	9895.67
27891.33	9895.67
27903.82	9895.67
27916.32	9895.67
27928.82	9895.67
27941.32	9895.67
27953.82	9895.67
27966.32	9895.67
27978.82	9895.67
27991.32	9895.67
28003.82	9895.67
28016.32	9895.67
28028.81	9895.67
28041.31	9895.67
28053.81	9895.67
28066.31	9895.67
28078.81	9895.67
28091.31	9895.67
28103.81	9895.67
28116.31	9895.67
28128.81	9895.67
28141.31	9895.67
28153.81	9895.67
28166.3	9895.67
28178.8	9895.67
28191.3	9895.67
28203.8	9895.67
28216.3	9895.67
28228.8	9895.67
28241.3	9895.67
28253.8	9895.67
28266.3	9895.67
28278.8	9895.67
28291.29	9895.67
28303.79	9895.67
28316.29	9895.67
28328.79	9895.67
28341.29	9895.67
28353.79	9895.67
28366.29	9895.67
28378.79	9895.67
28391.29	9895.67
28403.79	9895.67
28416.29	9895.67
28428.78	9895.67
28441.28	9895.67
28453.78	9895.67
28466.28	9895.67
28478.78	9895.67
28491.28	9895.67
28503.78	9895.67
28516.28	9895.67
28528.78	9895.67
28541.28	9895.67
28553.78	9895.67
28566.27	9895.67
28578.77	9895.67
28591.27	9895.67
28603.77	9895.67
28616.27	9895.67
28628.77	9895.67
28641.27	9895.67
28653.77	9895.67
28666.27	9895.67
28678.77	9895.67
28691.26	9895.67
28703.75	9895.67
28716.25	9895.67
28728.74	9895.67
28741.24	9895.67
28753.73	9895.67
28766.23	9895.67
28778.72	9895.67
28791.22	9895.67
28803.71	9895.67
28816.2	9895.67
28828.7	9895.67
28841.19	9895.67
28853.69	9895.67
28866.18	9895.67
28878.68	9894
28891.17	9892.33
28903.67	9890.65
28916.16	9888.98
28928.65	9887.31
28941.15	9885.64
28953.64	9883.96
28966.14	9882.29
28978.63	9880.62
28991.13	9880.62
29003.62	9880.62
29016.12	9880.62
29028.61	9880.62
29041.1	9880.62
29053.6	9880.62
29066.09	9880.62
29078.59	9880.62
29091.08	9880.62
29103.58	9880.62
29116.07	9880.62
29128.57	9880.62
29141.06	9880.62
29153.56	9880.62
29166.05	9878.95
29178.54	9877.27
29191.04	9875.6
29203.53	9873.93
29216.03	9872.26
29228.52	9870.58
29241.02	9868.91
29253.51	9867.24
29266.01	9865.57
29278.5	9865.57
29290.99	9865.57
29303.49	9865.57
29315.98	9865.57
29328.49	9865.57
29340.99	9865.57
29353.5	9865.57
29366	9865.57
29378.51	9865.57
29391.01	9865.57
29403.51	9865.57
29416.02	9862.56
29428.52	9859.54
29441.03	9856.53
29453.53	9853.52
29466.04	9850.51
29478.54	9850.51
29491.05	9850.51
29503.55	9850.51
29516.05	9850.51
29528.56	9850.51
29541.06	9850.51
29553.57	9850.51
29566.07	9850.51
29578.58	9850.51
29591.08	9850.51
29603.59	9850.51
29616.09	9850.51
29628.59	9850.51
29641.1	9850.51
29653.6	9850.51
29666.11	9850.51
29678.61	9850.51
29691.12	9850.51
29703.62	9850.51
29716.13	9850.51
29728.63	9850.51
29741.13	9850.51
29753.64	9850.51
29766.14	9850.51
29778.65	9850.51
29791.15	9850.51
29803.66	9850.51
29816.16	9848.63
29828.67	9846.75
29841.17	9844.87
29853.67	9842.99
29866.18	9841.1
29878.68	9839.22
29891.19	9837.34
29903.68	9835.46
29916.16	9835.46
29928.65	9835.46
29941.14	9835.46
29953.63	9835.46
29966.12	9835.46
29978.61	9835.46
29991.1	9835.46
30003.58	9835.46
30016.07	9835.46
30028.56	9835.46
30041.05	9835.46
30053.54	9835.46
30066.03	9835.46
30078.52	9835.46
30091	9835.46
30103.49	9835.46
30115.98	9835.46
30128.47	9835.46
30140.96	9835.46
30153.45	9835.46
30165.94	9835.46
30178.43	9835.46
30190.91	9835.46
30203.4	9835.46
30215.89	9835.46
30228.38	9833.53
30240.87	9831.59
30253.36	9829.66
30265.85	9827.72
30278.33	9825.78
30290.82	9823.85
30303.31	9821.91
30315.8	9821.91
30328.29	9821.91
30340.78	9821.91
30353.27	9821.91
30365.75	9821.91
30378.24	9821.91
30390.73	9821.91
30403.22	9821.91
30415.71	9821.91
30428.2	9821.91
30440.69	9821.91
30453.17	9821.91
30465.66	9821.91
30478.15	9821.91
30490.64	9821.91
30503.13	9821.91
30515.62	9821.91
30528.12	9821.91
30540.63	9814.39
30553.13	9806.86
30565.64	9806.86
30578.14	9806.86
30590.65	9806.86
30603.15	9806.86
30615.65	9806.86
30628.16	9806.86
30640.66	9806.86
30653.17	9806.86
30665.67	9806.86
30678.18	9803.85
30690.68	9800.84
30703.19	9797.83
30715.69	9794.82
30728.2	9791.81
30740.7	9791.81
30753.2	9791.81
30765.71	9791.81
30778.21	9791.81
30790.72	9791.81
30803.22	9791.81
30815.73	9791.81
30828.23	9791.81
30840.74	9791.81
30853.24	9791.81
30865.75	9791.81
30878.25	9791.81
30890.75	9791.81
30903.26	9791.81
30915.76	9791.81
30928.27	9791.81
30940.77	9791.81
30953.28	9791.81
30965.78	9791.81
30978.29	9791.81
30990.79	9791.81
31003.3	9791.81
31015.8	9791.81
31028.3	9791.81
31040.81	9791.81
31053.31	9791.81
31065.82	9791.81
31078.32	9788.05
31090.83	9784.28
31103.33	9780.52
31115.84	9776.76
31128.34	9776.76
31140.85	9776.76
31153.35	9776.76
31165.85	9776.76
31178.36	9776.76
31190.86	9776.76
31203.37	9776.76
31215.87	9776.76
31228.38	9776.76
31240.88	9769.23
31253.39	9761.71
31265.89	9761.71
31278.4	9761.71
31290.9	9761.71
31303.4	9761.71
31315.91	9761.71
31328.41	9761.71
31340.92	9761.71
31353.42	9761.71
31365.93	9761.71
31378.43	9756.69
31390.94	9751.67
31403.44	9746.65
31415.95	9746.65
31428.45	9746.65
31440.96	9746.65
31453.46	9746.65
31465.96	9746.65
31478.47	9746.65
31490.97	9746.65
31503.48	9746.65
31515.98	9746.65
31528.49	9746.65
31540.99	9746.65
31553.5	9746.65
31566	9746.65
31578.51	9746.65
31591.01	9746.65
31603.51	9746.65
31616.02	9746.65
31628.52	9746.65
31641.03	9746.65
31653.53	9746.65
31666.04	9746.65
31678.54	9746.65
31691.05	9746.65
31703.55	9746.65
31716.06	9746.3
31728.56	9745.96
31741.06	9745.61
31753.57	9745.26
31766.07	9744.92
31778.58	9744.57
31791.08	9744.22
31803.59	9743.87
31816.09	9743.53
31828.6	9743.18
31841.1	9742.83
31853.61	9742.48
31866.11	9742.14
31878.62	9741.79
31891.12	9741.44
31903.62	9741.09
31916.13	9740.75
31928.63	9740.4
31941.14	9740.05
31953.62	9739.7
31966.09	9739.36
31978.57	9739.01
31991.05	9738.66
32003.53	9738.32
32016	9737.97
32028.48	9737.62
32040.96	9737.28
32053.44	9736.93
32065.92	9736.58
32078.39	9736.24
32090.87	9735.89
32103.35	9735.54
32115.83	9735.19
32128.31	9734.85
32140.78	9734.5
32153.26	9734.15
32165.74	9733.81
32178.22	9733.46
32190.69	9733.11
32203.17	9732.77
32215.65	9732.42
32228.13	9732.07
32240.61	9731.73
32253.08	9731.38
32265.56	9731.03
32278.04	9730.69
32290.52	9730.34
32303	9729.99
32315.47	9729.65
32327.95	9729.3
32340.43	9728.95
32352.91	9728.6
32365.39	9728.26
32377.86	9727.91
32390.34	9727.56
32402.82	9727.22
32415.3	9726.87
32427.78	9726.52
32440.25	9726.18
32452.73	9725.83
32465.21	9725.48
32477.72	9725.14
32490.23	9724.79
32502.74	9724.44
32515.25	9724.09
32527.77	9723.75
32540.28	9723.4
32552.79	9723.05
32565.3	9722.7
32577.81	9722.35
32590.32	9722.01
32602.83	9721.66
32615.35	9721.31
32627.86	9720.96
32640.37	9720.62
32652.88	9720.27
32665.39	9719.92
32677.9	9719.57
32690.41	9719.23
32702.92	9718.88
32715.44	9718.53
32727.95	9718.18
32740.46	9717.83
32752.97	9717.49
32765.48	9717.14
32777.99	9716.79
32790.5	9716.44
32803.02	9716.1
32815.53	9715.75
32828.04	9715.4
32840.55	9715.05
32853.06	9714.71
32865.57	9714.36
32878.08	9714.01
32890.59	9713.66
32903.11	9713.32
32915.62	9712.97
32928.13	9712.62
32940.64	9712.27
32953.15	9711.92
32965.66	9711.58
32978.17	9711.23
32990.69	9710.88
33003.2	9710.53
33015.71	9710.19
33028.22	9709.84
33040.73	9709.49
33053.24	9709.14
33065.75	9708.8
33078.27	9708.45
33090.78	9708.1
33103.29	9707.75
33115.8	9707.41
33128.31	9707.06
33140.82	9706.71
33153.33	9706.36
33165.85	9706.01
33178.36	9705.67
33190.87	9705.32
33203.38	9704.97
33215.89	9704.62
33228.4	9704.28
33240.91	9703.93
33253.42	9703.58
33265.94	9703.23
33278.45	9702.89
33290.96	9702.54
33303.47	9702.19
33315.98	9701.84
33328.49	9701.5
33341	9701.5
33353.52	9701.5
33366.03	9701.5
33378.54	9701.5
33391.05	9701.5
33403.56	9701.5
33416.07	9701.5
33428.58	9701.5
33441.1	9701.5
33453.61	9701.5
33466.12	9701.5
33478.63	9701.5
33491.14	9701.5
33503.65	9701.5
33516.16	9701.5
33528.68	9701.5
33541.19	9701.5
33553.7	9701.5
33566.21	9701.5
33578.72	9701.5
33591.23	9701.5
33603.74	9701.5
33616.25	9701.5
33628.77	9701.5
33641.28	9701.5
33653.79	9701.5
33666.3	9701.5
33678.81	9701.5
33691.32	9701.5
33703.83	9701.5
33716.35	9701.5
33728.86	9701.5
33741.37	9701.5
33753.88	9701.5
33766.39	9701.5
33778.9	9701.5
33791.4	9701.5
33803.89	9701.5
33816.38	9701.5
33828.87	9701.5
33841.36	9701.5
33853.86	9701.5
33866.35	9701.5
33878.84	9701.5
33891.33	9701.5
33903.83	9701.5
33916.32	9701.5
33928.81	9701.5
33941.3	9701.5
33953.8	9701.5
33966.29	9701.5
33978.78	9701.5
33991.27	9701.5
34003.77	9701.5
34016.26	9701.5
34028.75	9701.5
34041.24	9701.5
34053.73	9701.5
34066.23	9701.5
34078.72	9701.5
34091.21	9701.5
34103.7	9701.5
34116.2	9701.5
34128.69	9701.5
34141.18	9701.5
34153.67	9701.5
34166.17	9701.5
34178.66	9701.5
34191.15	9701.5
34203.64	9701.5
34216.14	9701.5
34228.63	9701.5
34241.12	9701.5
34253.61	9701.5
34266.1	9701.5
34278.6	9701.5
34291.09	9701.5
34303.58	9701.5
34316.07	9701.5
34328.57	9701.5
34341.06	9701.5
34353.55	9701.5
34366.04	9701.5
34378.54	9701.5
34391.03	9701.5
34403.52	9701.5
34416.01	9701.5
34428.51	9701.5
34441	9701.5
34453.49	9701.5
34465.98	9701.5
34478.48	9701.5
34490.97	9701.5
34503.47	9701.5
34515.97	9701.5
34528.47	9701.5
34540.97	9701.5
34553.47	9701.5
34565.98	9701.5
34578.48	9701.5
34590.98	9701.5
34603.48	9701.5
34615.98	9701.5
34628.48	9701.5
34640.98	9701.5
34653.48	9701.5
34665.99	9701.5
34678.49	9701.5
34690.99	9701.5
34703.49	9701.5
34715.99	9701.5
34728.49	9701.5
34740.99	9701.5
34753.49	9701.5
34766	9701.5
34778.5	9701.5
34791	9701.5
34803.5	9701.5
34816	9701.5
34828.5	9701.5
34841	9701.5
34853.5	9701.5
34866.01	9701.5
34878.51	9701.5
34891.01	9701.5
34903.51	9701.5
34916.01	9701.5
34928.51	9701.5
34941.01	9701.5
34953.51	9701.5
34966.02	9701.5
34978.52	9701.5
34991.02	9701.5
35003.52	9701.5
35016.02	9701.5
35028.52	9701.5
35041.02	9701.5
35053.52	9701.5
35066.03	9701.5
35078.53	9701.5
35091.03	9701.5
35103.53	9701.5
35116.03	9701.5
35128.53	9701.5
35141.03	9701.5
35153.53	9701.5
35166.04	9701.5
35178.54	9701.5
35191.04	9701.5
35203.54	9701.5
35216.04	9701.5
35228.52	9701.5
35241.01	9701.5
35253.49	9701.5
35265.97	9701.5
35278.46	9701.5
35290.94	9701.5
35303.42	9701.5
35315.91	9701.5
35328.39	9701.5
35340.87	9701.5
35353.36	9701.5
35365.84	9701.5
35378.32	9701.5
35390.81	9701.5
35403.29	9701.5
35415.78	9701.5
35428.26	9701.5
35440.74	9701.5
35453.23	9701.5
35465.71	9701.5
35478.19	9701.5
35490.68	9701.5
35503.16	9701.5
35515.64	9701.5
35528.13	9701.5
35540.61	9701.5
35553.09	9701.5
35565.58	9701.5
35578.06	9701.5
35590.54	9701.5
35603.03	9701.5
35615.51	9701.5
35627.99	9701.5
35640.48	9701.5
35652.96	9701.5
35665.44	9701.5
35677.93	9701.5
35690.41	9701.5
35702.9	9701.5
35715.38	9701.5
35727.86	9701.5
35740.35	9701.5
35752.83	9701.5
35765.31	9701.5
35777.8	9701.5
35790.28	9701.5
35802.76	9701.5
35815.25	9701.5
35827.73	9701.5
35840.21	9701.5
35852.7	9701.5
35865.18	9701.5
35877.66	9701.5
35890.15	9701.5
35902.63	9701.5
35915.11	9701.5
35927.62	9701.5
35940.12	9701.5
35952.62	9701.5
35965.13	9701.5
35977.63	9701.5
35990.13	9701.5
36002.63	9701.5
36015.14	9701.5
36027.64	9701.5
36040.14	9701.21
36052.64	9700.92
36065.15	9700.63
36077.65	9700.34
36090.15	9700.06
36102.65	9699.77
36115.16	9699.48
36127.66	9699.19
36140.16	9698.91
36152.67	9698.62
36165.17	9698.33
36177.67	9698.04
36190.17	9697.75
36202.68	9697.47
36215.18	9697.18
36227.68	9696.89
36240.18	9696.6
36252.69	9696.32
36265.19	9696.03
36277.69	9695.74
36290.19	9695.45
36302.7	9695.16
36315.2	9694.88
36327.7	9694.59
36340.21	9694.3
36352.71	9694.01
36365.21	9693.73
36377.71	9693.44
36390.22	9693.15
36402.72	9692.86
36415.22	9692.57
36427.72	9692.29
36440.23	9692
36452.73	9691.71
36465.23	9691.42
36477.73	9691.14
36490.24	9690.85
36502.74	9690.56
36515.24	9690.27
36527.75	9689.98
36540.25	9689.7
36552.75	9689.41
36565.25	9689.12
36577.76	9688.83
36590.26	9688.54
36602.76	9688.26
36615.26	9687.97
36627.77	9687.68
36640.27	9687.39
36652.77	9687.11
36665.27	9686.82
36677.78	9686.53
36690.28	9686.24
36702.78	9685.96
36715.29	9685.67
36727.79	9685.38
36740.29	9685.09
36752.79	9684.8
36765.3	9684.52
36777.8	9684.23
36790.3	9683.94
36802.8	9683.65
36815.31	9683.37
36827.81	9683.08
36840.31	9682.79
36852.81	9682.5
36865.32	9682.21
36877.82	9681.93
36890.32	9681.64
36902.83	9681.35
36915.33	9681.06
36927.83	9680.77
36940.33	9680.49
36952.84	9680.2
36965.34	9679.91
36977.84	9679.62
36990.34	9679.34
37002.85	9679.05
37015.35	9678.76
37027.85	9678.47
37040.35	9678.18
37052.86	9677.9
37065.36	9677.61
37077.86	9677.32
37090.37	9677.03
37102.87	9676.75
37115.37	9676.46
37127.87	9676.17
37140.38	9675.88
37152.88	9675.59
37165.38	9675.31
37177.88	9675.02
37190.39	9674.73
37202.89	9674.44
37215.39	9674.16
37227.89	9673.87
37240.4	9673.58
37252.9	9673.29
37265.4	9673
37277.91	9672.72
37290.41	9672.43
37302.91	9672.14
37315.41	9671.85
37327.92	9671.57
37340.42	9671.28
37352.92	9670.99
37365.42	9670.7
37377.93	9670.41
37390.43	9670.13
37402.93	9669.84
37415.43	9669.55
37427.94	9669.26
37440.44	9668.98
37452.94	9668.69
37465.45	9668.4
37477.95	9668.11
37490.45	9667.82
37502.95	9667.54
37515.46	9667.25
37527.96	9666.96
37540.46	9666.67
37552.96	9666.39
37565.47	9666.1
37577.97	9665.81
37590.47	9665.52
37602.98	9665.23
37615.48	9664.95
37627.98	9664.66
37640.48	9664.37
37652.99	9664.08
37665.49	9663.8
37677.99	9663.51
37690.49	9663.22
37703	9662.93
37715.5	9662.64
37728	9662.36
37740.5	9662.07
37753.01	9661.78
37765.51	9661.49
37778.01	9661.21
37790.52	9660.92
37803.02	9660.63
37815.52	9660.34
37828.02	9660.05
37840.53	9659.77
37853.03	9659.48
37865.53	9659.19
37878.03	9658.9
37890.54	9658.62
37903.04	9658.33
37915.54	9658.04
37928.04	9657.75
37940.55	9657.46
37953.05	9657.18
37965.55	9656.89
37978.06	9656.6
37990.56	9656.31
38003.06	9656.03
38015.56	9655.74
38028.07	9655.45
38040.57	9655.16
38053.07	9654.87
38065.57	9654.59
38078.08	9654.3
38090.58	9654.01
38103.08	9653.72
38115.59	9653.44
38128.09	9653.15
38140.59	9652.86
38153.09	9652.57
38165.6	9652.28
38178.1	9652
38190.6	9651.71
38203.1	9651.42
38215.61	9651.13
38228.11	9650.84
38240.61	9650.56
38253.11	9650.27
38265.62	9649.98
38278.11	9649.69
38290.61	9649.41
38303.1	9649.12
38315.6	9648.83
38328.1	9648.54
38340.59	9648.26
38353.09	9647.97
38365.58	9647.68
38378.08	9647.39
38390.58	9647.1
38403.07	9646.82
38415.57	9646.53
38428.06	9646.24
38440.56	9645.96
38453.05	9645.67
38465.55	9645.38
38478.05	9645.09
38490.54	9644.8
38503.04	9644.52
38515.53	9644.23
38528.03	9643.94
38540.52	9643.65
38553.02	9643.37
38565.52	9643.08
38578.01	9642.79
38590.51	9642.79
38603	9642.79
38615.5	9642.79
38628	9642.79
38640.49	9642.79
38652.99	9642.79
38665.48	9642.79
38677.98	9642.79
38690.47	9642.79
38702.97	9642.79
38715.47	9642.79
38727.96	9642.79
38740.46	9642.79
38752.95	9642.79
38765.45	9642.79
38777.94	9642.79
38790.44	9642.79
38802.94	9642.79
38815.43	9642.79
38827.93	9642.79
38840.42	9642.79
38852.92	9642.79
38865.42	9642.79
38877.91	9642.79
38890.41	9642.79
38902.9	9642.79
38915.4	9642.79
38927.89	9642.79
38940.39	9642.79
38952.89	9642.79
38965.38	9642.79
38977.88	9642.79
38990.37	9642.79
39002.87	9642.79
39015.36	9642.79
39027.86	9642.79
39040.36	9642.79
39052.85	9642.79
39065.35	9642.79
39077.84	9642.79
39090.34	9642.79
39102.84	9644.46
39115.33	9646.14
39127.83	9647.81
39140.32	9649.48
39152.82	9651.15
39165.31	9652.83
39177.81	9654.5
39190.31	9656.17
39202.8	9657.84
39215.3	9657.84
39227.79	9657.84
39240.29	9657.84
39252.78	9657.84
39265.28	9657.84
39277.78	9657.84
39290.27	9657.84
39302.77	9657.84
39315.26	9657.84
39327.76	9657.84
39340.26	9657.84
39352.75	9657.84
39365.25	9657.84
39377.74	9657.84
39390.24	9657.84
39402.73	9657.84
39415.23	9657.84
39427.73	9657.84
39440.22	9657.84
39452.72	9657.84
39465.21	9657.84
39477.71	9657.84
39490.2	9657.84
39502.7	9657.84
39515.2	9657.84
39527.69	9657.84
39540.19	9657.84
39552.68	9659
39565.18	9660.16
39577.68	9661.32
39590.17	9662.47
39602.67	9663.63
39615.16	9664.79
39627.66	9665.95
39640.15	9667.11
39652.65	9668.26
39665.15	9669.42
39677.64	9670.58
39690.14	9671.74
39702.63	9672.9
39715.13	9672.9
39727.62	9672.9
39740.12	9672.9
39752.62	9672.9
39765.11	9672.9
39777.61	9672.9
39790.1	9672.9
39802.6	9672.9
39815.1	9672.9
39827.59	9672.9
39840.08	9672.9
39852.58	9672.9
39865.07	9672.9
39877.57	9672.9
39890.06	9672.9
39902.56	9672.9
39915.05	9672.9
39927.55	9672.9
39940.04	9672.9
39952.53	9672.9
39965.03	9672.9
39977.52	9672.9
39990.02	9672.9
40002.51	9672.9
40015.01	9672.9
40027.5	9672.9
40040	9672.9
40052.49	9672.9
40064.98	9672.9
40077.48	9672.9
40089.97	9672.9
40102.47	9672.9
40114.96	9672.9
40127.46	9672.9
40139.95	9672.9
40152.45	9672.9
40164.94	9672.9
40177.43	9672.9
40189.93	9675.05
40202.42	9677.2
40214.92	9679.35
40227.41	9681.5
40239.91	9683.65
40252.4	9685.8
40264.89	9687.95
40277.39	9687.95
40289.88	9687.95
40302.38	9687.95
40314.87	9687.95
40327.37	9687.95
40339.86	9687.95
40352.36	9687.95
40364.85	9687.95
40377.34	9687.95
40389.84	9687.95
40402.33	9687.95
40414.83	9687.95
40427.32	9687.95
40439.82	9687.95
40452.31	9687.95
40464.81	9687.95
40477.3	9687.95
40489.79	9687.95
40502.29	9687.95
40514.78	9687.95
40527.28	9687.95
40539.77	9687.95
40552.27	9687.95
40564.76	9687.95
40577.26	9687.95
40589.75	9687.95
40602.24	9687.95
40614.74	9687.95
40627.23	9687.95
40639.73	9687.95
40652.22	9687.95
40664.72	9687.95
40677.21	9687.95
40689.71	9687.95
40702.2	9687.95
40714.69	9687.95
40727.19	9687.95
40739.68	9687.95
40752.18	9687.95
40764.67	9687.95
40777.17	9687.95
40789.66	9687.95
40802.16	9687.95
40814.65	9687.95
40827.14	9687.95
40839.64	9687.95
40852.13	9687.95
40864.63	9687.95
40877.12	9687.95
40889.62	9687.95
40902.11	9687.95
40914.61	9687.95
40927.1	9687.95
40939.59	9687.95
40952.09	9687.95
40964.58	9687.95
40977.08	9687.95
40989.57	9687.95
41002.07	9687.95
41014.56	9687.95
41027.06	9687.95
41039.55	9687.95
41052.04	9687.95
41064.54	9687.95
41077.03	9687.95
41089.53	9687.95
41102.02	9687.95
41114.52	9687.95
41127.01	9687.95
41139.51	9687.95
41152	9687.95
41164.49	9687.95
41176.99	9687.95
41189.48	9687.95
41201.98	9687.95
41214.47	9687.95
41226.97	9687.95
41239.46	9687.95
41251.96	9687.95
41264.45	9687.95
41276.94	9687.95
41289.44	9687.95
41301.93	9687.95
41314.43	9687.95
41326.92	9687.95
41339.42	9687.95
41351.91	9687.95
41364.41	9687.95
41376.9	9687.95
41389.39	9687.95
41401.89	9687.95
41414.38	9687.95
41426.88	9687.95
41439.37	9687.95
41451.87	9687.95
41464.36	9687.95
41476.86	9687.95
41489.35	9687.95
41501.84	9687.95
41514.34	9687.95
41526.83	9687.95
41539.33	9687.95
41551.82	9687.95
41564.32	9687.95
41576.81	9687.95
41589.31	9687.95
41601.8	9687.95
41614.29	9687.95
41626.79	9687.95
41639.28	9687.95
41651.78	9687.95
41664.27	9687.95
41676.77	9687.95
41689.26	9687.95
41701.76	9687.95
41714.25	9687.95
41726.74	9687.95
41739.24	9687.95
41751.73	9687.95
41764.23	9687.95
41776.72	9687.95
41789.22	9687.95
41801.71	9687.95
41814.21	9687.95
41826.7	9687.95
41839.19	9687.95
41851.69	9687.95
41864.18	9687.95
41876.68	9687.95
41889.17	9687.95
41901.67	9687.95
41914.16	9687.95
41926.66	9687.95
41939.15	9687.95
41951.64	9687.95
41964.13	9687.95
41976.62	9687.95
41989.11	9687.95
42001.6	9687.95
42014.1	9687.95
42026.59	9687.95
42039.08	9687.95
42051.57	9687.95
42064.06	9687.95
42076.55	9687.95
42089.04	9687.95
42101.53	9687.95
42114.02	9687.95
42126.51	9687.95
42139	9687.95
42151.49	9687.95
42163.99	9687.95
42176.48	9687.95
42188.97	9687.95
42201.46	9687.95
42213.95	9687.95
42226.44	9687.95
42238.93	9687.95
42251.42	9687.95
42263.91	9687.95
42276.4	9687.95
42288.89	9687.95
42301.38	9687.95
42313.88	9687.95
42326.37	9687.95
42338.86	9687.95
42351.35	9687.95
42363.84	9687.95
42376.33	9687.95
42388.82	9687.95
42401.31	9687.95
42413.8	9687.95
42426.29	9687.95
42438.78	9687.95
42451.27	9687.95
42463.77	9687.95
42476.26	9687.95
42488.75	9687.95
42501.24	9687.95
42513.73	9687.95
42526.22	9687.95
42538.71	9687.95
42551.2	9687.95
42563.69	9687.95
42576.18	9687.95
42588.67	9687.95
42601.17	9687.95
42613.66	9687.95
42626.15	9687.95
42638.64	9687.95
42651.13	9687.95
42663.62	9687.95
42676.11	9687.95
42688.6	9687.95
42701.09	9687.95
42713.58	9687.95
42726.07	9687.95
42738.56	9687.95
42751.06	9687.95
42763.55	9687.95
42776.04	9687.95
42788.53	9687.95
42801.02	9687.95
42813.51	9687.95
42826	9687.95
42838.49	9687.95
42850.98	9687.95
42863.47	9687.95
42875.96	9687.95
42888.45	9687.95
42900.95	9687.95
42913.44	9687.95
42925.93	9687.95
42938.42	9687.95
42950.91	9687.95
42963.4	9687.95
42975.89	9687.95
42988.38	9687.95
43000.87	9687.95
43013.36	9687.95
43025.85	9687.95
43038.34	9687.95
43050.84	9687.95
43063.33	9687.95
43075.82	9687.95
43088.31	9687.95
43100.8	9687.95
43113.29	9687.95
43125.78	9687.95
43138.27	9687.95
43150.76	9687.95
43163.25	9687.95
43175.74	9687.95
43188.23	9687.95
43200.73	9687.95
43213.22	9687.95
43225.71	9687.95
43238.2	9687.95
43250.69	9687.95
43263.18	9687.95
43275.67	9687.95
43288.16	9687.95
43300.65	9687.95
43313.14	9687.95
43325.63	9687.95
43338.12	9687.95
43350.62	9687.95
43363.11	9687.95
43375.6	9687.95
43388.09	9687.95
43400.58	9688.7
43413.07	9689.45
43425.56	9690.21
43438.05	9690.96
43450.54	9691.71
43463.03	9692.46
43475.52	9693.22
43488.02	9693.97
43500.51	9694.72
43513	9695.47
43525.49	9696.23
43537.98	9696.98
43550.47	9697.73
43562.96	9698.48
43575.45	9699.24
43587.94	9699.99
43600.43	9700.74
43612.92	9701.5
43625.41	9701.5
43637.91	9701.5
43650.4	9701.5
43662.89	9701.5
43675.38	9701.5
43687.87	9701.5
43700.36	9701.5
43712.85	9701.5
43725.34	9701.5
43737.83	9701.5
43750.32	9701.5
43762.81	9701.5
43775.34	9701.5
43787.87	9701.5
43800.39	9701.5
43812.92	9701.5
43825.44	9701.5
43837.97	9701.5
43850.49	9701.5
43863.02	9701.5
43875.55	9701.5
43888.07	9701.5
43900.6	9701.5
43913.12	9701.5
43925.65	9701.5
43938.18	9701.5
43950.7	9701.5
43963.23	9701.5
43975.75	9701.5
43988.28	9701.5
44000.81	9701.5
44013.33	9701.5
44025.86	9701.5
44038.38	9702.87
44050.91	9704.25
44063.44	9705.62
44075.88	9706.99
44088.33	9708.35
44100.77	9709.72
44113.22	9711.08
44125.67	9712.45
44138.11	9713.82
44150.56	9715.18
44163	9716.55
44175.45	9716.55
44187.9	9716.55
44200.34	9716.55
44212.79	9716.55
44225.23	9716.55
44237.68	9716.55
44250.12	9716.55
44262.57	9716.55
44275.02	9716.55
44287.46	9716.55
44299.91	9716.55
44312.35	9716.55
44324.8	9716.55
44337.25	9716.55
44349.69	9716.55
44362.14	9716.55
44374.63	9716.55
44387.11	9716.55
44399.6	9716.55
44412.09	9716.55
44424.58	9716.55
44437.07	9716.55
44449.55	9716.55
44462.04	9716.55
44474.53	9716.55
44487.02	9716.55
44499.51	9716.55
44511.99	9716.55
44524.48	9716.55
44536.97	9716.55
44549.46	9716.55
44561.95	9716.55
44574.43	9716.55
44586.92	9716.55
44599.41	9716.55
44611.9	9716.55
44624.39	9716.55
44636.87	9716.55
44649.36	9716.55
44661.85	9716.55
44674.34	9716.55
44686.83	9716.55
44699.31	9716.55
44711.8	9716.55
44724.29	9716.55
44736.78	9716.55
44749.27	9716.55
44761.75	9716.55
44774.24	9718.22
44786.73	9719.89
44799.22	9721.57
44811.71	9723.24
44824.19	9724.91
44836.68	9726.58
44849.17	9728.25
44861.66	9729.93
44874.15	9731.6
44886.63	9731.6
44899.12	9731.6
44911.61	9731.6
44924.1	9731.6
44936.59	9731.6
44949.07	9731.6
44961.56	9731.6
44974.05	9731.6
44986.54	9731.6
44999.03	9732.6
45011.51	9733.61
45024	9734.61
45036.49	9735.61
45048.98	9736.62
45061.47	9737.62
45073.95	9738.62
45086.44	9739.63
45098.93	9740.63
45111.42	9741.64
45123.91	9742.64
45136.39	9743.64
45148.88	9744.65
45161.37	9745.65
45173.86	9746.65
45186.35	9746.65
45198.83	9746.65
45211.32	9746.65
45223.81	9746.65
45236.3	9746.65
45248.79	9746.65
45261.27	9746.65
45273.76	9746.65
45286.25	9746.65
45298.74	9746.65
45311.23	9746.65
45323.71	9746.65
45336.2	9746.65
45348.69	9746.65
45361.18	9746.65
45373.66	9746.65
45386.15	9746.65
45398.64	9746.65
45411.13	9746.65
45423.62	9746.65
45436.1	9746.65
45448.59	9746.65
45461.08	9746.65
45473.57	9746.65
45486.06	9746.65
45498.54	9746.65
45511.03	9746.65
45523.52	9746.65
45536.01	9746.65
45548.5	9746.65
45560.98	9748.02
45573.47	9749.39
45585.96	9750.76
45598.45	9752.13
45610.94	9753.5
45623.42	9754.86
45635.91	9756.23
45648.4	9757.6
45660.89	9758.97
45673.38	9760.34
45685.86	9761.71
45698.35	9761.71
45710.84	9761.71
45723.33	9761.71
45735.82	9761.71
45748.3	9761.71
45760.79	9761.71
45773.28	9761.71
45785.77	9761.71
45798.26	9761.71
45810.74	9761.71
45823.23	9761.71
45835.72	9761.71
45848.21	9761.71
45860.7	9761.71
45873.18	9761.71
45885.67	9761.71
45898.16	9761.71
45910.65	9761.71
45923.14	9765.47
45935.62	9769.23
45948.11	9772.99
45960.6	9776.76
45973.09	9776.76
45985.58	9776.76
45998.06	9776.76
46010.55	9776.76
46023.04	9776.76
46035.53	9776.76
46048.02	9776.76
46060.5	9776.76
46072.99	9776.76
46085.48	9776.76
46097.97	9776.76
46110.46	9776.76
46122.94	9776.76
46135.43	9776.76
46147.92	9776.76
46160.41	9776.76
46172.9	9776.76
46185.38	9776.76
46197.87	9776.76
46210.36	9776.76
46222.85	9776.76
46235.34	9776.76
46247.84	9776.76
46260.33	9776.76
46272.83	9776.76
46285.33	9776.76
46297.82	9776.76
46310.32	9776.76
46322.81	9776.76
46335.31	9776.76
46347.8	9776.76
46360.3	9776.76
46372.79	9776.76
46385.29	9776.76
46397.79	9776.76
46410.28	9776.76
46422.78	9779.77
46435.27	9782.78
46447.77	9785.79
46460.26	9788.8
46472.76	9791.81
46485.25	9791.81
46497.75	9791.81
46510.25	9791.81
46522.74	9791.81
46535.24	9791.81
46547.73	9791.81
46560.23	9791.81
46572.72	9791.81
46585.22	9791.81
46597.71	9791.81
46610.21	9791.81
46622.7	9791.81
46635.2	9791.81
46647.7	9791.81
46660.19	9791.81
46672.69	9791.81
46685.18	9791.81
46697.68	9791.81
46710.17	9791.81
46722.67	9791.81
46735.16	9791.81
46747.66	9791.81
46760.16	9793.96
46772.65	9796.11
46785.15	9798.26
46797.64	9800.41
46810.14	9802.56
46822.63	9804.71
46835.13	9806.86
46847.62	9806.86
46860.12	9806.86
46872.62	9806.86
46885.11	9806.86
46897.61	9806.86
46910.1	9806.86
46922.6	9806.86
46935.09	9814.39
46947.59	9821.91
46960.08	9821.91
46972.58	9821.91
46985.08	9821.91
46997.57	9821.91
47010.07	9821.91
47022.56	9821.91
47035.06	9821.91
47047.55	9821.91
47060.05	9821.91
47072.55	9821.91
47085.04	9821.91
47097.54	9821.91
47110.03	9821.91
47122.53	9821.91
47135.03	9822.05
47147.52	9822.18
47160.02	9822.32
47172.52	9822.45
47185.02	9822.59
47197.51	9822.72
47210.01	9822.85
47222.51	9822.99
47235	9823.12
47247.5	9823.26
47260	9823.39
47272.5	9823.53
47284.99	9823.66
47297.49	9823.8
47309.99	9823.93
47322.49	9824.06
47334.98	9824.2
47347.48	9824.33
47359.98	9824.47
47372.47	9824.6
47384.97	9824.74
47397.47	9824.87
47409.97	9825.01
47422.46	9825.14
47434.96	9825.27
47447.46	9825.41
47459.95	9825.54
47472.45	9825.68
47484.95	9825.81
47497.45	9825.95
47509.94	9826.08
47522.44	9826.21
47534.94	9826.35
47547.44	9826.48
47559.93	9826.62
47572.43	9826.75
47584.93	9826.89
47597.42	9827.02
47609.92	9827.16
47622.42	9827.29
47634.92	9827.42
47647.41	9827.56
47659.91	9827.69
47672.41	9827.83
47684.91	9827.96
47697.4	9828.1
47709.9	9828.23
47722.4	9828.37
47734.89	9828.5
47747.39	9828.63
47759.89	9828.77
47772.39	9828.9
47784.88	9829.04
47797.38	9829.17
47809.88	9829.31
47822.38	9829.44
47834.87	9829.58
47847.37	9829.71
47859.87	9829.84
47872.36	9829.98
47884.86	9830.11
47897.36	9830.25
47909.86	9830.38
47922.35	9830.52
47934.85	9830.65
47947.35	9830.78
47959.85	9830.92
47972.34	9831.05
47984.84	9831.19
47997.34	9831.32
48009.83	9831.46
48022.33	9831.59
48034.83	9831.73
48047.33	9831.86
48059.82	9831.99
48072.32	9832.13
48084.82	9832.26
48097.32	9832.4
48109.81	9832.53
48122.31	9832.67
48134.81	9832.8
48147.3	9832.93
48159.8	9833.07
48172.3	9833.2
48184.8	9833.34
48197.29	9833.47
48209.79	9833.61
48222.29	9833.74
48234.79	9833.88
48247.28	9834.01
48259.78	9834.14
48272.28	9834.28
48284.77	9834.41
48297.27	9834.55
48309.77	9834.68
48322.27	9834.82
48334.76	9834.95
48347.26	9835.08
48359.76	9835.22
48372.25	9835.35
48384.75	9835.49
48397.25	9835.62
48409.75	9835.76
48422.24	9835.89
48434.74	9836.03
48447.24	9836.16
48459.74	9836.29
48472.23	9836.43
48484.73	9836.56
48497.23	9836.7
48509.72	9836.83
48522.22	9838.87
48534.72	9839.14
48547.22	9839.41
48559.71	9839.68
48572.21	9839.95
48584.71	9840.22
48597.21	9840.5
48609.7	9840.77
48622.21	9841.04
48634.71	9841.31
48647.21	9841.58
48659.71	9841.85
48672.22	9842.12
48684.72	9842.39
48697.22	9842.66
48709.72	9842.94
48722.22	9843.21
48734.73	9843.48
48747.23	9843.75
48759.73	9844.02
48772.23	9844.29
48784.74	9844.56
48797.24	9844.83
48809.74	9845.1
48822.24	9845.38
48834.75	9845.65
48847.25	9845.92
48859.75	9846.19
48872.25	9846.46
48884.76	9846.73
48897.26	9847
48909.76	9847.27
48922.26	9847.54
48934.77	9847.82
48947.27	9848.09
48959.77	9848.36
48972.27	9848.63
48984.77	9848.9
48997.28	9849.17
49009.78	9849.44
49022.28	9849.71
49034.78	9849.98
49047.29	9850.26
49059.79	9850.53
49072.29	9850.8
49084.79	9851.07
49097.3	9851.34
49109.8	9851.61
49122.3	9851.88
49134.8	9852.15
49147.31	9852.42
49159.81	9852.7
49172.31	9852.97
49184.81	9853.24
49197.32	9853.51
49209.82	9853.78
49222.32	9854.05
49234.82	9854.32
49247.33	9854.59
49259.83	9854.86
49272.33	9855.14
49284.83	9855.41
49297.34	9855.68
49309.84	9855.95
49322.34	9856.22
49334.84	9856.49
49347.33	9856.76
49359.81	9857.03
49372.3	9857.3
49384.79	9857.57
49397.27	9857.84
49409.76	9858.12
49422.24	9858.39
49434.73	9858.66
49447.22	9858.93
49459.7	9859.2
49472.19	9859.47
49484.67	9859.74
49497.16	9860.01
49509.65	9860.28
49522.13	9860.55
49534.62	9860.82
49547.1	9861.09
49559.59	9861.37
49572.08	9861.64
49584.56	9861.91
49597.05	9862.18
49609.53	9862.45
49622.02	9862.72
49634.51	9862.99
49646.99	9863.26
49659.48	9863.53
49671.96	9863.8
49684.45	9864.07
49696.94	9864.34
49709.42	9864.61
49721.91	9864.88
49734.39	9865.16
49746.88	9865.43
49759.37	9865.7
49771.85	9865.97
49784.34	9866.24
49796.82	9866.51
49809.31	9866.78
49821.79	9867.05
49834.28	9867.32
49846.77	9867.59
49859.25	9867.86
49871.74	9868.13
49884.22	9868.41
49896.71	9868.67
49909.2	9868.95
49921.68	9869.22
49934.17	9869.49
49946.65	9869.76
49959.14	9870.03
49971.63	9870.3
49984.11	9870.57
49996.6	9870.84
50009.08	9871.11
50021.57	9871.38
50034.06	9871.65
50046.54	9871.92
50059.03	9872.2
50071.51	9872.47
50084.01	9872.74
50096.51	9873.01
50109.01	9873.28
50121.5	9873.55
50134	9873.82
50146.5	9874.09
50158.99	9874.36
50171.49	9874.63
50183.99	9874.91
50196.48	9875.18
50208.98	9875.45
50221.48	9875.72
50233.98	9875.99
50246.47	9876.26
50258.97	9876.53
50271.47	9876.8
50283.96	9877.07
50296.46	9877.34
50308.96	9877.61
50321.45	9877.89
50333.95	9878.16
50346.45	9878.43
50358.95	9878.7
50371.44	9878.97
50383.94	9879.24
50396.44	9879.51
50408.93	9879.78
50421.43	9880.05
50433.93	9880.32
50446.43	9880.6
50458.92	9880.87
50471.42	9881.14
50483.92	9881.41
50496.41	9881.68
50508.91	9881.95
50521.41	9882.22
50533.9	9882.49
50546.4	9882.76
50558.9	9883.03
50571.4	9883.3
50583.89	9883.58
50596.39	9883.85
50608.89	9884.12
50621.38	9884.39
50633.88	9884.66
50646.38	9884.93
50658.87	9885.2
50671.37	9885.47
50683.87	9885.74
50696.37	9886.01
50708.86	9886.29
50721.36	9886.56
50733.86	9886.83
50746.35	9887.1
50758.85	9887.37
50771.35	9887.64
50783.84	9887.91
50796.34	9888.18
50808.84	9888.45
50821.34	9888.72
50833.83	9889
50846.33	9889.27
50858.83	9889.54
50871.32	9889.81
50883.82	9890.08
50896.32	9890.35
50908.81	9890.62
50921.31	9890.89
50933.81	9891.16
50946.31	9891.43
50958.8	9891.71
50971.3	9891.98
50983.8	9892.25
50996.29	9892.52
51008.79	9892.79
51021.29	9893.06
51033.78	9893.33
51046.28	9893.6
51058.78	9893.87
51071.28	9894.14
51083.77	9894.42
51096.27	9894.69
51108.77	9894.96
51121.26	9895.23
51133.76	9895.5
51146.26	9895.77
51158.76	9896.04
51171.25	9896.31
51183.75	9896.58
51196.25	9896.85
51208.74	9897.12
51221.24	9897.4
51233.74	9897.67
51246.23	9897.94
51258.73	9898.21
51271.23	9898.48
51283.73	9898.75
51296.22	9899.02
51308.72	9899.29
51321.22	9899.56
51333.71	9899.83
51346.21	9900.1
51358.71	9900.38
51371.2	9900.65
51383.7	9900.92
51396.2	9901.19
51408.7	9901.46
51421.19	9901.73
51433.69	9902
51446.19	9902.27
51458.68	9902.54
51471.18	9902.82
51483.68	9903.09
51496.17	9903.36
51508.67	9903.63
51521.17	9903.9
51533.67	9904.17
51546.16	9904.44
51558.66	9904.71
51571.16	9904.98
51583.65	9905.25
51596.15	9905.52
51608.65	9905.8
51621.14	9906.07
51633.64	9906.34
51646.14	9906.61
51658.64	9906.88
51671.13	9907.15
51683.63	9907.42
51696.13	9907.69
51708.62	9907.96
51721.12	9908.23
51733.62	9908.51
51746.11	9908.78
51758.61	9909.05
51771.11	9909.32
51783.61	9909.59
51796.1	9909.86
51808.6	9910.13
51821.1	9910.4
51833.59	9910.67
51846.09	9910.94
51858.59	9911.21
51871.09	9911.49
51883.58	9911.76
51896.08	9912.03
51908.58	9912.3
51921.07	9912.57
51933.57	9912.84
51946.07	9913.11
51958.56	9913.38
51971.06	9913.65
51983.56	9913.92
51996.06	9914.2
52008.55	9914.47
52021.05	9914.74
52033.55	9915.01
52046.04	9915.28
52058.54	9915.55
52071.04	9915.82
52083.53	9916.09
52096.03	9916.36
52108.53	9916.63
52121.03	9916.91
52133.52	9917.18
52146.02	9917.45
52158.52	9917.72
52171.01	9917.99
52183.51	9918.26
52196.01	9918.53
52208.5	9918.8
52221	9919.07
52233.5	9919.34
52246	9919.62
52258.49	9919.89
52270.99	9920.16
52283.49	9920.43
52295.98	9920.7
52308.48	9920.97
52320.98	9921.24
52333.47	9921.51
52345.97	9921.78
52358.47	9922.05
52370.97	9922.33
52383.46	9922.6
52395.96	9922.87
52408.46	9923.14
52420.95	9923.41
52433.45	9923.68
52445.95	9923.95
52458.45	9924.22
52470.94	9924.49
52483.44	9924.76
52495.94	9925.03
52508.43	9925.31
52520.93	9925.58
52533.43	9925.85
52545.92	9926.12
52558.42	9926.39
52570.92	9926.66
52583.42	9926.93
52595.91	9927.2
52608.41	9927.47
52620.91	9927.75
52633.4	9928.01
52645.9	9928.29
52658.4	9928.56
52670.89	9928.83
52683.39	9929.1
52695.89	9929.37
52708.39	9929.64
52720.88	9929.91
52733.38	9930.18
52745.88	9930.45
52758.37	9930.73
52770.87	9931
52783.37	9931.27
52795.86	9931.54
52808.36	9931.81
52820.86	9932.08
52833.36	9932.35
52845.85	9932.62
52858.35	9932.89
52870.85	9933.16
52883.34	9933.43
52895.84	9933.71
52908.34	9933.98
52920.83	9934.25
52933.33	9934.52
52945.83	9934.79
52958.33	9935.06
52970.82	9935.33
52983.32	9935.6
52995.82	9935.87
53008.31	9936.14
53020.81	9936.42
53033.31	9936.69
53045.81	9936.96
53058.3	9937.23
53070.8	9937.5
53083.3	9937.77
53095.79	9938.04
53108.29	9938.31
53120.79	9938.58
53133.28	9938.85
53145.78	9939.12
53158.28	9939.4
53170.78	9939.67
53183.27	9939.94
53195.77	9940.21
53208.27	9940.48
53220.76	9940.75
53233.26	9941.02
53245.76	9941.29
53258.25	9941.56
53270.75	9941.83
53283.25	9942.11
53295.75	9942.38
53308.24	9942.65
53320.74	9942.92
53333.24	9943.19
53345.73	9943.46
53358.23	9943.73
53370.73	9944
53383.22	9944.27
53395.72	9944.54
53408.22	9944.82
53420.72	9945.09
53433.21	9945.36
53445.71	9945.63
53458.21	9945.9
53470.7	9946.17
53483.2	9946.44
53495.7	9946.71
53508.19	9946.98
53520.69	9947.25
53533.19	9947.53
53545.69	9947.8
53558.18	9948.07
53570.68	9948.34
53583.18	9948.61
53595.67	9948.88
53608.17	9949.15
53620.67	9949.42
53633.16	9949.69
53645.66	9949.96
53658.16	9950.24
53670.66	9950.51
53683.15	9950.78
53695.65	9951.05
53708.15	9951.32
53720.64	9951.59
53733.14	9951.86
53745.64	9952.13
53758.14	9952.4
53770.63	9952.67
53783.13	9952.94
53795.63	9953.22
53808.12	9953.49
53820.62	9953.76
53833.12	9954.03
53845.61	9954.3
53858.11	9954.57
53870.61	9954.84
53883.11	9955.11
53895.6	9955.38
53908.1	9955.66
53920.6	9955.92
53933.09	9956.2
53945.59	9956.47
53958.09	9956.74
53970.58	9957.01
53983.08	9957.28
53995.58	9957.55
54008.08	9957.82
54020.57	9958.09
54033.07	9958.36
54045.57	9958.64
54058.06	9958.91
54070.56	9959.18
54083.06	9959.45
54095.55	9959.72
54108.05	9959.99
54120.55	9960.26
54133.05	9960.53
54145.54	9960.8
54158.04	9961.07
54170.54	9961.34
54183.03	9961.62
54195.53	9961.89
54208.03	9962.16
54220.52	9962.43
54233.02	9962.7
54245.52	9962.97
54258.02	9963.24
54270.51	9963.51
54283.01	9963.78
54295.51	9964.05
54308	9964.33
54320.5	9964.6
54333	9964.87
54345.5	9965.14
54357.99	9965.41
54370.49	9965.68
54382.99	9965.95
54395.49	9966.22
54407.98	9966.49
54420.48	9966.76
54432.98	9967.04
54445.48	9967.31
54457.97	9967.58
54470.47	9967.85
54482.97	9968.12
54495.46	9968.39
54507.96	9968.66
54520.46	9968.93
54532.96	9969.2
54545.45	9969.47
54557.95	9969.75
54570.45	9970.02
54582.95	9970.29
54595.44	9970.56
54607.94	9970.83
54620.44	9971.1
54632.94	9971.37
54645.43	9971.64
54657.93	9971.91
54670.43	9972.18
54682.93	9972.46
54695.42	9972.73
54707.92	9973
54720.42	9973.27
54732.91	9973.54
54745.41	9973.81
54757.91	9974.08
54770.41	9974.35
54782.9	9974.62
54795.4	9974.89
54807.9	9975.17
54820.4	9975.44
54832.89	9975.71
54845.39	9975.98
54857.89	9976.25
54870.39	9976.52
54882.88	9976.79
54895.38	9977.06
54907.88	9977.33
54920.38	9977.6
54932.87	9977.87
54945.37	9978.15
54957.87	9978.42
54970.36	9978.69
54982.86	9978.96
54995.36	9979.23
55007.86	9979.5
55020.35	9979.77
55032.85	9980.04
55045.35	9980.31
55057.85	9980.58
55070.34	9980.86
55082.84	9981.13
55095.34	9981.4
55107.84	9981.67
55120.33	9981.94
55132.83	9982.21
55145.33	9982.48
55157.83	9982.75
55170.32	9983.02
55182.82	9983.29
55195.32	9983.57
55207.81	9983.84
55220.31	9984.11
55232.81	9984.38
55245.31	9984.65
55257.8	9984.92
55270.3	9985.19
55282.8	9985.46
55295.3	9985.73
55307.79	9986
55320.29	9986.28
55332.79	9986.55
55345.29	9986.82
55357.78	9987.09
55370.28	9987.36
55382.78	9987.63
55395.28	9987.9
55407.77	9988.17
55420.27	9988.44
55432.77	9988.71
55445.26	9988.98
55457.76	9989.26
55470.26	9989.53
55482.76	9989.8
55495.25	9990.07
55507.75	9990.34
55520.25	9990.61
55532.75	9990.88
55545.24	9991.15
55557.74	9991.42
55570.24	9991.69
55582.74	9991.97
55595.23	9992.24
55607.73	9992.51
55620.23	9992.78
55632.73	9993.05
55645.22	9993.32
55657.72	9993.59
55670.22	9993.86
55682.71	9994.13
55695.21	9994.4
55707.71	9994.67
55720.21	9994.95
55732.7	9995.22
55745.2	9995.49
55757.7	9995.76
55770.2	9996.03
55782.69	9996.3
55795.19	9996.57
55807.69	9996.84
55820.19	9997.11
55832.68	9997.39
55845.18	9997.66
55857.68	9997.93
55870.18	9998.2
55882.67	9998.47
55895.17	9998.74
55907.67	9999.01
55920.16	9999.28
55932.66	9999.55
55945.16	9999.82
55957.66	10000.09
55970.15	10000.37
55982.65	10000.64
55995.15	10000.91
56007.65	10001.18
56020.14	10001.45
56032.64	10001.72
56045.14	10001.99
56057.64	10002.26
56070.13	10002.53
56082.63	10002.8
56095.13	10003.08
56107.63	10003.35
56120.12	10003.62
56132.62	10003.89
56145.12	10004.16
56157.61	10004.43
56170.11	10004.7
56182.61	10004.97
56195.11	10005.24
56207.6	10005.51
56220.1	10005.79
56232.6	10006.06
56245.1	10006.33
56257.59	10006.33
56270.09	10006.33
56282.59	10006.33
56295.09	10006.33
56307.58	10006.33
56320.08	10006.33
56332.58	10006.33
56345.08	10006.33
56357.57	10006.33
56370.07	10006.33
56382.57	10006.33
56395.06	10006.33
56407.56	10006.33
56420.06	10006.33
56432.56	10006.33
56445.05	10006.33
56457.55	10006.33
56470.05	10006.33
56482.55	10006.33
56495.04	10006.33
56507.54	10006.33
56520.04	10006.33
56532.54	10006.33
56545.03	10006.33
56557.53	10006.33
56570.03	10006.33
56582.53	10006.33
56595.02	10006.33
56607.52	10006.33
56620.02	10006.33
56632.51	10006.33
56645.01	10006.33
56657.51	10006.33
56670	10006.33
56682.5	10006.33
56694.99	10006.33
56707.48	10006.33
56719.98	10006.33
56732.47	10006.33
56744.97	10006.33
56757.46	10006.33
56769.96	10006.33
56782.45	10006.33
56794.95	10006.33
56807.44	10006.33
56819.94	10006.33
56832.43	10006.33
56844.93	10006.33
56857.42	10006.33
56869.91	10006.33
56882.41	10006.33
56894.9	10006.33
56907.4	10006.33
56919.89	10006.33
56932.39	10006.33
56944.88	10006.33
56957.38	10006.33
56969.87	10006.33
56982.37	10006.33
56994.86	10006.33
57007.36	10006.33
57019.85	10006.33
57032.35	10006.33
57044.84	10006.33
57057.33	10006.33
57069.83	10006.33
57082.32	10006.33
57094.82	10006.33
57107.31	10006.33
57119.81	10006.33
57132.3	10006.33
57144.8	10006.33
57157.29	10006.33
57169.79	10006.33
57182.28	10006.33
57194.78	10006.33
57207.27	10006.33
57219.77	10006.33
57232.26	10006.33
57244.75	10006.33
57257.25	10006.33
57269.74	10006.33
57282.24	10006.33
57294.73	10006.33
57307.22	10006.33
57319.72	10006.33
57332.21	10006.33
57344.7	10006.33
57357.2	10006.33
57369.69	10006.33
57382.18	10006.33
57394.68	10006.33
57407.17	10006.33
57419.66	10006.33
57432.16	10006.33
57444.65	10006.33
57457.14	10006.33
57469.64	10006.33
57482.13	10006.33
57494.62	10006.33
57507.12	10006.33
57519.61	10006.33
57532.1	10006.33
57544.6	10006.33
57557.09	10006.33
57569.58	10006.33
57582.08	10006.33
57594.57	10006.33
57607.06	10006.33
57619.56	10006.33
57632.05	10006.33
57644.54	10006.33
57657.04	10006.33
57669.53	10006.33
57682.03	10006.33
57694.52	10006.33
57707.01	10006.33
57719.51	10006.33
57732	10006.33
57744.49	10006.33
57756.99	10006.33
57769.48	10006.33
57781.97	10006.33
57794.47	10006.33
57806.96	10006.33
57819.45	10006.33
57831.95	10006.33
57844.44	10006.33
57856.93	10006.33
57869.43	10006.33
57881.92	10006.33
57894.41	10006.33
57906.91	10006.33
57919.4	10006.33
57931.89	10006.33
57944.38	10006.33
57956.87	10006.33
57969.36	10006.33
57981.86	10006.33
57994.35	10006.33
58006.84	10006.33
58019.33	10006.33
58031.82	10006.33
