 39.66 7918.90 
 89.70 7912.95 
139.74 7907.01 
189.78 7903.52 
239.83 7900.52 
289.87 7897.53 
339.91 7894.53 
389.96 7891.08 
440.00 7883.90 
490.04 7876.72 
540.09 7869.54 
590.13 7862.35 
640.17 7855.17 
690.22 7847.99 
740.26 7840.81 
790.30 7833.41 
840.35 7825.98 
890.39 7818.56 
940.43 7811.13 
990.48 7803.70 
1040.52 7796.27 
1090.56 7788.85 
1140.60 7781.42 
1190.65 7773.99 
1240.69 7769.13 
1290.73 7764.27 
1340.78 7759.42 
1390.82 7754.57 
1440.86 7750.36 
1490.91 7750.36 
1540.95 7750.36 
1590.99 7750.36 
1641.04 7750.36 
1691.08 7750.36 
1741.12 7746.56 
1791.17 7739.93 
1841.21 7733.31 
1891.25 7726.68 
1941.30 7720.06 
1991.34 7713.43 
2041.38 7705.41 
2091.42 7697.20 
2141.47 7688.98 
2191.51 7680.77 
2241.55 7672.55 
2291.60 7664.34 
2341.64 7656.13 
2391.68 7647.91 
2441.73 7637.98 
2491.77 7623.30 
2541.81 7608.62 
2591.86 7593.94 
2641.90 7579.25 
2691.94 7564.56 
2741.99 7549.76 
2792.03 7534.96 
2842.07 7520.16 
2892.12 7505.36 
2942.16 7490.56 
2992.20 7477.42 
3042.24 7464.97 
3092.29 7452.52 
3142.33 7440.07 
3192.37 7429.19 
3242.42 7419.64 
3292.46 7410.09 
3342.50 7400.54 
3392.55 7391.06 
3442.59 7382.26 
3492.63 7373.46 
3542.68 7364.65 
3592.72 7355.85 
3642.76 7347.05 
3692.81 7338.25 
3742.85 7329.44 
3792.89 7320.27 
3842.94 7310.84 
3892.98 7301.41 
3943.02 7291.98 
3993.07 7282.55 
4043.11 7274.95 
4093.15 7268.64 
4143.19 7262.32 
4193.24 7256.00 
4243.28 7249.69 
4293.32 7243.37 
4343.37 7235.17 
4393.41 7225.81 
4443.45 7216.44 
4493.50 7207.07 
4543.54 7199.11 
4593.58 7192.12 
4643.63 7185.12 
4693.67 7178.13 
4743.71 7171.14 
4793.76 7169.50 
4843.80 7168.69 
4893.84 7167.88 
4943.89 7167.08 
4993.93 7166.27 
5043.97 7165.48 
5094.01 7165.48 
5144.06 7165.48 
5194.10 7165.48 
5244.14 7165.48 
5294.19 7165.48 
5344.23 7165.48 
5394.27 7165.48 
5444.32 7164.63 
5494.36 7161.24 
5544.40 7157.84 
5594.45 7154.45 
5644.49 7151.05 
5694.53 7147.66 
5744.58 7144.26 
5794.62 7139.96 
5844.66 7133.60 
5894.71 7127.23 
5944.75 7120.86 
5994.79 7114.50 
6044.83 7108.13 
6094.88 7101.77 
6144.92 7093.73 
6194.96 7084.75 
6245.01 7075.76 
6295.05 7066.77 
6345.09 7057.78 
6395.14 7048.62 
6445.18 7039.45 
6495.22 7030.27 
6545.27 7021.09 
6595.31 7011.92 
6645.35 7003.12 
6695.40 6994.44 
6745.44 6985.75 
6795.48 6977.06 
6845.53 6968.38 
6895.57 6959.69 
6945.61 6951.99 
6995.65 6944.54 
7045.70 6937.09 
7095.74 6929.63 
7145.78 6922.18 
7195.83 6915.50 
7245.87 6915.50 
7295.91 6915.50 
7345.96 6915.50 
7396.00 6915.50 
7446.04 6915.50 
7496.09 6915.50 
7546.13 6915.50 
7596.17 6915.50 
7646.22 6915.50 
7696.26 6915.50 
7746.30 6915.50 
7796.35 6915.50 
7846.39 6915.50 
7896.43 6915.50 
7946.47 6915.50 
7996.52 6915.50 
8046.56 6915.50 
8096.60 6915.50 
8146.65 6915.50 
8196.69 6915.50 
8246.73 6918.11 
8296.78 6924.57 
8346.82 6931.04 
8396.86 6937.51 
8446.91 6943.98 
8496.95 6950.44 
8546.99 6956.91 
8597.04 6963.38 
8647.08 6969.84 
8697.12 6975.87 
8747.17 6981.67 
8797.21 6987.47 
8847.25 6993.26 
8897.29 6999.06 
8947.34 7004.86 
8997.38 7013.03 
9047.42 7021.31 
9097.47 7029.59 
9147.51 7037.87 
9197.55 7046.15 
9247.60 7055.93 
9297.64 7069.95 
9347.68 7083.97 
9397.73 7098.00 
9447.77 7112.02 
9497.81 7126.04 
9547.86 7140.07 
9597.90 7158.93 
9647.94 7178.52 
9697.99 7198.11 
9748.03 7217.69 
9798.07 7237.28 
9848.11 7256.87 
9898.16 7276.46 
9948.20 7293.90 
9998.24 7310.17 
10048.29 7326.44 
10098.33 7342.71 
10148.37 7358.98 
10198.42 7375.25 
10248.46 7391.52 
10298.50 7412.78 
10348.55 7434.15 
10398.59 7455.53 
10448.63 7480.26 
10498.68 7516.48 
10548.72 7552.70 
10598.76 7588.91 
10648.81 7626.03 
10698.85 7677.70 
10748.89 7729.37 
10798.93 7781.03 
10848.98 7810.79 
10899.02 7837.07 
10949.06 7863.36 
10999.11 7889.64 
11049.15 7910.55 
11099.19 7927.18 
11149.24 7943.81 
11199.28 7960.44 
11249.32 7977.07 
11299.37 7993.70 
11349.41 8010.33 
11399.45 8030.69 
11449.50 8052.30 
11499.54 8073.90 
11549.58 8095.51 
11599.63 8116.35 
11649.67 8133.33 
11699.71 8150.30 
11749.75 8167.28 
11799.80 8184.26 
11849.84 8198.41 
11899.88 8211.47 
11949.93 8224.53 
11999.97 8237.59 
12050.01 8250.65 
12100.06 8263.04 
12150.10 8273.91 
12200.14 8284.77 
12250.19 8295.64 
12300.23 8306.50 
12350.27 8317.37 
12400.32 8328.23 
12450.36 8337.50 
12500.40 8343.86 
12550.45 8350.23 
12600.49 8356.60 
12650.53 8362.96 
12700.57 8369.71 
12750.62 8376.50 
12800.66 8383.30 
12850.70 8390.09 
12900.75 8396.91 
12950.79 8404.46 
13000.83 8412.00 
13050.88 8419.55 
13100.92 8427.09 
13150.96 8434.64 
13201.01 8442.18 
13251.05 8449.73 
13301.09 8457.18 
13351.14 8464.56 
13401.18 8471.94 
13451.22 8479.32 
13501.27 8486.71 
13551.31 8494.09 
13601.35 8501.45 
13651.39 8508.73 
13701.44 8516.00 
13751.48 8523.28 
13801.52 8530.55 
13851.57 8537.83 
13901.61 8545.02 
13951.65 8552.05 
14001.70 8559.07 
14051.74 8566.10 
14101.78 8573.11 
14151.83 8580.10 
14201.87 8587.09 
14251.91 8594.08 
14301.96 8601.07 
14352.00 8608.04 
14402.04 8614.98 
14452.09 8621.93 
14502.13 8628.87 
14552.17 8635.82 
14602.21 8642.76 
14652.26 8653.65 
14702.30 8669.25 
14752.34 8684.85 
14802.39 8700.45 
14852.43 8716.05 
14902.47 8730.53 
14952.52 8742.58 
15002.56 8754.62 
15052.60 8766.67 
15102.65 8778.77 
15152.69 8796.37 
15202.73 8813.98 
15252.78 8831.58 
15302.82 8848.35 
15352.86 8862.72 
15402.91 8877.08 
15452.95 8891.45 
15502.99 8910.03 
15553.03 8930.92 
15603.08 8951.82 
15653.12 8972.49 
15703.16 8986.94 
15753.21 9001.39 
15803.25 9015.83 
15853.29 9030.28 
15903.34 9044.73 
15953.38 9059.18 
16003.42 9071.58 
16053.47 9081.97 
16103.51 9092.36 
16153.55 9102.76 
16203.60 9113.15 
16253.64 9123.55 
16303.68 9133.94 
16353.73 9141.72 
16403.77 9148.36 
16453.81 9155.00 
16503.85 9161.64 
16553.90 9168.29 
16603.94 9174.93 
16653.98 9181.53 
16704.03 9188.03 
16754.07 9194.53 
16804.11 9201.03 
16854.16 9207.54 
16904.20 9214.04 
16954.24 9220.54 
17004.29 9224.50 
17054.33 9227.73 
17104.37 9230.96 
17154.42 9234.20 
17204.46 9237.43 
17254.50 9240.67 
17304.55 9239.23 
17354.59 9237.51 
17404.63 9235.79 
17454.67 9234.07 
17504.72 9232.35 
17554.76 9230.63 
17604.80 9228.91 
17654.85 9227.19 
17704.89 9225.47 
17754.93 9223.76 
17804.98 9222.04 
17855.02 9220.23 
17905.06 9218.42 
17955.11 9216.61 
18005.15 9214.80 
18055.19 9212.99 
18105.24 9211.17 
18155.28 9209.36 
18205.32 9207.55 
18255.37 9205.74 
18305.41 9203.93 
18355.45 9203.12 
18405.49 9203.12 
18455.54 9203.12 
18505.58 9203.12 
18555.62 9203.12 
18605.67 9203.12 
18655.71 9203.12 
18705.75 9203.42 
18755.80 9204.07 
18805.84 9204.72 
18855.88 9205.38 
18905.93 9206.03 
18955.97 9206.68 
19006.01 9207.34 
19056.06 9207.83 
19106.10 9207.83 
19156.14 9207.83 
19206.19 9207.83 
19256.23 9207.83 
19306.27 9207.83 
19356.31 9207.83 
19406.36 9207.83 
19456.40 9207.83 
19506.44 9207.83 
19556.49 9207.83 
19606.53 9207.83 
19656.57 9207.83 
19706.62 9207.83 
19756.66 9207.66 
19806.70 9205.24 
19856.75 9202.81 
19906.79 9200.39 
19956.83 9197.20 
20006.88 9190.54 
20056.92 9183.89 
20106.96 9177.23 
20157.01 9170.57 
20207.05 9163.91 
20257.09 9157.26 
20307.13 9150.89 
20357.18 9147.28 
20407.22 9143.66 
20457.26 9140.05 
20507.31 9136.44 
20557.35 9132.83 
20607.39 9129.22 
20657.44 9127.65 
20707.48 9127.65 
20757.52 9127.65 
20807.57 9127.65 
20857.61 9127.65 
20907.65 9127.65 
20957.70 9127.65 
21007.74 9127.65 
21057.78 9127.65 
21107.83 9127.65 
21157.87 9127.65 
21207.91 9127.65 
21257.95 9127.65 
21308.00 9127.65 
21358.04 9127.65 
21408.08 9127.65 
21458.13 9127.65 
21508.17 9127.65 
21558.21 9127.65 
21608.26 9127.65 
21658.30 9127.65 
21708.34 9127.65 
21758.39 9127.65 
21808.43 9127.65 
21858.47 9127.23 
21908.52 9125.57 
21958.56 9123.91 
22008.60 9122.26 
22058.65 9120.60 
22108.69 9118.95 
22158.73 9116.57 
22208.77 9113.61 
22258.82 9110.66 
22308.86 9107.71 
22358.90 9104.76 
22408.95 9101.80 
22458.99 9098.28 
22509.03 9091.91 
22559.08 9085.55 
22609.12 9079.18 
22659.16 9072.81 
22709.21 9065.32 
22759.25 9057.40 
22809.29 9049.48 
22859.34 9041.56 
22909.38 9036.08 
22959.42 9032.57 
23009.47 9029.06 
23059.51 9025.54 
23109.55 9021.74 
23159.59 9017.66 
23209.64 9013.59 
23259.68 9009.69 
23309.72 9008.86 
23359.77 9008.03 
23409.81 9007.20 
23459.85 9006.37 
23509.90 9005.54 
23559.94 9005.01 
23609.98 9005.01 
23660.03 9005.01 
23710.07 9005.01 
23760.11 9005.01 
23810.16 9005.01 
23860.20 9005.01 
23910.24 9005.01 
23960.29 9005.01 
24010.33 9005.01 
24060.37 9005.01 
24110.41 9005.01 
24160.46 9005.01 
24210.50 9007.88 
24260.54 9011.89 
24310.59 9015.90 
24360.63 9019.91 
24410.67 9023.92 
24460.72 9027.93 
24510.76 9031.94 
24560.80 9035.95 
24610.85 9039.96 
24660.89 9043.98 
24710.93 9045.71 
24760.98 9046.97 
24811.02 9048.22 
24861.06 9049.48 
24911.11 9050.74 
24961.15 9051.97 
25011.19 9052.51 
25061.23 9053.05 
25111.28 9053.59 
25161.32 9054.13 
25211.36 9054.67 
25261.41 9055.21 
25311.45 9056.79 
25361.49 9061.22 
25411.54 9065.64 
25461.58 9070.07 
25511.62 9074.50 
25561.67 9078.93 
25611.71 9083.36 
25661.75 9087.79 
25711.80 9090.12 
25761.84 9092.12 
25811.88 9094.12 
25861.93 9096.12 
25911.97 9098.11 
25962.01 9102.12 
26012.05 9109.32 
26062.10 9116.52 
26112.14 9123.72 
26162.18 9130.68 
26212.23 9137.60 
26262.27 9144.52 
26312.31 9151.43 
26362.36 9158.35 
26412.40 9165.28 
26462.44 9172.61 
26512.49 9179.93 
26562.53 9187.25 
26612.57 9194.57 
26662.62 9201.90 
26712.66 9208.69 
26762.70 9215.08 
26812.75 9221.47 
26862.79 9227.86 
26912.83 9234.25 
26962.87 9240.64 
27012.92 9247.03 
27062.96 9253.43 
27113.00 9259.82 
27163.05 9263.17 
27213.09 9262.76 
27263.13 9262.35 
27313.18 9261.94 
27363.22 9261.54 
27413.26 9261.13 
27463.31 9260.72 
27513.35 9260.31 
27563.39 9259.90 
27613.44 9259.49 
27663.48 9259.31 
27713.52 9259.31 
27763.57 9259.31 
27813.61 9259.31 
27863.65 9258.99 
27913.69 9256.06 
27963.74 9253.14 
28013.78 9250.21 
28063.82 9247.28 
28113.87 9244.36 
28163.91 9241.43 
28213.95 9238.50 
28264.00 9235.57 
28314.04 9230.67 
28364.08 9223.88 
28414.13 9217.09 
28464.17 9210.30 
28514.21 9203.51 
28564.26 9197.54 
28614.30 9193.30 
28664.34 9189.05 
28714.39 9184.81 
28764.43 9180.56 
28814.47 9178.77 
28864.52 9178.77 
28914.56 9178.77 
28964.60 9178.77 
29014.64 9179.47 
29064.69 9180.68 
29114.73 9181.89 
29164.77 9183.11 
29214.82 9183.81 
29264.86 9183.81 
29314.90 9183.81 
29364.95 9183.81 
29414.99 9183.81 
29465.03 9183.81 
29515.08 9183.81 
29565.12 9183.81 
29615.16 9182.03 
29665.21 9177.79 
29715.25 9173.55 
29765.29 9169.30 
29815.34 9165.06 
29865.38 9160.81 
29915.42 9156.57 
29965.46 9152.33 
30015.51 9148.08 
30065.55 9143.84 
30115.59 9136.85 
30165.64 9129.65 
30215.68 9122.44 
30265.72 9115.24 
30315.77 9108.02 
30365.81 9100.18 
30415.85 9092.35 
30465.90 9084.51 
30515.94 9078.10 
30565.98 9078.10 
30616.03 9078.10 
30666.07 9078.10 
30716.11 9078.10 
30766.16 9078.10 
30816.20 9078.10 
30866.24 9078.10 
30916.28 9078.10 
30966.33 9078.10 
31016.37 9078.10 
31066.41 9078.10 
31116.46 9078.10 
31166.50 9078.10 
31216.54 9078.10 
31266.59 9078.10 
31316.63 9078.10 
31366.67 9078.10 
31416.72 9078.10 
31466.76 9076.76 
31516.80 9070.19 
31566.85 9063.61 
31616.89 9057.04 
31666.93 9050.47 
31716.98 9046.10 
31767.02 9043.15 
31817.06 9040.19 
31867.10 9037.83 
31917.15 9037.83 
31967.19 9037.83 
32017.23 9037.83 
32067.28 9037.83 
32117.32 9037.83 
32167.36 9037.83 
32217.41 9037.83 
32267.45 9037.83 
32317.49 9037.83 
32367.54 9037.83 
32417.58 9037.83 
32467.62 9037.83 
32517.67 9037.83 
32567.71 9037.83 
32617.75 9037.83 
32667.80 9037.83 
32717.84 9037.83 
32767.88 9037.83 
32817.92 9037.83 
32867.97 9037.83 
32918.01 9037.83 
32968.05 9037.83 
33018.10 9037.83 
33068.14 9037.83 
33118.18 9037.83 
33168.23 9037.83 
33218.27 9037.83 
33268.31 9037.83 
33318.36 9037.83 
33368.40 9037.83 
33418.44 9037.83 
33468.49 9037.83 
33518.53 9037.83 
33568.57 9037.83 
33618.62 9037.83 
33668.66 9037.83 
33718.70 9037.83 
33768.74 9037.83 
33818.79 9037.83 
33868.83 9037.83 
33918.87 9037.83 
33968.92 9037.83 
34018.96 9037.83 
34069.00 9037.83 
34119.05 9037.83 
34169.09 9037.83 
34219.13 9037.83 
34269.18 9037.83 
34319.22 9037.83 
34369.26 9037.83 
34419.31 9037.83 
34469.35 9037.83 
34519.39 9037.83 
34569.44 9037.83 
34619.48 9037.04 
34669.52 9034.72 
34719.56 9032.41 
34769.61 9030.09 
34819.65 9027.78 
34869.69 9025.46 
34919.74 9023.15 
34969.78 9022.72 
35019.82 9022.72 
35069.87 9022.72 
35119.91 9022.72 
35169.95 9022.72 
35220.00 9022.72 
35270.04 9022.72 
35320.08 9022.72 
35370.13 9022.72 
35420.17 9022.72 
35470.21 9022.72 
35520.26 9022.72 
35570.30 9022.72 
35620.34 9022.40 
35670.38 9021.70 
35720.43 9021.01 
35770.47 9020.32 
35820.51 9019.62 
35870.56 9018.93 
35920.60 9018.24 
35970.64 9016.62 
36020.69 9011.53 
36070.73 9006.44 
36120.77 9001.35 
36170.82 8996.25 
36220.86 8991.16 
36270.90 8986.61 
36320.95 8983.45 
36370.99 8980.29 
36421.03 8977.13 
36471.08 8973.97 
36521.12 8970.82 
36571.16 8967.66 
36621.20 8962.63 
36671.25 8957.41 
36721.29 8952.19 
36771.33 8947.22 
36821.38 8947.22 
36871.42 8947.22 
36921.46 8947.22 
36971.51 8947.22 
37021.55 8947.22 
37071.59 8947.22 
37121.64 8947.22 
37171.68 8947.22 
37221.72 8947.22 
37271.77 8947.22 
37321.81 8947.22 
37371.85 8947.22 
37421.90 8947.22 
37471.94 8947.22 
37521.98 8947.22 
37572.02 8947.22 
37622.07 8947.22 
37672.11 8947.79 
37722.15 8950.02 
37772.20 8952.24 
37822.24 8954.47 
37872.28 8956.70 
37922.33 8958.92 
37972.37 8961.15 
38022.41 8963.38 
38072.46 8965.60 
38122.50 8968.75 
38172.54 8975.28 
38222.59 8981.81 
38272.63 8988.34 
38322.67 8995.07 
38372.72 9002.18 
38422.76 9009.28 
38472.80 9016.39 
38522.84 9023.50 
38572.89 9030.60 
38622.93 9037.71 
38672.97 9044.66 
38723.02 9051.60 
38773.06 9058.55 
38823.10 9065.49 
38873.15 9072.44 
38923.19 9079.38 
38973.23 9086.55 
39023.28 9093.98 
39073.32 9101.40 
39123.36 9108.83 
39173.41 9116.26 
39223.45 9122.84 
39273.49 9129.10 
39323.54 9135.35 
39373.58 9141.61 
39423.62 9147.86 
39473.66 9153.60 
39523.71 9153.60 
39573.75 9153.60 
39623.79 9153.60 
39673.84 9153.60 
39723.88 9153.60 
39773.92 9153.60 
39823.97 9153.60 
39874.01 9153.60 
39924.05 9153.60 
39974.10 9153.60 
40024.14 9153.60 
40074.18 9153.60 
40124.23 9153.60 
40174.27 9153.60 
40224.31 9153.60 
40274.36 9153.60 
40324.40 9153.58 
40374.44 9152.79 
40424.48 9152.00 
40474.53 9151.21 
40524.57 9150.42 
40574.61 9149.63 
40624.66 9148.84 
40674.70 9145.38 
40724.74 9140.53 
40774.79 9135.68 
40824.83 9130.83 
40874.87 9127.90 
40924.92 9126.84 
40974.96 9125.78 
41025.00 9124.71 
41075.05 9123.65 
41125.09 9123.40 
41175.13 9123.40 
41225.18 9123.40 
41275.22 9123.35 
41325.26 9122.48 
41375.30 9121.61 
41425.35 9120.74 
41475.39 9119.87 
41525.43 9119.00 
41575.48 9118.37 
41625.52 9118.37 
41675.56 9118.37 
41725.61 9118.37 
41775.65 9118.37 
41825.69 9118.37 
41875.74 9118.37 
41925.78 9118.37 
41975.82 9118.37 
42025.87 9118.37 
42075.91 9118.37 
42125.95 9118.37 
42176.00 9118.37 
42226.04 9118.37 
42276.08 9116.94 
42326.12 9114.68 
42376.17 9112.42 
42426.21 9110.16 
42476.25 9107.90 
42526.30 9105.64 
42576.34 9103.38 
42626.38 9101.12 
42676.43 9098.86 
42726.47 9097.14 
42776.51 9095.97 
42826.56 9094.80 
42876.60 9093.63 
42926.64 9092.46 
42976.69 9085.66 
43026.73 9077.17 
43076.77 9068.68 
43126.82 9063.87 
43176.86 9062.61 
43226.90 9061.35 
43276.94 9060.09 
43326.99 9058.97 
43377.03 9058.97 
43427.07 9058.97 
43477.12 9058.97 
43527.16 9058.97 
43577.20 9058.97 
43627.25 9058.97 
43677.29 9058.97 
43727.33 9058.97 
43777.38 9058.97 
43827.42 9058.97 
43877.46 9059.04 
43927.51 9063.67 
43977.55 9068.30 
44027.59 9072.93 
44077.64 9076.01 
44127.68 9077.00 
44177.72 9078.00 
44227.76 9079.00 
44277.81 9080.00 
44327.85 9081.00 
44377.89 9087.77 
44427.94 9095.32 
44477.98 9102.86 
44528.02 9108.13 
44578.07 9113.28 
44628.11 9118.42 
44678.15 9123.57 
44728.20 9128.71 
44778.24 9135.06 
44828.28 9142.33 
44878.33 9149.61 
44928.37 9156.89 
44978.41 9164.16 
45028.46 9171.61 
45078.50 9179.07 
45128.54 9186.52 
45178.58 9193.97 
45228.63 9201.43 
45278.67 9208.88 
45328.71 9215.93 
45378.76 9222.11 
45428.80 9228.28 
45478.84 9234.45 
45528.89 9240.62 
45578.93 9246.80 
45628.97 9254.81 
45679.02 9262.96 
45729.06 9271.10 
45779.10 9279.25 
45829.15 9286.24 
45879.19 9293.03 
45929.23 9299.82 
45979.28 9306.62 
46029.32 9313.41 
46079.36 9320.47 
46129.40 9327.54 
46179.45 9334.61 
46229.49 9341.63 
46279.53 9347.54 
46329.58 9353.44 
46379.62 9359.35 
46429.66 9365.25 
46479.71 9371.16 
46529.75 9377.06 
46579.79 9382.97 
46629.84 9385.66 
46679.88 9385.66 
46729.92 9385.66 
46779.97 9385.66 
46830.01 9385.66 
46880.05 9385.66 
46930.10 9385.66 
46980.14 9385.66 
47030.18 9385.66 
47080.22 9385.66 
47130.27 9385.66 
47180.31 9385.66 
47230.35 9385.66 
47280.40 9385.66 
47330.44 9385.66 
47380.48 9385.66 
47430.53 9385.66 
47480.57 9385.66 
47530.61 9385.66 
47580.66 9385.66 
47630.70 9385.66 
47680.74 9385.66 
47730.79 9385.66 
47780.83 9385.66 
47830.87 9385.66 
47880.92 9385.66 
47930.96 9385.66 
47981.00 9385.66 
48031.04 9385.66 
48081.09 9385.66 
48131.13 9385.66 
48181.17 9385.66 
48231.22 9385.66 
48281.26 9385.66 
48331.30 9385.66 
48381.35 9385.66 
48431.39 9385.66 
48481.43 9385.66 
48531.48 9385.66 
48581.52 9385.66 
48631.56 9385.66 
48681.61 9385.66 
48731.65 9385.66 
48781.69 9385.66 
48831.74 9385.66 
48881.78 9385.66 
48931.82 9385.66 
48981.86 9385.66 
49031.91 9385.66 
49081.95 9385.66 
49131.99 9385.66 
49182.04 9385.66 
49232.08 9385.66 
49282.12 9385.66 
49332.17 9385.66 
49382.21 9385.66 
49432.25 9385.66 
49482.30 9385.66 
49532.34 9385.66 
49582.38 9385.66 
49632.43 9385.66 
49682.47 9385.66 
49732.51 9385.66 
49782.56 9385.66 
49832.60 9385.66 
49882.64 9385.66 
49932.68 9385.66 
49982.73 9386.13 
50032.77 9388.61 
50082.81 9391.10 
50132.86 9393.58 
50182.90 9396.07 
50232.94 9398.55 
50282.99 9401.04 
