 44.40 4927.76 
 94.41 4926.96 
144.43 4926.17 
194.44 4925.38 
244.46 4924.59 
294.47 4923.80 
344.49 4923.01 
394.50 4925.50 
444.51 4929.26 
494.53 4933.02 
544.54 4936.78 
594.56 4940.54 
644.57 4944.30 
694.59 4948.05 
744.60 4951.81 
794.62 4958.94 
844.63 4967.00 
894.64 4975.05 
944.66 4983.11 
994.67 4991.16 
1044.69 4998.40 
1094.70 5005.34 
1144.72 5012.28 
1194.73 5019.22 
1244.75 5026.10 
1294.76 5031.61 
1344.77 5037.12 
1394.79 5042.64 
1444.80 5048.15 
1494.82 5053.66 
1544.83 5057.42 
1594.85 5060.16 
1644.86 5062.89 
1694.88 5065.62 
1744.89 5068.36 
1794.90 5071.09 
1844.92 5073.83 
1894.93 5076.56 
1944.95 5080.44 
1994.96 5084.82 
2044.98 5089.21 
2094.99 5093.59 
2145.01 5098.48 
2195.02 5104.22 
2245.03 5109.97 
2295.05 5115.72 
2345.06 5121.47 
2395.08 5127.22 
2445.09 5133.17 
2495.11 5139.81 
2545.12 5146.44 
2595.13 5153.07 
2645.15 5159.71 
2695.16 5166.34 
2745.18 5172.79 
2795.19 5177.54 
2845.21 5182.29 
2895.22 5187.04 
2945.24 5191.78 
2995.25 5196.53 
3045.26 5201.28 
3095.28 5206.48 
3145.29 5213.12 
3195.31 5219.75 
3245.32 5226.38 
3295.34 5233.02 
3345.35 5239.65 
3395.37 5246.14 
3445.38 5251.45 
3495.39 5256.76 
3545.41 5262.06 
3595.42 5267.37 
3645.44 5272.68 
3695.45 5277.98 
3745.47 5284.78 
3795.48 5291.61 
3845.50 5298.45 
3895.51 5305.27 
3945.52 5308.80 
3995.54 5312.34 
4045.55 5315.88 
4095.57 5319.42 
4145.58 5322.95 
4195.60 5326.49 
4245.61 5330.39 
4295.63 5334.35 
4345.64 5338.31 
4395.65 5342.27 
4445.67 5346.22 
4495.68 5350.18 
4545.70 5354.18 
4595.71 5361.07 
4645.73 5367.96 
4695.74 5374.86 
4745.76 5381.75 
4795.77 5387.50 
4845.78 5392.74 
4895.80 5397.97 
4945.81 5403.21 
4995.83 5408.44 
5045.84 5412.05 
5095.86 5414.87 
5145.87 5417.69 
5195.89 5420.51 
5245.90 5423.33 
5295.91 5426.15 
5345.93 5428.97 
5395.94 5431.79 
5445.96 5434.61 
5495.97 5437.43 
5545.99 5440.25 
5596.00 5442.94 
5646.02 5445.61 
5696.03 5448.29 
5746.04 5450.96 
5796.06 5453.63 
5846.07 5456.30 
5896.09 5458.98 
5946.10 5461.65 
5996.12 5464.32 
6046.13 5467.00 
6096.15 5469.67 
6146.16 5472.34 
6196.17 5476.54 
6246.19 5481.41 
6296.20 5486.27 
6346.22 5491.13 
6396.23 5496.00 
6446.25 5500.86 
6496.26 5505.73 
6546.28 5510.59 
6596.29 5515.46 
6646.30 5520.40 
6696.32 5525.41 
6746.33 5530.42 
6796.35 5535.43 
6846.36 5540.44 
6896.38 5545.46 
6946.39 5550.47 
6996.40 5555.48 
7046.42 5560.67 
7096.43 5566.14 
7146.45 5571.61 
7196.46 5577.07 
7246.48 5582.54 
7296.49 5588.01 
7346.51 5592.71 
7396.52 5596.47 
7446.53 5600.23 
7496.55 5603.99 
7546.56 5607.75 
7596.58 5611.50 
7646.59 5613.64 
7696.61 5614.18 
7746.62 5614.72 
7796.64 5615.25 
7846.65 5614.21 
7896.66 5612.54 
7946.68 5610.86 
7996.69 5609.19 
8046.71 5607.52 
8096.72 5605.85 
8146.74 5604.18 
8196.75 5602.99 
8246.77 5602.45 
8296.78 5601.91 
8346.79 5601.38 
8396.81 5600.84 
8446.82 5600.30 
8496.84 5599.77 
8546.85 5599.23 
8596.87 5600.52 
8646.88 5602.13 
8696.90 5603.74 
8746.91 5605.50 
8796.92 5609.26 
8846.94 5613.02 
8896.95 5616.78 
8946.97 5620.53 
8996.98 5624.29 
9047.00 5628.05 
9097.01 5631.81 
9147.03 5634.70 
9197.04 5636.70 
9247.05 5638.70 
9297.07 5640.71 
9347.08 5642.71 
9397.10 5644.72 
9447.11 5646.72 
9497.13 5648.73 
9547.14 5650.83 
9597.16 5653.09 
9647.17 5655.34 
9697.18 5657.60 
9747.20 5659.85 
9797.21 5662.11 
9847.23 5664.36 
9897.24 5666.62 
9947.26 5668.31 
9997.27 5668.56 
10047.29 5668.81 
10097.30 5669.06 
10147.31 5669.31 
10197.33 5669.56 
10247.34 5669.82 
10297.36 5670.07 
10347.37 5670.48 
10397.39 5671.68 
10447.40 5672.89 
10497.42 5674.09 
10547.43 5675.29 
10597.44 5676.49 
10647.46 5677.70 
10697.47 5679.27 
10747.49 5681.38 
10797.50 5683.48 
10847.52 5685.59 
10897.53 5687.69 
10947.54 5689.80 
10997.56 5691.90 
11047.57 5693.75 
11097.59 5695.46 
11147.60 5697.17 
11197.62 5698.87 
11247.63 5700.58 
11297.65 5702.29 
11347.66 5703.91 
11397.67 5705.49 
11447.69 5707.08 
11497.70 5708.66 
11547.72 5710.24 
11597.73 5711.82 
11647.75 5713.41 
11697.76 5714.99 
11747.78 5716.57 
11797.79 5718.16 
11847.80 5719.68 
11897.82 5721.15 
11947.83 5722.61 
11997.85 5724.07 
12047.86 5725.53 
12097.88 5726.99 
12147.89 5728.46 
12197.91 5729.92 
12247.92 5731.38 
12297.93 5732.84 
12347.95 5732.11 
12397.96 5730.48 
12447.98 5728.85 
12497.99 5727.21 
12548.01 5725.58 
12598.02 5723.94 
12648.04 5721.76 
12698.05 5719.02 
12748.06 5716.27 
12798.08 5713.53 
12848.09 5710.78 
12898.11 5708.15 
12948.12 5707.38 
12998.14 5706.61 
13048.15 5705.84 
13098.17 5705.06 
13148.18 5704.29 
13198.19 5703.52 
13248.21 5702.75 
13298.22 5701.98 
13348.24 5701.21 
13398.25 5700.44 
13448.27 5699.67 
13498.28 5698.90 
13548.30 5698.12 
13598.31 5697.35 
13648.32 5696.71 
13698.34 5696.39 
13748.35 5696.08 
13798.37 5695.77 
13848.38 5695.45 
13898.40 5695.14 
13948.41 5694.83 
13998.43 5694.51 
14048.44 5694.20 
14098.45 5693.85 
14148.47 5693.33 
14198.48 5692.81 
14248.50 5692.30 
14298.51 5691.78 
14348.53 5691.26 
14398.54 5690.74 
14448.56 5690.22 
14498.57 5689.70 
14548.58 5689.19 
14598.60 5688.67 
14648.61 5688.24 
14698.63 5688.24 
14748.64 5688.24 
14798.66 5688.24 
14848.67 5688.24 
14898.69 5688.24 
14948.70 5688.24 
14998.71 5688.24 
15048.73 5688.24 
15098.74 5688.24 
15148.76 5688.24 
15198.77 5688.24 
15248.79 5688.24 
15298.80 5688.98 
15348.81 5690.10 
15398.83 5691.23 
15448.84 5692.36 
15498.86 5693.49 
15548.87 5694.61 
15598.89 5695.74 
15648.90 5696.87 
15698.92 5698.00 
15748.93 5699.13 
15798.94 5700.25 
15848.96 5701.38 
15898.97 5702.51 
15948.99 5703.64 
15999.00 5704.76 
16049.02 5706.19 
16099.03 5707.92 
16149.05 5709.66 
16199.06 5711.39 
16249.07 5713.13 
16299.09 5714.86 
16349.10 5716.60 
16399.12 5718.33 
16449.13 5720.07 
16499.15 5721.80 
16549.16 5723.54 
16599.18 5725.27 
16649.19 5727.01 
16699.20 5728.74 
16749.22 5730.48 
16799.23 5732.81 
16849.25 5735.40 
16899.26 5737.99 
16949.28 5740.59 
16999.29 5743.18 
17049.31 5745.77 
17099.32 5748.36 
17149.33 5750.96 
17199.35 5753.55 
17249.36 5756.14 
17299.38 5758.73 
17349.39 5761.70 
17399.41 5764.84 
17449.42 5767.97 
17499.44 5771.10 
17549.45 5774.23 
17599.46 5777.37 
17649.48 5780.50 
17699.49 5783.63 
17749.51 5786.76 
17799.52 5789.90 
17849.54 5793.03 
17899.55 5796.16 
17949.57 5799.29 
17999.58 5802.40 
18049.59 5804.98 
18099.61 5807.57 
18149.62 5810.15 
18199.64 5812.74 
18249.65 5815.32 
18299.67 5817.90 
18349.68 5820.49 
18399.70 5823.07 
18449.71 5825.66 
18499.72 5828.24 
18549.74 5830.83 
18599.75 5833.41 
18649.77 5836.38 
18699.78 5839.39 
18749.80 5842.40 
18799.81 5845.40 
18849.83 5848.41 
18899.84 5851.42 
18949.85 5854.42 
18999.87 5857.43 
19049.88 5860.44 
19099.90 5863.45 
19149.91 5866.45 
19199.93 5869.46 
19249.94 5872.47 
19299.95 5875.47 
19349.97 5878.48 
19399.98 5881.49 
19450.00 5884.50 
19500.01 5887.96 
19550.03 5891.51 
19600.04 5895.06 
19650.06 5898.61 
19700.07 5902.17 
19750.08 5905.72 
19800.10 5909.27 
19850.11 5912.82 
19900.13 5916.37 
19950.14 5919.92 
20000.16 5923.47 
20050.17 5927.02 
20100.19 5930.57 
20150.20 5934.05 
20200.21 5937.27 
20250.23 5940.50 
20300.24 5943.72 
20350.26 5946.94 
20400.27 5950.16 
20450.29 5953.38 
20500.30 5956.61 
20550.32 5959.83 
20600.33 5963.05 
20650.34 5966.27 
20700.36 5969.21 
20750.37 5971.94 
20800.39 5974.68 
20850.40 5977.41 
20900.42 5980.15 
20950.43 5982.88 
21000.45 5985.61 
21050.46 5988.35 
21100.47 5991.08 
21150.49 5993.81 
21200.50 5996.55 
21250.52 5999.28 
21300.53 6002.06 
21350.55 6005.45 
21400.56 6008.85 
21450.58 6012.24 
21500.59 6015.64 
21550.60 6019.03 
21600.62 6022.43 
21650.63 6025.83 
21700.65 6029.22 
21750.66 6032.62 
21800.68 6036.01 
21850.69 6039.41 
21900.71 6042.77 
21950.72 6046.06 
22000.73 6049.35 
22050.75 6052.64 
22100.76 6055.92 
22150.78 6059.21 
22200.79 6062.50 
22250.81 6065.79 
22300.82 6069.08 
22350.84 6072.37 
22400.85 6075.66 
22450.86 6078.95 
22500.88 6082.27 
22550.89 6085.76 
22600.91 6089.25 
22650.92 6092.74 
22700.94 6096.23 
22750.95 6099.73 
22800.97 6103.22 
22850.98 6106.71 
22900.99 6110.20 
22951.01 6113.69 
23001.02 6117.18 
23051.04 6120.20 
23101.05 6122.84 
23151.07 6125.48 
23201.08 6128.12 
23251.10 6130.76 
23301.11 6133.40 
23351.12 6136.04 
23401.14 6138.69 
23451.15 6141.33 
23501.17 6143.97 
23551.18 6146.61 
23601.20 6149.25 
23651.21 6151.89 
23701.22 6154.53 
23751.24 6157.57 
23801.25 6160.97 
23851.27 6164.36 
23901.28 6167.76 
23951.30 6171.15 
24001.31 6174.55 
24051.33 6177.94 
24101.34 6181.34 
24151.35 6184.73 
24201.37 6188.13 
24251.38 6191.52 
24301.40 6194.92 
24351.41 6197.35 
24401.43 6199.50 
24451.44 6201.65 
24501.46 6203.80 
24551.47 6205.95 
24601.48 6208.09 
24651.50 6210.24 
24701.51 6212.39 
24751.53 6214.48 
24801.54 6216.55 
24851.56 6218.63 
24901.57 6220.70 
24951.59 6222.77 
25001.60 6224.85 
25051.61 6226.92 
25101.63 6228.99 
25151.64 6231.07 
25201.66 6233.14 
25251.67 6235.22 
25301.69 6236.83 
25351.70 6238.33 
25401.72 6239.84 
25451.73 6241.34 
25501.74 6242.84 
25551.76 6244.35 
25601.77 6245.85 
25651.79 6247.35 
25701.80 6248.86 
25751.82 6250.88 
25801.83 6253.95 
25851.85 6257.03 
25901.86 6260.10 
25951.87 6263.18 
26001.89 6266.26 
26051.90 6269.33 
26101.92 6272.41 
26151.93 6275.48 
26201.95 6277.92 
26251.96 6280.34 
26301.98 6282.77 
26351.99 6285.19 
26402.00 6287.62 
26452.02 6290.04 
26502.03 6292.47 
26552.05 6294.89 
26602.06 6297.32 
26652.08 6299.74 
26702.09 6302.17 
26752.11 6304.03 
26802.12 6304.03 
26852.13 6304.03 
26902.15 6304.03 
26952.16 6304.03 
27002.18 6304.03 
27052.19 6304.03 
27102.21 6304.03 
27152.22 6304.03 
27202.24 6304.09 
27252.25 6304.53 
27302.26 6304.98 
27352.28 6305.42 
27402.29 6305.86 
27452.31 6306.30 
27502.32 6306.74 
27552.34 6312.02 
27602.35 6319.54 
27652.36 6327.05 
27702.38 6334.57 
27752.39 6339.11 
27802.41 6343.29 
27852.42 6347.47 
27902.44 6351.64 
27952.45 6355.82 
28002.47 6360.00 
28052.48 6364.24 
28102.49 6369.41 
28152.51 6374.57 
28202.52 6379.74 
28252.54 6384.91 
28302.55 6390.08 
28352.57 6395.25 
28402.58 6397.99 
28452.60 6400.72 
28502.61 6403.46 
28552.62 6406.19 
28602.64 6408.92 
28652.65 6411.66 
28702.67 6414.39 
28752.68 6417.13 
28802.70 6418.86 
28852.71 6420.06 
28902.73 6421.26 
28952.74 6422.47 
29002.75 6423.67 
29052.77 6424.87 
29102.78 6426.08 
29152.80 6427.28 
29202.81 6428.48 
29252.83 6429.98 
29302.84 6432.91 
29352.86 6435.83 
29402.87 6438.75 
29452.88 6441.68 
29502.90 6444.60 
29552.91 6447.53 
29602.93 6450.58 
29652.94 6453.87 
29702.96 6457.15 
29752.97 6460.44 
29802.99 6463.73 
29853.00 6467.02 
29903.01 6470.31 
29953.03 6473.60 
30003.04 6476.89 
30053.06 6480.18 
30103.07 6483.47 
30153.09 6486.76 
30203.10 6489.49 
30253.12 6490.17 
30303.13 6490.86 
30353.14 6491.54 
30403.16 6492.22 
30453.17 6492.91 
30503.19 6493.59 
30553.20 6494.27 
30603.22 6494.96 
30653.23 6495.64 
30703.25 6496.32 
30753.26 6497.01 
30803.27 6497.69 
30853.29 6497.15 
30903.30 6496.07 
30953.32 6495.00 
31003.33 6493.92 
31053.35 6492.85 
31103.36 6491.11 
31153.38 6488.34 
31203.39 6485.57 
31253.40 6482.80 
31303.42 6480.03 
31353.43 6477.26 
31403.45 6474.50 
31453.46 6472.10 
31503.48 6471.35 
31553.49 6470.60 
31603.51 6469.84 
31653.52 6469.09 
31703.53 6468.34 
31753.55 6467.59 
31803.56 6466.84 
31853.58 6466.54 
31903.59 6466.54 
31953.61 6466.54 
32003.62 6466.54 
32053.63 6466.54 
32103.65 6466.54 
32153.66 6466.54 
32203.68 6466.54 
32253.69 6466.54 
32303.71 6466.54 
32353.72 6466.54 
32403.74 6466.54 
32453.75 6466.71 
32503.76 6468.69 
32553.78 6470.66 
32603.79 6472.64 
32653.81 6474.62 
32703.82 6476.60 
32753.84 6478.58 
32803.85 6480.56 
32853.87 6483.00 
32903.88 6485.51 
32953.89 6488.01 
33003.91 6490.52 
33053.92 6493.02 
33103.94 6495.53 
33153.95 6497.85 
33203.97 6496.96 
33253.98 6496.08 
33304.00 6495.19 
33354.01 6494.31 
33404.02 6493.42 
33454.04 6492.54 
33504.05 6487.00 
33554.07 6478.48 
33604.08 6469.96 
33654.10 6461.44 
33704.11 6452.92 
33754.13 6444.40 
33804.14 6434.30 
33854.15 6424.07 
33904.17 6413.83 
33954.18 6404.93 
34004.20 6402.24 
34054.21 6399.56 
34104.23 6396.87 
34154.24 6394.19 
34204.26 6391.50 
34254.27 6388.82 
34304.28 6386.13 
34354.30 6383.45 
34404.31 6382.18 
34454.33 6385.00 
34504.34 6387.82 
34554.36 6390.64 
34604.37 6393.46 
34654.39 6396.28 
34704.40 6399.10 
34754.41 6401.92 
34804.43 6404.73 
34854.44 6407.55 
34904.46 6410.30 
34954.47 6412.04 
35004.49 6413.77 
35054.50 6415.51 
35104.52 6417.24 
35154.53 6418.98 
35204.54 6420.71 
35254.56 6422.45 
35304.57 6424.18 
35354.59 6424.98 
35404.60 6425.52 
35454.62 6426.05 
35504.63 6426.59 
35554.65 6427.13 
35604.66 6427.66 
35654.67 6428.20 
35704.69 6428.74 
35754.70 6429.28 
35804.72 6427.06 
35854.73 6424.40 
35904.75 6421.75 
35954.76 6419.10 
36004.77 6416.44 
36054.79 6413.79 
36104.80 6411.14 
36154.82 6408.48 
36204.83 6405.83 
36254.85 6403.18 
36304.86 6400.30 
36354.88 6391.11 
36404.89 6381.93 
36454.90 6372.74 
36504.92 6363.55 
36554.93 6354.36 
36604.95 6346.12 
36654.96 6340.11 
36704.98 6334.09 
36754.99 6328.08 
36805.01 6322.07 
36855.02 6316.05 
36905.03 6310.04 
36955.05 6308.45 
37005.06 6307.19 
37055.08 6305.94 
37105.09 6304.69 
37155.11 6303.44 
37205.12 6302.18 
37255.14 6300.93 
37305.15 6300.98 
37355.16 6304.33 
37405.18 6307.67 
37455.19 6311.01 
37505.21 6314.35 
37555.22 6317.69 
37605.24 6322.87 
37655.25 6329.56 
37705.27 6336.24 
37755.28 6342.92 
37805.29 6349.60 
37855.31 6356.29 
37905.32 6364.09 
37955.34 6372.14 
38005.35 6380.20 
38055.37 6388.25 
38105.38 6396.31 
38155.40 6404.36 
38205.41 6412.42 
38255.42 6420.47 
38305.44 6428.53 
38355.45 6442.86 
38405.47 6457.89 
38455.48 6472.93 
38505.50 6487.96 
38555.51 6499.95 
38605.53 6508.05 
38655.54 6516.15 
38705.55 6524.24 
38755.57 6532.34 
38805.58 6540.43 
38855.60 6548.53 
38905.61 6556.63 
38955.63 6564.30 
39005.64 6569.67 
39055.66 6575.04 
39105.67 6580.41 
39155.68 6585.78 
39205.70 6591.15 
39255.71 6596.52 
39305.73 6601.89 
39355.74 6607.25 
39405.76 6612.86 
39455.77 6619.22 
39505.79 6625.58 
39555.80 6631.94 
39605.81 6638.31 
39655.83 6644.67 
39705.84 6651.03 
39755.86 6657.39 
39805.87 6663.75 
39855.89 6666.91 
39905.90 6669.91 
39955.92 6672.92 
40005.93 6675.93 
40055.94 6678.93 
40105.96 6681.94 
40155.97 6684.95 
40205.99 6687.96 
40256.00 6690.96 
40306.02 6692.89 
40356.03 6693.19 
40406.04 6693.49 
40456.06 6693.79 
40506.07 6694.09 
40556.09 6694.39 
40606.10 6694.69 
40656.12 6694.99 
40706.13 6695.29 
40756.15 6695.59 
40806.16 6695.89 
40856.17 6696.20 
40906.19 6696.50 
40956.20 6696.80 
41006.22 6697.10 
41056.23 6697.40 
41106.25 6697.73 
41156.26 6698.11 
41206.28 6698.49 
41256.29 6698.86 
41306.30 6699.24 
41356.32 6699.61 
41406.33 6699.99 
41456.35 6700.37 
41506.36 6700.74 
41556.38 6701.12 
41606.39 6701.49 
41656.41 6701.87 
41706.42 6702.25 
41756.43 6702.60 
41806.45 6702.94 
41856.46 6703.28 
41906.48 6703.62 
41956.49 6703.96 
42006.51 6704.30 
42056.52 6702.72 
42106.54 6700.84 
42156.55 6698.96 
42206.56 6697.08 
42256.58 6695.20 
42306.59 6693.32 
42356.61 6691.44 
42406.62 6689.56 
42456.64 6687.68 
42506.65 6685.80 
42556.67 6683.81 
42606.68 6681.76 
42656.69 6679.71 
42706.71 6677.66 
42756.72 6675.61 
42806.74 6673.56 
42856.75 6671.51 
42906.77 6669.46 
42956.78 6667.40 
43006.80 6664.04 
43056.81 6657.89 
43106.82 6651.74 
43156.84 6645.59 
43206.85 6639.44 
43256.87 6632.71 
43306.88 6625.66 
43356.90 6618.61 
43406.91 6611.56 
43456.93 6604.51 
43506.94 6597.47 
43556.95 6590.42 
43606.97 6584.67 
43656.98 6579.16 
43707.00 6573.65 
43757.01 6568.13 
43807.03 6562.62 
43857.04 6557.11 
43907.06 6554.77 
43957.07 6555.95 
44007.08 6557.14 
44057.10 6558.33 
44107.11 6559.52 
44157.13 6560.70 
44207.14 6561.89 
44257.16 6563.08 
44307.17 6563.92 
44357.18 6564.25 
44407.20 6564.57 
44457.21 6564.90 
44507.23 6565.23 
44557.24 6565.55 
44607.26 6565.88 
44657.27 6566.21 
44707.29 6566.53 
44757.30 6566.86 
44807.31 6563.72 
44857.33 6558.51 
44907.34 6553.31 
44957.36 6548.10 
45007.37 6542.90 
45057.39 6537.66 
45107.40 6532.15 
45157.42 6526.63 
45207.43 6521.12 
45257.44 6515.61 
45307.46 6510.09 
45357.47 6504.58 
45407.49 6499.60 
45457.50 6494.82 
45507.52 6490.03 
45557.53 6485.25 
45607.55 6480.35 
45657.56 6473.59 
45707.57 6466.82 
45757.59 6460.05 
45807.60 6453.29 
45857.62 6454.81 
45907.63 6458.32 
45957.65 6461.83 
46007.66 6465.34 
46057.68 6468.85 
46107.69 6472.36 
46157.70 6475.86 
46207.72 6479.37 
46257.73 6482.88 
46307.75 6486.39 
46357.76 6489.90 
46407.78 6493.41 
46457.79 6496.83 
46507.81 6498.92 
46557.82 6501.01 
46607.83 6503.09 
46657.85 6505.18 
46707.86 6507.27 
46757.88 6509.36 
46807.89 6511.45 
46857.91 6513.10 
46907.92 6514.12 
46957.94 6515.15 
47007.95 6516.17 
47057.96 6517.20 
47107.98 6518.22 
47157.99 6519.25 
47208.01 6520.28 
47258.02 6521.30 
47308.04 6522.43 
47358.05 6525.12 
47408.07 6527.80 
47458.08 6530.49 
47508.09 6533.17 
47558.11 6535.86 
47608.12 6538.54 
47658.14 6541.23 
47708.15 6543.91 
47758.17 6546.60 
47808.18 6549.28 
47858.20 6551.97 
47908.21 6555.45 
47958.22 6562.97 
48008.24 6570.49 
48058.25 6578.00 
48108.27 6585.52 
48158.28 6593.04 
48208.30 6600.03 
48258.31 6605.14 
48308.33 6610.24 
48358.34 6615.34 
48408.35 6620.44 
48458.37 6625.54 
48508.38 6630.64 
48558.40 6635.74 
48608.41 6640.85 
48658.43 6645.95 
48708.44 6651.05 
48758.45 6656.15 
48808.47 6661.77 
48858.48 6668.50 
48908.50 6675.22 
48958.51 6681.95 
49008.53 6688.68 
49058.54 6695.40 
49108.56 6702.13 
49158.57 6708.86 
49208.58 6714.69 
49258.60 6717.79 
49308.61 6720.88 
49358.63 6723.98 
49408.64 6727.07 
49458.66 6730.17 
49508.67 6733.26 
49558.69 6736.33 
49608.70 6738.12 
49658.71 6739.91 
49708.73 6741.70 
49758.74 6743.49 
49808.76 6745.28 
49858.77 6747.07 
49908.79 6748.86 
49958.80 6750.65 
50008.82 6752.06 
50058.83 6750.09 
50108.84 6748.11 
50158.86 6746.13 
50208.87 6744.15 
50258.89 6742.17 
50308.90 6740.19 
50358.92 6738.22 
50408.93 6736.29 
50458.95 6736.29 
50508.96 6736.29 
50558.97 6736.29 
50608.99 6736.29 
50659.00 6736.29 
50709.02 6736.29 
50759.03 6736.29 
50809.05 6736.29 
50859.06 6736.29 
50909.08 6736.29 
50959.09 6736.29 
51009.10 6736.29 
51059.12 6736.29 
51109.13 6736.30 
51159.15 6739.59 
51209.16 6742.88 
51259.18 6746.17 
51309.19 6749.46 
51359.21 6752.75 
51409.22 6756.04 
51459.23 6759.20 
51509.25 6761.89 
51559.26 6764.57 
51609.28 6767.26 
51659.29 6769.94 
51709.31 6772.63 
51759.32 6775.31 
51809.34 6778.00 
51859.35 6780.68 
51909.36 6783.37 
51959.38 6786.05 
52009.39 6788.74 
52059.41 6791.24 
52109.42 6793.33 
52159.44 6795.41 
52209.45 6797.50 
52259.47 6799.59 
52309.48 6801.68 
52359.49 6803.77 
52409.51 6805.86 
52459.52 6807.93 
52509.54 6810.01 
52559.55 6812.08 
52609.57 6814.16 
52659.58 6816.23 
52709.59 6818.30 
52759.61 6820.38 
52809.62 6822.45 
52859.64 6824.53 
52909.65 6826.60 
52959.67 6828.67 
53009.68 6830.75 
53059.70 6832.71 
53109.71 6834.44 
53159.72 6836.18 
53209.74 6837.91 
53259.75 6839.65 
53309.77 6841.38 
53359.78 6843.12 
53409.80 6844.85 
53459.81 6846.59 
53509.83 6848.32 
53559.84 6850.06 
53609.85 6852.13 
53659.87 6855.02 
53709.88 6857.91 
53759.90 6860.80 
53809.91 6863.69 
53859.93 6866.58 
53909.94 6869.48 
53959.96 6872.37 
54009.97 6875.26 
54059.98 6878.15 
54110.00 6881.04 
54160.01 6883.58 
54210.03 6885.01 
54260.04 6886.44 
54310.06 6887.88 
54360.07 6889.31 
54410.09 6890.74 
54460.10 6892.17 
54510.11 6893.60 
54560.13 6895.04 
54610.14 6896.61 
54660.16 6898.49 
54710.17 6900.37 
54760.19 6902.25 
54810.20 6904.13 
54860.22 6906.01 
54910.23 6907.89 
54960.24 6909.07 
55010.26 6909.61 
55060.27 6910.14 
55110.29 6910.68 
55160.30 6911.22 
55210.32 6911.75 
55260.33 6911.75 
55310.35 6911.33 
55360.36 6910.91 
55410.37 6910.49 
55460.39 6910.07 
55510.40 6909.66 
55560.42 6909.24 
55610.43 6908.82 
55660.45 6909.78 
55710.46 6910.85 
55760.48 6911.93 
55810.49 6913.00 
55860.50 6914.08 
55910.52 6915.15 
55960.53 6925.83 
56010.55 6936.77 
56060.56 6947.70 
56110.58 6958.64 
56160.59 6967.35 
56210.61 6970.89 
56260.62 6974.43 
56310.63 6977.97 
56360.65 6981.50 
56410.66 6985.04 
56460.68 6988.58 
56510.69 6991.95 
56560.71 6993.27 
56610.72 6994.60 
56660.73 6995.93 
56710.75 6997.25 
56760.76 6998.58 
56810.78 6999.91 
56860.79 7001.23 
56910.81 7002.39 
56960.82 7003.52 
57010.84 7004.65 
57060.85 7005.77 
57110.86 7006.90 
57160.88 7008.03 
57210.89 7009.16 
57260.91 7010.28 
57310.92 7011.81 
57360.94 7014.07 
57410.95 7016.32 
57460.97 7018.58 
57510.98 7021.16 
57560.99 7026.53 
57611.01 7031.90 
57661.02 7037.27 
57711.04 7042.64 
57761.05 7048.01 
57811.07 7053.52 
57861.08 7059.79 
57911.10 7066.05 
57961.11 7072.32 
58011.12 7078.58 
58061.14 7084.85 
58111.15 7091.11 
58161.17 7097.38 
58211.18 7103.64 
58261.20 7109.91 
58311.21 7116.17 
58361.23 7122.44 
58411.24 7128.70 
58461.25 7133.05 
58511.27 7134.63 
58561.28 7136.22 
58611.30 7137.80 
58661.31 7139.38 
58711.33 7140.96 
58761.34 7142.55 
58811.36 7144.13 
58861.37 7145.33 
58911.38 7145.77 
58961.40 7146.21 
59011.41 7146.65 
59061.43 7147.10 
59111.44 7147.54 
59161.46 7147.98 
59211.47 7148.59 
59261.49 7150.54 
59311.50 7152.49 
59361.51 7154.44 
59411.53 7156.39 
59461.54 7158.34 
59511.56 7160.29 
59561.57 7162.24 
59611.59 7164.19 
59661.60 7166.14 
59711.62 7168.08 
59761.63 7170.03 
59811.64 7171.46 
59861.66 7172.58 
59911.67 7173.71 
59961.69 7174.84 
60011.70 7175.97 

