 31.14 4465.45 
 81.21 4465.45 
131.28 4465.45 
181.36 4465.45 
231.43 4465.45 
281.50 4465.45 
331.57 4469.71 
381.65 4479.08 
431.72 4487.91 
481.79 4493.62 
531.86 4499.32 
581.94 4504.98 
632.01 4510.60 
682.08 4516.23 
732.15 4521.85 
782.23 4526.04 
832.30 4529.83 
882.37 4533.62 
932.44 4544.01 
982.51 4554.04 
1032.59 4561.69 
1082.66 4569.35 
1132.73 4577.00 
1182.80 4588.19 
1232.88 4599.44 
1282.95 4610.69 
1333.02 4621.13 
1383.09 4626.60 
1433.17 4632.07 
1483.24 4637.54 
1533.31 4641.99 
1583.38 4641.99 
1633.46 4641.99 
1683.53 4641.99 
1733.60 4641.99 
1783.67 4641.99 
1833.75 4644.52 
1883.82 4648.17 
1933.89 4651.81 
1983.96 4655.46 
2034.03 4659.35 
2084.11 4663.33 
2134.18 4667.31 
2184.25 4671.65 
2234.32 4678.75 
2284.40 4685.84 
2334.47 4692.94 
2384.54 4700.21 
2434.61 4710.41 
2484.69 4720.62 
2534.76 4730.83 
2584.83 4741.04 
2634.90 4751.09 
2684.98 4759.92 
2735.05 4768.75 
2785.12 4778.00 
2835.19 4788.41 
2885.27 4798.83 
2935.34 4809.24 
2985.41 4819.66 
3035.48 4830.08 
3085.55 4840.49 
3135.63 4849.75 
3185.70 4856.78 
3235.77 4863.81 
3285.84 4870.84 
3335.92 4877.87 
3385.99 4884.90 
3436.06 4892.97 
3486.13 4905.36 
3536.21 4917.76 
3586.28 4930.15 
3636.35 4942.55 
3686.42 4954.38 
3736.50 4964.53 
3786.57 4974.69 
3836.64 4984.84 
3886.71 4995.00 
3936.79 5007.05 
3986.86 5020.18 
4036.93 5033.30 
4087.00 5046.42 
4137.07 5059.17 
4187.15 5070.75 
4237.22 5082.33 
4287.29 5093.91 
4337.36 5105.91 
4387.44 5118.30 
4437.51 5130.69 
4487.58 5143.09 
4537.65 5155.48 
4587.73 5169.59 
4637.80 5184.97 
4687.87 5200.35 
4737.94 5215.61 
4788.02 5229.00 
4838.09 5242.39 
4888.16 5255.78 
4938.23 5269.18 
4988.30 5282.57 
5038.38 5296.58 
5088.45 5310.88 
5138.52 5325.18 
5188.59 5339.48 
5238.67 5352.15 
5288.74 5362.34 
5338.81 5372.52 
5388.88 5383.57 
5438.96 5397.87 
5489.03 5412.17 
5539.10 5426.48 
5589.17 5440.78 
5639.25 5462.06 
5689.32 5483.89 
5739.39 5505.71 
5789.46 5523.79 
5839.54 5540.20 
5889.61 5556.60 
5939.68 5573.01 
5989.75 5589.41 
6039.82 5603.17 
6089.90 5615.87 
6139.97 5628.57 
6190.04 5641.38 
6240.11 5656.52 
6290.19 5671.66 
6340.26 5686.81 
6390.33 5701.95 
6440.40 5718.70 
6490.48 5737.63 
6540.55 5756.56 
6590.62 5773.32 
6640.69 5786.00 
6690.77 5798.67 
6740.84 5811.35 
6790.91 5824.03 
6840.98 5836.93 
6891.06 5851.23 
6941.13 5865.53 
6991.20 5879.83 
7041.27 5894.13 
7091.34 5906.22 
7141.42 5916.24 
7191.49 5926.27 
7241.56 5936.30 
7291.63 5946.95 
7341.71 5959.45 
7391.78 5971.95 
7441.85 5984.45 
7491.92 5996.95 
7542.00 6010.10 
7592.07 6024.94 
7642.14 6039.79 
7692.21 6054.63 
7742.29 6069.47 
7792.36 6084.23 
7842.43 6098.82 
7892.50 6113.40 
7942.58 6127.82 
7992.65 6140.94 
8042.72 6154.07 
8092.79 6167.19 
8142.86 6181.83 
8192.94 6197.67 
8243.01 6213.50 
8293.08 6228.98 
8343.15 6241.87 
8393.23 6254.76 
8443.30 6267.65 
8493.37 6279.35 
8543.44 6290.76 
8593.52 6302.26 
8643.59 6314.67 
8693.66 6327.09 
8743.73 6339.50 
8793.81 6351.92 
8843.88 6364.42 
8893.95 6376.97 
8944.02 6389.51 
8994.09 6402.06 
9044.17 6407.73 
9094.24 6410.03 
9144.31 6410.03 
9194.38 6410.03 
9244.46 6410.03 
9294.53 6407.91 
9344.60 6405.65 
9394.67 6403.39 
9444.75 6398.60 
9494.82 6391.31 
9544.89 6384.02 
9594.96 6376.72 
9645.04 6368.56 
9695.11 6357.63 
9745.18 6346.69 
9795.25 6335.75 
9845.33 6320.57 
9895.40 6303.45 
9945.47 6286.34 
9995.54 6277.27 
10045.61 6267.80 
10095.69 6255.14 
10145.76 6242.48 
10195.83 6229.82 
10245.90 6227.25 
10295.98 6224.73 
10346.05 6222.20 
10396.12 6227.61 
10446.19 6235.33 
10496.27 6243.05 
10546.34 6250.77 
10596.41 6261.92 
10646.48 6275.73 
10696.56 6291.06 
10746.63 6312.15 
10796.70 6338.79 
10846.77 6371.60 
10896.85 6401.40 
10946.92 6426.00 
10996.99 6450.61 
11047.06 6474.41 
11097.13 6498.10 
11147.21 6514.56 
11197.28 6527.26 
11247.35 6539.96 
11297.42 6552.66 
11347.50 6562.64 
11397.57 6571.78 
11447.64 6578.33 
11497.71 6584.88 
11547.79 6591.25 
11597.86 6596.96 
11647.93 6602.66 
11698.00 6602.72 
11748.08 6601.04 
11798.15 6599.36 
11848.22 6597.67 
11898.29 6595.91 
11948.36 6594.08 
11998.44 6593.52 
12048.51 6593.52 
12098.58 6593.52 
12148.65 6593.52 
12198.73 6593.52 
12248.80 6593.52 
12298.87 6590.28 
12348.94 6582.36 
12399.02 6574.44 
12449.09 6565.30 
12499.16 6553.58 
12549.23 6544.16 
12599.31 6535.22 
12649.38 6527.20 
12699.45 6520.17 
12749.52 6513.14 
12799.60 6502.76 
12849.67 6489.09 
12899.74 6475.42 
12949.81 6474.72 
12999.88 6474.72 
13049.96 6472.75 
13100.03 6468.81 
13150.10 6464.88 
13200.17 6454.25 
13250.25 6442.32 
13300.32 6433.58 
13350.39 6428.11 
13400.46 6422.64 
13450.54 6420.76 
13500.61 6419.12 
13550.68 6410.96 
13600.75 6401.24 
13650.83 6391.52 
13700.90 6388.50 
13750.97 6385.98 
13801.04 6383.52 
13851.12 6381.40 
13901.19 6379.28 
13951.26 6377.17 
14001.33 6376.87 
14051.40 6376.87 
14101.48 6374.95 
14151.55 6372.33 
14201.62 6369.76 
14251.69 6367.96 
14301.77 6366.16 
14351.84 6364.37 
14401.91 6363.82 
14451.98 6366.01 
14502.06 6368.19 
14552.13 6370.61 
14602.20 6373.28 
14652.27 6375.94 
14702.35 6378.67 
14752.42 6386.87 
14802.49 6395.33 
14852.56 6405.42 
14902.64 6415.52 
14952.71 6438.41 
15002.78 6464.98 
15052.85 6481.99 
15102.92 6499.00 
15153.00 6507.28 
15203.07 6510.74 
15253.14 6514.98 
15303.21 6524.06 
15353.29 6538.98 
15403.36 6555.69 
15453.43 6575.38 
15503.50 6590.83 
15553.58 6601.13 
15603.65 6607.44 
15653.72 6613.66 
15703.79 6619.13 
15753.87 6624.60 
15803.94 6641.75 
15854.01 6659.47 
15904.08 6676.66 
15954.15 6684.45 
16004.23 6689.14 
16054.30 6693.27 
16104.37 6693.27 
16154.44 6693.27 
16204.52 6694.50 
16254.59 6695.92 
16304.66 6699.97 
16354.73 6705.15 
16404.81 6716.17 
16454.88 6726.41 
16504.95 6733.70 
16555.02 6740.99 
16605.10 6739.17 
16655.17 6734.70 
16705.24 6721.81 
16755.31 6717.95 
16805.39 6717.95 
16855.46 6735.02 
16905.53 6751.03 
16955.60 6758.85 
17005.67 6765.25 
17055.75 6768.53 
17105.82 6770.40 
17155.89 6770.40 
17205.96 6770.40 
17256.04 6771.65 
17306.11 6773.02 
17356.18 6768.49 
17406.25 6763.96 
17456.33 6762.97 
17506.40 6767.79 
17556.47 6772.61 
17606.54 6776.57 
17656.62 6776.57 
17706.69 6776.57 
17756.76 6776.57 
17806.83 6776.57 
17856.91 6776.51 
17906.98 6769.06 
17957.05 6761.60 
18007.12 6756.41 
18057.19 6754.97 
18107.27 6754.97 
18157.34 6754.97 
18207.41 6754.97 
18257.48 6754.97 
18307.56 6754.97 
18357.63 6759.94 
18407.70 6775.38 
18457.77 6787.96 
18507.85 6799.44 
18557.92 6805.62 
18607.99 6810.51 
18658.06 6810.51 
18708.14 6809.93 
18758.21 6802.80 
18808.28 6795.67 
18858.35 6792.68 
18908.43 6790.05 
18958.50 6784.87 
19008.57 6777.74 
19058.64 6773.49 
19108.71 6773.49 
19158.79 6776.20 
19208.86 6794.66 
19258.93 6808.03 
19309.00 6818.58 
19359.08 6829.09 
19409.15 6836.55 
19459.22 6844.01 
19509.29 6859.26 
19559.37 6875.01 
19609.44 6887.67 
19659.51 6898.16 
19709.58 6907.50 
19759.66 6913.12 
19809.73 6918.75 
19859.80 6924.37 
19909.87 6930.43 
19959.94 6936.50 
20010.02 6942.89 
20060.09 6949.72 
20110.16 6956.02 
20160.23 6959.30 
20210.31 6962.58 
20260.38 6965.18 
20310.45 6966.40 
20360.52 6967.61 
20410.60 6973.06 
20460.67 6979.62 
20510.74 6986.18 
20560.81 6992.74 
20610.89 6998.72 
20660.96 6998.72 
20711.03 6998.72 
20761.10 6997.26 
20811.18 6995.00 
20861.25 6992.74 
20911.32 6989.01 
20961.39 6985.94 
21011.46 6984.57 
21061.54 6983.48 
21111.61 6986.46 
21161.68 6989.44 
21211.75 6996.17 
21261.83 7002.92 
21311.90 7009.68 
21361.97 7012.88 
21412.04 7015.17 
21462.12 7017.46 
21512.19 7019.75 
21562.26 7021.14 
21612.33 7022.23 
21662.41 7023.33 
21712.48 7025.37 
21762.55 7027.49 
21812.62 7029.59 
21862.70 7030.65 
21912.77 7031.71 
21962.84 7032.93 
22012.91 7035.67 
22062.98 7038.40 
22113.06 7041.13 
22163.13 7045.26 
22213.20 7049.95 
22263.27 7055.18 
22313.35 7066.49 
22363.42 7077.81 
22413.49 7086.28 
22463.56 7089.57 
22513.64 7091.83 
22563.71 7090.81 
22613.78 7089.78 
22663.85 7089.68 
22713.93 7089.68 
22764.00 7089.68 
22814.07 7089.68 
22864.14 7089.68 
22914.22 7089.68 
22964.29 7090.42 
23014.36 7092.94 
23064.43 7102.32 
23114.50 7111.36 
23164.58 7113.76 
23214.65 7116.16 
23264.72 7118.48 
23314.79 7119.39 
23364.87 7120.30 
23414.94 7121.22 
23465.01 7122.16 
23515.08 7123.10 
23565.16 7125.54 
23615.23 7128.20 
23665.30 7131.02 
23715.37 7134.67 
23765.45 7140.08 
23815.52 7152.58 
23865.59 7167.68 
23915.66 7180.94 
23965.73 7191.04 
24015.81 7197.89 
24065.88 7202.51 
24115.95 7206.30 
24166.02 7210.29 
24216.10 7215.26 
24266.17 7220.23 
24316.24 7225.32 
24366.31 7230.44 
24416.39 7234.70 
24466.46 7237.78 
24516.53 7240.77 
24566.60 7242.89 
24616.68 7245.00 
24666.75 7245.37 
24716.82 7245.37 
24766.89 7241.73 
24816.97 7237.25 
24867.04 7232.39 
24917.11 7231.00 
24967.18 7231.00 
25017.25 7228.56 
25067.33 7220.76 
25117.40 7207.09 
25167.47 7198.03 
25217.54 7189.55 
25267.62 7184.42 
25317.69 7179.29 
25367.76 7175.47 
25417.83 7171.95 
25467.91 7171.12 
25517.98 7171.12 
25568.05 7171.12 
25618.12 7171.12 
25668.20 7171.12 
25718.27 7170.61 
25768.34 7169.18 
25818.41 7169.19 
25868.49 7169.88 
25918.56 7170.56 
25968.63 7171.73 
26018.70 7175.12 
26068.77 7178.75 
26118.85 7186.04 
26168.92 7194.01 
26218.99 7200.06 
26269.06 7200.76 
26319.14 7197.78 
26369.21 7168.25 
26419.28 7138.95 
26469.35 7110.00 
26519.43 7081.05 
26569.50 7061.01 
26619.57 7052.06 
26669.64 7045.90 
26719.72 7042.12 
26769.79 7038.33 
26819.86 7034.55 
26869.93 7030.40 
26920.01 7016.98 
26970.08 7003.56 
27020.15 6990.13 
27070.22 6979.27 
27120.29 6977.08 
27170.37 6974.89 
27220.44 6969.39 
27270.51 6961.93 
27320.58 6954.47 
27370.66 6947.02 
27420.73 6934.15 
27470.80 6920.09 
27520.87 6910.34 
27570.95 6907.22 
27621.02 6904.09 
27671.09 6900.97 
27721.16 6894.00 
27771.24 6885.79 
27821.31 6877.59 
27871.38 6872.34 
27921.45 6874.16 
27971.52 6875.98 
28021.60 6877.84 
28071.67 6879.90 
28121.74 6881.95 
28171.81 6880.21 
28221.89 6872.92 
28271.96 6875.97 
28322.03 6880.89 
28372.10 6885.81 
28422.18 6888.85 
28472.25 6888.85 
28522.32 6888.85 
28572.39 6888.85 
28622.47 6889.74 
28672.54 6891.30 
28722.61 6892.87 
28772.68 6894.43 
28822.76 6899.87 
28872.83 6905.58 
28922.90 6911.28 
28972.97 6916.99 
29023.04 6917.26 
29073.12 6917.26 
29123.19 6918.34 
29173.26 6920.39 
29223.33 6922.44 
29273.41 6924.60 
29323.48 6926.78 
29373.55 6928.62 
29423.62 6928.62 
29473.70 6928.62 
