203.64 4450.98 
253.73 4456.03 
303.82 4462.96 
353.91 4471.37 
404.01 4479.79 
454.10 4486.77 
504.19 4493.33 
554.28 4499.89 
604.37 4506.45 
654.47 4512.37 
704.56 4518.15 
754.65 4524.73 
804.74 4532.45 
854.84 4540.17 
904.93 4542.64 
955.02 4544.99 
1005.11 4549.87 
1055.21 4554.82 
1105.30 4559.77 
1155.39 4566.67 
1205.48 4582.29 
1255.57 4592.24 
1305.67 4598.97 
1355.76 4604.83 
1405.85 4612.92 
1455.94 4624.54 
1506.04 4636.35 
1556.13 4645.80 
1606.22 4651.50 
1656.31 4652.98 
1706.40 4652.98 
1756.50 4653.42 
1806.59 4654.17 
1856.68 4654.91 
1906.77 4657.78 
1956.87 4663.25 
2006.96 4668.50 
2057.05 4673.68 
2107.14 4678.90 
2157.24 4686.47 
2207.33 4694.04 
2257.42 4701.61 
2307.51 4709.07 
2357.60 4716.24 
2407.70 4723.42 
2457.79 4730.71 
2507.88 4738.00 
2557.97 4744.42 
2608.07 4749.72 
2658.16 4755.89 
2708.25 4766.20 
2758.34 4779.95 
2808.44 4793.71 
2858.53 4802.16 
2908.62 4810.60 
2958.71 4817.03 
3008.80 4821.40 
3058.90 4826.00 
3108.99 4831.00 
3159.08 4836.01 
3209.17 4841.01 
3259.27 4847.18 
3309.36 4861.24 
3359.45 4875.34 
3409.54 4889.78 
3459.64 4903.04 
3509.73 4914.00 
3559.82 4924.97 
3609.91 4935.93 
3660.00 4946.89 
3710.10 4957.86 
3760.19 4970.10 
3810.28 4984.34 
3860.37 4994.16 
3910.47 5003.04 
3960.56 5011.24 
4010.65 5018.69 
4060.74 5025.06 
4110.83 5032.74 
4160.93 5041.60 
4211.02 5049.48 
4261.11 5056.09 
4311.20 5062.12 
4361.30 5069.86 
4411.39 5076.24 
4461.48 5082.94 
4511.57 5091.40 
4561.67 5100.12 
4611.76 5109.07 
4661.85 5117.12 
4711.94 5125.90 
4762.03 5135.12 
4812.13 5147.95 
4862.22 5159.98 
4912.31 5169.19 
4962.40 5175.98 
5012.50 5186.92 
5062.59 5198.25 
5112.68 5209.78 
5162.77 5221.49 
5212.87 5233.27 
5262.96 5246.69 
5313.05 5260.88 
5363.14 5269.76 
5413.23 5276.74 
5463.33 5286.21 
5513.42 5302.66 
5563.51 5315.67 
5613.60 5328.08 
5663.70 5343.30 
5713.79 5366.56 
5763.88 5392.84 
5813.97 5417.72 
5864.07 5438.44 
5914.16 5454.33 
5964.25 5473.04 
6014.34 5503.42 
6064.43 5525.89 
6114.53 5544.41 
6164.62 5565.41 
6214.71 5583.92 
6264.80 5601.73 
6314.90 5619.53 
6364.99 5637.34 
6415.08 5656.17 
6465.17 5675.19 
6515.26 5686.90 
6565.36 5699.34 
6615.45 5712.85 
6665.54 5727.87 
6715.63 5744.92 
6765.73 5762.28 
6815.82 5774.29 
6865.91 5790.67 
6916.00 5808.77 
6966.10 5826.09 
7016.19 5843.76 
7066.28 5868.64 
7116.37 5889.03 
7166.46 5901.47 
7216.56 5913.91 
7266.65 5926.36 
7316.74 5944.97 
7366.83 5959.46 
7416.93 5966.30 
7467.02 5976.38 
7517.11 5989.08 
7567.20 6000.26 
7617.30 6006.33 
7667.39 6012.51 
7717.48 6019.07 
7767.57 6025.63 
7817.66 6032.41 
7867.76 6039.20 
7917.85 6046.25 
7967.94 6053.30 
8018.03 6059.01 
8068.13 6065.29 
8118.22 6072.75 
8168.31 6080.21 
8218.40 6087.70 
8268.50 6096.45 
8318.59 6105.20 
8368.68 6111.38 
8418.77 6116.85 
8468.86 6125.23 
8518.96 6133.67 
8569.05 6141.74 
8619.14 6149.14 
8669.23 6156.34 
8719.33 6157.65 
8769.42 6159.60 
8819.51 6164.85 
8869.60 6170.30 
8919.69 6176.26 
8969.79 6181.77 
9019.88 6187.02 
9069.97 6194.27 
9120.06 6202.14 
9170.16 6207.19 
9220.25 6211.88 
9270.34 6219.57 
9320.43 6228.07 
9370.53 6230.09 
9420.62 6230.09 
9470.71 6230.09 
9520.80 6230.09 
9570.89 6238.08 
9620.99 6246.58 
9671.08 6254.13 
9721.17 6261.29 
9771.26 6267.64 
9821.36 6273.99 
9871.45 6279.24 
9921.54 6287.39 
9971.63 6298.32 
10021.73 6308.71 
10071.82 6315.84 
10121.91 6319.94 
10172.00 6321.10 
10222.09 6321.10 
10272.19 6321.10 
10322.28 6321.10 
10372.37 6321.10 
10422.46 6321.10 
10472.56 6321.10 
10522.65 6321.10 
10572.74 6321.10 
10622.83 6321.10 
10672.93 6321.10 
10723.02 6320.71 
10773.11 6319.72 
10823.20 6318.72 
10873.29 6318.64 
10923.39 6318.64 
10973.48 6318.64 
11023.57 6318.64 
11073.66 6318.64 
11123.76 6318.64 
11173.85 6318.64 
11223.94 6318.64 
11274.03 6318.64 
11324.13 6318.64 
11374.22 6318.64 
11424.31 6318.64 
11474.40 6317.76 
11524.49 6316.50 
11574.59 6312.09 
11624.68 6308.03 
11674.77 6305.47 
11724.86 6298.97 
11774.96 6298.97 
11825.05 6298.97 
11875.14 6297.00 
11925.23 6293.42 
11975.32 6291.49 
12025.42 6289.56 
12075.51 6286.07 
12125.60 6282.13 
12175.69 6276.60 
12225.79 6270.54 
12275.88 6262.82 
12325.97 6258.59 
12376.06 6255.62 
12426.16 6253.19 
12476.25 6249.26 
12526.34 6244.34 
12576.43 6239.42 
12626.52 6236.94 
12676.62 6236.05 
12726.71 6235.16 
12776.80 6237.27 
12826.89 6239.99 
12876.99 6240.28 
12927.08 6234.68 
12977.17 6229.08 
13027.26 6223.48 
13077.36 6217.88 
13127.45 6217.85 
13177.54 6217.85 
13227.63 6216.66 
13277.72 6212.96 
13327.82 6209.27 
13377.91 6205.57 
13428.00 6200.52 
13478.09 6194.55 
13528.19 6189.97 
13578.28 6185.60 
13628.37 6181.13 
13678.46 6176.57 
13728.56 6171.21 
13778.65 6166.13 
13828.74 6165.31 
13878.83 6164.35 
13928.92 6161.13 
13979.02 6157.92 
14029.11 6154.97 
14079.20 6152.44 
14129.29 6150.78 
14179.39 6150.78 
14229.48 6150.78 
14279.57 6151.05 
14329.66 6151.59 
14379.75 6152.12 
14429.85 6152.13 
14479.94 6152.13 
14530.03 6152.13 
14580.12 6152.13 
14630.22 6152.13 
14680.31 6155.10 
14730.40 6162.00 
14780.49 6168.95 
14830.59 6175.98 
14880.68 6183.01 
14930.77 6189.62 
14980.86 6195.28 
15030.95 6200.93 
15081.05 6206.72 
15131.14 6213.28 
15181.23 6219.85 
15231.32 6225.71 
15281.42 6230.63 
15331.51 6235.29 
15381.60 6239.15 
15431.69 6241.49 
15481.79 6241.49 
15531.88 6241.49 
15581.97 6247.72 
15632.06 6253.97 
15682.15 6256.72 
15732.25 6258.03 
15782.34 6259.34 
15832.43 6265.82 
15882.52 6270.51 
15932.62 6271.73 
15982.71 6272.94 
16032.80 6273.66 
16082.89 6273.66 
16132.99 6273.66 
16183.08 6273.66 
16233.17 6275.04 
16283.26 6276.53 
16333.35 6276.85 
16383.45 6276.13 
16433.54 6275.40 
16483.63 6274.67 
16533.72 6273.94 
16583.82 6272.38 
16633.91 6270.31 
16684.00 6268.24 
16734.09 6266.18 
16784.18 6264.11 
16834.28 6259.15 
16884.37 6254.37 
16934.46 6254.37 
16984.55 6254.37 
17034.65 6254.37 
17084.74 6254.37 
17134.83 6253.89 
17184.92 6252.07 
17235.02 6250.16 
17285.11 6245.58 
17335.20 6242.15 
17385.29 6242.15 
17435.38 6242.15 
17485.48 6242.15 
17535.57 6242.15 
17585.66 6242.15 
17635.75 6242.15 
17685.85 6242.15 
17735.94 6242.15 
17786.03 6242.01 
17836.12 6241.71 
17886.22 6241.41 
17936.31 6241.12 
17986.40 6240.82 
18036.49 6238.54 
18086.58 6236.11 
18136.68 6233.68 
18186.77 6233.78 
18236.86 6235.74 
18286.95 6237.70 
18337.05 6238.08 
18387.14 6238.08 
18437.23 6238.08 
18487.32 6240.95 
18537.42 6247.26 
18587.51 6252.65 
18637.60 6255.93 
18687.69 6259.21 
18737.78 6261.15 
18787.88 6261.15 
18837.97 6261.15 
18888.06 6261.15 
18938.15 6261.15 
18988.25 6261.15 
19038.34 6261.15 
19088.43 6261.15 
19138.52 6261.15 
19188.61 6261.15 
19238.71 6261.15 
19288.80 6261.15 
19338.89 6261.15 
19388.98 6261.48 
19439.08 6261.94 
19489.17 6262.40 
19539.26 6262.51 
19589.35 6262.51 
19639.45 6262.51 
19689.54 6262.51 
19739.63 6262.51 
19789.72 6262.51 
19839.81 6262.51 
19889.91 6262.51 
19940.00 6262.51 
19990.09 6262.51 
20040.18 6262.51 
20090.28 6262.51 
20140.37 6262.51 
20190.46 6262.51 
20240.55 6262.51 
20290.65 6262.51 
20340.74 6262.51 
20390.83 6262.51 
20440.92 6262.51 
20491.01 6262.51 
20541.11 6262.51 
20591.20 6268.10 
20641.29 6274.89 
20691.38 6277.81 
20741.48 6279.43 
20791.57 6279.43 
20841.66 6279.43 
20891.75 6279.43 
20941.85 6279.43 
20991.94 6279.43 
21042.03 6279.43 
21092.12 6279.43 
21142.21 6279.43 
21192.31 6279.43 
21242.40 6279.43 
21292.49 6279.43 
21342.58 6279.43 
21392.68 6279.43 
21442.77 6279.43 
21492.86 6279.43 
21542.95 6279.43 
21593.05 6279.43 
21643.14 6279.43 
21693.23 6279.43 
21743.32 6279.43 
21793.41 6279.43 
21843.51 6279.43 
21893.60 6279.43 
21943.69 6279.43 
21993.78 6279.43 
22043.88 6279.43 
22093.97 6279.43 
22144.06 6279.43 
22194.15 6279.32 
22244.24 6278.25 
22294.34 6277.32 
22344.43 6277.32 
22394.52 6277.32 
22444.61 6277.32 
22494.71 6277.26 
22544.80 6276.96 
22594.89 6276.67 
22644.98 6276.49 
22695.08 6276.49 
22745.17 6276.49 
22795.26 6276.49 
22845.35 6276.49 
22895.44 6276.49 
22945.54 6276.49 
22995.63 6276.45 
23045.72 6275.93 
23095.81 6275.66 
23145.91 6275.66 
23196.00 6275.66 
23246.09 6275.66 
23296.18 6276.96 
23346.28 6279.38 
23396.37 6279.99 
23446.46 6279.99 
23496.55 6279.99 
23546.64 6279.99 
23596.74 6285.26 
23646.83 6291.68 
23696.92 6294.03 
23747.01 6295.30 
23797.11 6295.30 
23847.20 6295.40 
23897.29 6296.24 
23947.38 6299.47 
23997.48 6305.53 
24047.57 6311.94 
24097.66 6319.59 
24147.75 6322.54 
24197.84 6324.58 
24247.94 6324.58 
24298.03 6324.58 
24348.12 6324.58 
24398.21 6324.58 
24448.31 6327.22 
24498.40 6331.66 
24548.49 6339.13 
24598.58 6346.09 
24648.67 6351.41 
24698.77 6352.46 
24748.86 6352.46 
24798.95 6352.46 
24849.04 6352.46 
24899.14 6354.58 
24949.23 6355.97 
24999.32 6358.65 
25049.41 6364.39 
25099.51 6369.32 
25149.60 6371.91 
25199.69 6374.24 
25249.78 6376.21 
25299.87 6377.94 
25349.97 6385.23 
25400.06 6385.93 
25450.15 6385.93 
25500.24 6385.93 
25550.34 6385.93 
25600.43 6385.93 
25650.52 6387.54 
25700.61 6392.88 
25750.71 6392.02 
25800.80 6391.05 
25850.89 6390.12 
25900.98 6390.12 
25951.07 6390.83 
26001.17 6394.17 
26051.26 6397.84 
26101.35 6399.48 
26151.44 6400.73 
26201.54 6401.95 
26251.63 6407.27 
26301.72 6412.52 
26351.81 6417.25 
26401.91 6417.29 
26452.00 6419.16 
26502.09 6420.25 
26552.18 6420.79 
26602.27 6420.79 
26652.37 6420.79 
26702.46 6421.84 
26752.55 6423.41 
26802.64 6429.38 
26852.74 6436.72 
26902.83 6442.26 
26952.92 6445.39 
27003.01 6445.17 
27053.10 6444.75 
27103.20 6444.56 
27153.29 6446.28 
27203.38 6447.98 
27253.47 6448.68 
27303.57 6449.38 
27353.66 6449.41 
27403.75 6449.41 
27453.84 6454.42 
27503.94 6460.41 
27554.03 6465.67 
27604.12 6467.50 
27654.21 6468.23 
27704.30 6468.23 
27754.40 6468.23 
27804.49 6470.18 
27854.58 6474.39 
27904.67 6477.37 
27954.77 6479.94 
28004.86 6482.50 
28054.95 6482.70 
28105.04 6482.74 
28155.14 6484.21 
28205.23 6490.56 
28255.32 6492.83 
28305.41 6492.83 
28355.50 6492.83 
28405.60 6492.83 
28455.69 6492.83 
28505.78 6492.99 
28555.87 6494.92 
28605.97 6500.11 
28656.06 6504.80 
28706.15 6505.86 
28756.24 6506.70 
28806.34 6510.17 
28856.43 6516.43 
28906.52 6523.54 
28956.61 6533.07 
29006.70 6541.31 
29056.80 6548.80 
29106.89 6555.48 
29156.98 6562.17 
29207.07 6562.31 
29257.17 6562.31 
29307.26 6562.64 
29357.35 6565.60 
29407.44 6571.91 
29457.53 6577.88 
29507.63 6582.58 
29557.72 6582.58 
29607.81 6585.52 
29657.90 6591.19 
29708.00 6593.19 
29758.09 6595.19 
29808.18 6597.19 
29858.27 6598.48 
29908.37 6599.19 
29958.46 6603.64 
30008.55 6610.84 
30058.64 6618.13 
30108.73 6624.17 
30158.83 6626.85 
30208.92 6629.08 
30259.01 6629.08 
30309.10 6629.08 
30359.20 6633.45 
30409.29 6638.25 
30459.38 6643.68 
30509.47 6650.65 
30559.57 6657.21 
30609.66 6662.69 
30659.75 6662.90 
30709.84 6665.14 
30759.93 6668.86 
30810.03 6676.88 
30860.12 6684.45 
30910.21 6688.23 
30960.30 6692.02 
31010.40 6693.55 
31060.49 6698.97 
31110.58 6705.97 
31160.67 6712.32 
31210.77 6715.26 
31260.86 6719.46 
31310.95 6726.58 
31361.04 6732.62 
31411.13 6736.17 
31461.23 6736.17 
31511.32 6740.54 
31561.41 6747.11 
31611.50 6751.69 
31661.60 6754.88 
31711.69 6755.87 
31761.78 6761.02 
31811.87 6766.81 
31861.96 6773.64 
31912.06 6780.93 
31962.15 6784.59 
32012.24 6787.23 
32062.33 6791.04 
32112.43 6795.62 
32162.52 6802.75 
32212.61 6812.59 
32262.70 6820.38 
32312.80 6827.41 
32362.89 6834.08 
32412.98 6840.75 
32463.07 6845.64 
32513.16 6849.46 
32563.26 6853.27 
32613.35 6857.09 
32663.44 6863.59 
32713.53 6870.33 
32763.63 6877.69 
32813.72 6885.06 
32863.81 6891.67 
32913.90 6898.59 
32964.00 6906.79 
33014.09 6910.91 
33064.18 6911.78 
33114.27 6917.05 
33164.36 6922.31 
33214.46 6927.58 
33264.55 6932.44 
33314.64 6937.13 
33364.73 6942.23 
33414.83 6947.39 
33464.92 6952.54 
33515.01 6958.41 
33565.10 6964.37 
33615.20 6969.68 
33665.29 6974.37 
33715.38 6977.47 
33765.47 6979.93 
