 13.23 4476.79 
 63.26 4488.93 
113.30 4507.97 
163.34 4522.45 
213.38 4536.27 
263.42 4550.03 
313.46 4560.77 
363.50 4565.47 
413.54 4566.57 
463.58 4565.67 
513.61 4567.98 
563.65 4576.98 
613.69 4582.67 
663.73 4585.37 
713.77 4584.65 
763.81 4583.18 
813.85 4581.51 
863.89 4581.41 
913.92 4582.17 
963.96 4582.93 
1014.00 4582.69 
1064.04 4581.44 
1114.08 4577.36 
1164.12 4570.18 
1214.16 4558.55 
1264.20 4546.14 
1314.24 4519.06 
1364.27 4491.18 
1414.31 4477.58 
1464.35 4457.53 
1514.39 4448.95 
1564.43 4451.09 
1614.47 4457.47 
1664.51 4464.63 
1714.55 4475.78 
1764.58 4488.18 
1814.62 4502.21 
1864.66 4512.72 
1914.70 4513.94 
1964.74 4513.94 
2014.78 4511.50 
2064.82 4512.31 
2114.86 4516.72 
2164.90 4526.23 
2214.93 4529.36 
2264.97 4536.98 
2315.01 4552.20 
2365.05 4573.00 
2415.09 4596.74 
2465.13 4614.63 
2515.17 4629.40 
2565.21 4645.21 
2615.25 4661.27 
2665.28 4677.31 
2715.32 4691.17 
2765.36 4702.38 
2815.40 4717.31 
2865.44 4722.98 
2915.48 4725.55 
2965.52 4724.71 
3015.56 4720.18 
3065.59 4713.92 
3115.63 4705.64 
3165.67 4700.71 
3215.71 4701.14 
3265.75 4710.12 
3315.79 4733.05 
3365.83 4758.00 
3415.87 4769.36 
3465.91 4780.47 
3515.94 4795.30 
3565.98 4812.44 
3616.02 4833.54 
3666.06 4853.58 
3716.10 4867.87 
3766.14 4879.88 
3816.18 4890.15 
3866.22 4892.66 
3916.25 4895.12 
3966.29 4897.36 
4016.33 4898.95 
4066.37 4900.54 
4116.41 4899.65 
4166.45 4898.48 
4216.49 4895.97 
4266.53 4895.17 
4316.57 4895.73 
4366.60 4900.18 
4416.64 4902.59 
4466.68 4902.97 
4516.72 4903.41 
4566.76 4904.70 
4616.80 4911.13 
4666.84 4909.53 
4716.88 4905.53 
4766.91 4905.03 
4816.95 4908.83 
4866.99 4917.97 
4917.03 4922.77 
4967.07 4928.61 
5017.11 4936.64 
5067.15 4946.56 
5117.19 4956.91 
5167.23 4968.11 
5217.26 4976.12 
5267.30 4980.00 
5317.34 4979.29 
5367.38 4975.01 
5417.42 4970.35 
5467.46 4965.46 
5517.50 4961.98 
5567.54 4958.26 
5617.57 4952.70 
5667.61 4946.47 
5717.65 4945.53 
5767.69 4952.66 
5817.73 4954.75 
5867.77 4956.53 
5917.81 4955.84 
5967.85 4955.77 
6017.89 4950.28 
6067.92 4960.33 
6117.96 4971.06 
6168.00 4972.95 
6218.04 4974.57 
6268.08 4977.99 
6318.12 4985.15 
6368.16 4988.17 
6418.20 4988.17 
6468.23 4992.43 
6518.27 4995.57 
6568.31 4984.44 
6618.35 4978.43 
6668.39 4976.70 
6718.43 4972.19 
6768.47 4967.82 
6818.51 4963.76 
6868.55 4966.50 
6918.58 4976.39 
6968.62 4987.24 
7018.66 4996.31 
7068.70 5004.39 
7118.74 5013.23 
7168.78 5022.23 
7218.82 5030.87 
7268.86 5039.22 
7318.90 5043.66 
7368.93 5047.08 
7418.97 5047.64 
7469.01 5038.27 
7519.05 5030.83 
7569.09 5023.38 
7619.13 5025.54 
7669.17 5027.52 
7719.21 5029.40 
7769.24 5030.38 
7819.28 5029.35 
7869.32 5028.33 
7919.36 5026.67 
7969.40 5024.22 
8019.44 5021.76 
8069.48 5020.89 
8119.52 5021.89 
8169.56 5023.97 
8219.59 5026.06 
8269.63 5031.35 
8319.67 5036.90 
8369.71 5041.93 
8419.75 5045.72 
8469.79 5048.50 
8519.83 5049.14 
8569.87 5049.80 
8619.90 5050.80 
8669.94 5051.22 
8719.98 5051.22 
8770.02 5047.29 
8820.06 5039.86 
8870.10 5032.69 
8920.14 5026.74 
8970.18 5023.48 
9020.22 5034.91 
9070.25 5047.27 
9120.29 5052.12 
9170.33 5056.69 
9220.37 5060.55 
9270.41 5064.40 
9320.45 5065.00 
9370.49 5065.58 
9420.53 5066.72 
9470.56 5068.47 
9520.60 5070.22 
9570.64 5080.21 
9620.68 5089.21 
9670.72 5096.62 
9720.76 5100.92 
9770.80 5104.84 
9820.84 5107.78 
9870.88 5111.33 
9920.91 5116.34 
9970.95 5121.35 
10020.99 5120.84 
10071.03 5120.14 
10121.07 5120.14 
10171.11 5120.14 
10221.15 5121.54 
10271.19 5124.05 
10321.22 5126.17 
10371.26 5126.94 
10421.30 5127.71 
10471.34 5128.49 
10521.38 5129.74 
10571.42 5131.66 
10621.46 5133.59 
10671.50 5141.69 
10721.54 5159.90 
10771.57 5166.49 
10821.61 5173.09 
10871.65 5180.61 
10921.69 5188.37 
10971.73 5194.72 
11021.77 5198.41 
11071.81 5202.80 
11121.85 5208.49 
11171.89 5214.18 
11221.92 5227.78 
11271.96 5246.01 
11322.00 5263.94 
11372.04 5281.69 
11422.08 5296.95 
11472.12 5307.97 
11522.16 5318.62 
11572.20 5322.79 
11622.23 5326.97 
11672.27 5332.07 
11722.31 5339.58 
11772.35 5347.10 
11822.39 5353.14 
11872.43 5357.70 
11922.47 5360.16 
11972.51 5360.16 
12022.55 5360.16 
12072.58 5360.16 
12122.62 5360.53 
12172.66 5363.98 
12222.70 5367.44 
12272.74 5371.36 
12322.78 5375.91 
12372.82 5380.47 
12422.86 5381.95 
12472.89 5378.03 
12522.93 5374.12 
12572.97 5377.70 
12623.01 5392.58 
12673.05 5407.45 
12723.09 5418.23 
12773.13 5423.67 
12823.17 5428.48 
12873.21 5431.82 
12923.24 5435.16 
12973.28 5438.06 
13023.32 5440.57 
13073.36 5443.07 
13123.40 5444.38 
13173.44 5445.27 
13223.48 5447.10 
13273.52 5454.12 
13323.55 5461.13 
13373.59 5459.65 
13423.63 5456.52 
13473.67 5452.57 
13523.71 5448.09 
13573.75 5443.71 
13623.79 5443.71 
13673.83 5443.71 
13723.87 5448.92 
13773.90 5455.46 
13823.94 5460.98 
13873.98 5465.99 
13924.02 5471.00 
13974.06 5469.09 
14024.10 5466.30 
14074.14 5462.41 
14124.18 5456.75 
14174.21 5451.09 
14224.25 5446.87 
14274.29 5444.01 
14324.33 5441.15 
14374.37 5439.32 
14424.41 5440.25 
14474.45 5441.18 
14524.49 5445.26 
14574.53 5450.27 
14624.56 5455.28 
14674.60 5459.91 
14724.64 5459.17 
14774.68 5458.43 
14824.72 5457.69 
14874.76 5450.87 
14924.80 5443.50 
14974.84 5436.13 
15024.87 5431.22 
15074.91 5427.04 
15124.95 5422.86 
15174.99 5419.72 
15225.03 5416.59 
15275.07 5413.61 
15325.11 5416.40 
15375.15 5419.18 
15425.19 5418.86 
15475.22 5415.73 
15525.26 5412.59 
15575.30 5409.46 
15625.34 5412.75 
15675.38 5417.45 
15725.42 5422.14 
15775.46 5424.82 
15825.50 5427.15 
15875.54 5429.48 
15925.57 5431.81 
15975.61 5428.98 
16025.65 5425.40 
16075.69 5421.82 
16125.73 5418.24 
16175.77 5414.27 
16225.81 5409.49 
16275.85 5404.72 
16325.88 5399.95 
16375.92 5394.68 
16425.96 5388.78 
16476.00 5382.89 
16526.04 5373.63 
16576.08 5356.28 
16626.12 5338.94 
16676.16 5329.56 
16726.20 5321.21 
16776.23 5312.85 
16826.27 5307.27 
16876.31 5302.26 
16926.35 5300.35 
16976.39 5301.37 
17026.43 5302.39 
17076.47 5303.41 
17126.51 5304.44 
17176.54 5309.77 
17226.58 5315.22 
17276.62 5328.75 
17326.66 5340.46 
17376.70 5348.17 
17426.74 5355.73 
17476.78 5360.29 
17526.82 5364.78 
17576.86 5361.65 
17626.89 5358.51 
17676.93 5355.21 
17726.97 5348.30 
17777.01 5341.39 
17827.05 5335.46 
17877.09 5331.28 
17927.13 5327.76 
17977.17 5328.38 
18027.20 5329.01 
18077.24 5329.63 
18127.28 5329.99 
18177.32 5329.99 
18227.36 5329.99 
18277.40 5329.99 
18327.44 5329.99 
18377.48 5333.54 
18427.52 5339.32 
18477.55 5345.10 
18527.59 5350.88 
18577.63 5351.46 
18627.67 5352.04 
18677.71 5352.63 
18727.75 5353.23 
18777.79 5354.80 
18827.83 5356.37 
18877.86 5357.94 
18927.90 5358.94 
18977.94 5358.94 
19027.98 5358.94 
19078.02 5358.94 
19128.06 5358.94 
19178.10 5358.27 
19228.14 5353.97 
19278.18 5349.68 
19328.21 5345.38 
19378.25 5341.09 
19428.29 5336.79 
19478.33 5333.97 
19528.37 5332.01 
19578.41 5330.04 
19628.45 5328.08 
19678.49 5326.11 
19728.52 5324.15 
19778.56 5322.18 
19828.60 5320.22 
19878.64 5319.76 
19928.68 5320.37 
19978.72 5320.98 
20028.76 5321.59 
20078.80 5322.20 
20128.84 5322.82 
20178.87 5323.30 
20228.91 5322.77 
20278.95 5322.25 
20328.99 5321.73 
20379.03 5321.21 
20429.07 5320.69 
20479.11 5320.16 
20529.15 5319.64 
20579.19 5315.81 
20629.22 5309.17 
20679.26 5302.54 
20729.30 5295.91 
20779.34 5289.28 
20829.38 5282.58 
20879.42 5275.56 
20929.46 5268.55 
20979.50 5261.53 
21029.53 5253.32 
21079.57 5241.18 
21129.61 5229.03 
21179.65 5216.88 
21229.69 5204.73 
21279.73 5192.70 
21329.77 5185.19 
21379.81 5177.67 
21429.85 5170.15 
21479.88 5162.64 
21529.92 5155.12 
21579.96 5147.60 
21630.00 5140.65 
21680.04 5133.93 
21730.08 5127.21 
21780.12 5120.49 
21830.16 5113.77 
21880.19 5107.04 
21930.23 5097.31 
21980.27 5078.27 
22030.31 5059.23 
22080.35 5040.19 
22130.39 5020.42 
22180.43 4998.94 
22230.47 4977.47 
22280.51 4955.99 
22330.54 4934.52 
22380.58 4913.04 
22430.62 4890.84 
22480.66 4868.42 
22530.70 4846.00 
22580.74 4816.78 
22630.78 4785.64 
22680.82 4754.49 
22730.85 4723.34 
22780.89 4692.19 
22830.93 4661.04 
22880.97 4648.64 
22931.01 4637.43 
22981.05 4626.22 
23031.09 4615.01 
23081.13 4603.81 
23131.17 4592.60 
23181.20 4578.92 
23231.24 4565.10 
23281.28 4551.27 
23331.32 4537.45 
23381.36 4523.63 
23431.40 4509.80 
23481.44 4495.98 
23531.48 4482.16 
23581.51 4468.33 
23631.55 4465.46 
23681.59 4465.46 
23731.63 4465.46 
23781.67 4465.46 
23831.71 4465.46 
23881.75 4465.46 
23931.79 4465.46 
23981.83 4467.43 
24031.86 4469.75 
24081.90 4472.07 
24131.94 4474.39 
24181.98 4476.71 
24232.02 4479.03 
24282.06 4481.35 
24332.10 4483.67 
24382.14 4489.90 
24432.17 4504.09 
24482.21 4518.29 
24532.25 4532.49 
24582.29 4546.69 
24632.33 4559.54 
24682.37 4571.47 
24732.41 4583.40 
24782.45 4592.94 
24832.49 4596.40 
24882.52 4599.86 
24932.56 4603.31 
24982.60 4606.77 
25032.64 4611.21 
25082.68 4616.06 
25132.72 4620.90 
25182.76 4625.75 
25232.80 4630.60 
25282.84 4642.11 
25332.87 4655.14 
25382.91 4668.16 
25432.95 4681.19 
25482.99 4691.45 
25533.03 4701.30 
25583.07 4711.14 
25633.11 4720.98 
25683.15 4723.10 
25733.18 4715.79 
25783.22 4708.48 
25833.26 4701.17 
25883.30 4697.61 
25933.34 4695.94 
25983.38 4695.04 
26033.42 4695.96 
26083.46 4696.89 
26133.50 4697.82 
26183.53 4699.46 
26233.57 4719.96 
26283.61 4739.57 
26333.65 4757.11 
26383.69 4774.65 
26433.73 4792.27 
26483.77 4810.36 
26533.81 4828.46 
26583.84 4846.59 
26633.88 4864.81 
26683.92 4896.72 
26733.96 4939.00 
26784.00 4980.79 
26834.04 5012.11 
26884.08 5043.43 
26934.12 5074.75 
26984.16 5110.40 
27034.19 5158.59 
27084.23 5203.79 
27134.27 5237.52 
27184.31 5271.25 
27234.35 5304.97 
27284.39 5337.22 
27334.43 5356.62 
27384.47 5376.01 
27434.50 5395.41 
27484.54 5414.81 
27534.58 5433.11 
27584.62 5447.33 
27634.66 5461.55 
27684.70 5475.77 
27734.74 5489.99 
27784.78 5504.21 
27834.82 5517.64 
27884.85 5529.73 
27934.89 5541.83 
27984.93 5553.92 
28034.97 5566.02 
28085.01 5586.05 
28135.05 5608.10 
28185.09 5630.15 
28235.13 5652.20 
28285.16 5667.85 
28335.20 5682.40 
28385.24 5696.94 
28435.28 5711.49 
28485.32 5726.04 
28535.36 5748.67 
28585.40 5771.62 
28635.44 5794.57 
28685.48 5814.99 
28735.51 5834.92 
28785.55 5854.86 
28835.59 5874.80 
28885.63 5894.73 
28935.67 5914.67 
28985.71 5934.60 
29035.75 5953.15 
29085.79 5966.56 
29135.82 5979.97 
29185.86 5993.38 
29235.90 6006.79 
29285.94 6020.20 
29335.98 6034.78 
29386.02 6051.19 
29436.06 6067.53 
29486.10 6077.05 
29536.14 6086.58 
29586.17 6096.11 
29636.21 6105.64 
29686.25 6115.17 
29736.29 6124.94 
29786.33 6135.79 
29836.37 6146.64 
29886.41 6157.49 
29936.45 6169.21 
29986.49 6181.36 
30036.52 6193.50 
30086.56 6205.65 
30136.60 6211.53 
30186.64 6215.85 
30236.68 6220.17 
30286.72 6222.26 
30336.76 6220.94 
30386.80 6219.09 
30436.83 6214.61 
30486.87 6210.14 
30536.91 6205.67 
30586.95 6202.29 
30636.99 6199.05 
30687.03 6195.82 
30737.07 6193.16 
30787.11 6192.27 
30837.15 6191.37 
30887.18 6190.48 
30937.22 6194.68 
30987.26 6199.10 
31037.30 6203.52 
31087.34 6207.94 
31137.38 6222.13 
31187.42 6236.64 
31237.46 6249.96 
31287.49 6262.87 
31337.53 6275.78 
31387.57 6288.68 
31437.61 6298.30 
31487.65 6307.41 
31537.69 6316.52 
31587.73 6325.63 
31637.77 6333.23 
31687.81 6340.82 
31737.84 6348.42 
31787.88 6356.28 
31837.92 6366.08 
31887.96 6375.89 
31938.00 6384.40 
31988.04 6391.14 
32038.08 6397.89 
32088.12 6402.64 
32138.15 6404.03 
32188.19 6405.42 
32238.23 6406.81 
32288.27 6408.20 
32338.31 6409.55 
32388.35 6410.91 
32438.39 6412.26 
32488.43 6413.62 
32538.47 6415.10 
32588.50 6416.62 
32638.54 6418.14 
32688.58 6419.66 
32738.62 6414.09 
32788.66 6408.01 
32838.70 6401.94 
32888.74 6396.35 
32938.78 6398.14 
32988.81 6399.93 
33038.85 6401.72 
33088.89 6408.80 
33138.93 6417.42 
33188.97 6426.03 
33239.01 6434.56 
33289.05 6439.11 
33339.09 6443.67 
33389.13 6448.22 
33439.16 6451.89 
33489.20 6450.46 
33539.24 6449.02 
33589.28 6447.59 
33639.32 6445.86 
33689.36 6437.27 
33739.40 6428.68 
33789.44 6420.09 
33839.47 6411.50 
33889.51 6408.10 
33939.55 6405.06 
33989.59 6402.03 
34039.63 6398.91 
34089.67 6394.50 
34139.71 6390.10 
34189.75 6388.73 
34239.79 6391.28 
34289.82 6393.83 
34339.86 6396.37 
34389.90 6401.00 
34439.94 6406.51 
34489.98 6412.02 
34540.02 6418.47 
34590.06 6425.75 
34640.10 6433.02 
34690.14 6440.29 
34740.17 6444.40 
34790.21 6446.45 
34840.25 6448.51 
34890.29 6450.56 
34940.33 6454.73 
34990.37 6459.63 
35040.41 6464.54 
35090.45 6472.83 
35140.48 6481.81 
35190.52 6490.79 
35240.56 6499.87 
35290.60 6509.06 
35340.64 6518.24 
35390.68 6527.43 
35440.72 6532.87 
35490.76 6536.51 
35540.80 6540.15 
35590.83 6543.78 
35640.87 6542.91 
35690.91 6540.53 
35740.95 6538.77 
35790.99 6543.44 
35841.03 6548.11 
35891.07 6552.78 
35941.11 6555.27 
35991.14 6553.75 
36041.18 6552.23 
36091.22 6550.71 
36141.26 6549.14 
36191.30 6547.33 
36241.34 6545.51 
36291.38 6543.70 
36341.42 6541.88 
36391.46 6544.25 
36441.49 6547.65 
36491.53 6551.05 
36541.57 6554.55 
36591.61 6559.56 
36641.65 6564.58 
36691.69 6569.59 
36741.73 6576.17 
36791.77 6583.88 
36841.80 6592.43 
36891.84 6607.46 
36941.88 6622.49 
36991.92 6636.12 
37041.96 6645.83 
37092.00 6655.55 
37142.04 6664.90 
37192.08 6672.37 
37242.12 6679.85 
37292.15 6687.32 
37342.19 6695.92 
37392.23 6705.44 
37442.27 6714.96 
37492.31 6723.52 
37542.35 6730.53 
37592.39 6737.55 
37642.43 6743.03 
37692.46 6743.03 
37742.50 6743.02 
37792.54 6740.24 
37842.58 6737.46 
37892.62 6742.34 
37942.66 6750.16 
37992.70 6757.99 
38042.74 6765.87 
38092.78 6773.76 
38142.81 6781.65 
38192.85 6787.83 
38242.89 6791.62 
38292.93 6795.40 
38342.97 6799.19 
38393.01 6804.70 
38443.05 6812.22 
38493.09 6819.73 
38543.13 6827.25 
38593.16 6835.74 
38643.20 6846.29 
38693.24 6856.83 
38743.28 6867.38 
38793.32 6876.02 
38843.36 6884.24 
38893.40 6892.46 
38943.44 6903.07 
38993.47 6914.01 
39043.51 6924.96 
39093.55 6935.90 
39143.59 6946.50 
39193.63 6957.05 
39243.67 6967.60 
39293.71 6977.60 
39343.75 6986.71 
39393.79 6995.82 
39443.82 7004.62 
39493.86 7012.81 
39543.90 7021.00 
39593.94 7033.31 
39643.98 7045.84 
39694.02 7058.36 
39744.06 7068.48 
39794.10 7072.00 
39844.13 7075.52 
39894.17 7079.17 
39944.21 7083.06 
39994.25 7086.95 
40044.29 7090.84 
40094.33 7094.73 
40144.37 7099.40 
40194.41 7104.62 
40244.45 7109.84 
40294.48 7116.13 
40344.52 7125.28 
40394.56 7134.44 
40444.60 7149.94 
40494.64 7166.32 
40544.68 7179.13 
40594.72 7188.15 
40644.76 7197.16 
40694.79 7203.72 
40744.83 7203.72 
40794.87 7203.72 
40844.91 7203.72 
40894.95 7203.72 
40944.99 7203.72 
40995.03 7205.09 
41045.07 7208.90 
41095.11 7212.72 
41145.14 7216.53 
41195.18 7220.30 
41245.22 7223.92 
41295.26 7227.55 
41345.30 7231.18 
41395.34 7234.80 
41445.38 7238.43 
41495.42 7242.06 
41545.45 7245.59 
41595.49 7249.01 
41645.53 7252.42 
41695.57 7255.84 
41745.61 7259.26 
41795.65 7262.67 
41845.69 7266.91 
41895.73 7271.92 
41945.77 7276.93 
41995.80 7281.95 
42045.84 7286.96 
42095.88 7292.32 
42145.92 7299.83 
42195.96 7307.35 
42246.00 7314.87 
42296.04 7322.38 
42346.08 7333.56 
42396.11 7346.63 
42446.15 7359.71 
42496.19 7372.78 
42546.23 7387.14 
42596.27 7402.62 
42646.31 7418.09 
42696.35 7434.88 
42746.39 7453.02 
42796.43 7471.17 
42846.46 7476.83 
42896.50 7481.01 
42946.54 7489.29 
42996.58 7498.98 
43046.62 7508.68 
43096.66 7515.24 
43146.70 7521.68 
43196.74 7528.12 
43246.78 7528.39 
43296.81 7527.39 
43346.85 7524.41 
43396.89 7520.05 
43446.93 7520.65 
43496.97 7525.66 
43547.01 7530.67 
43597.05 7538.21 
43647.09 7546.23 
43697.12 7561.47 
43747.16 7581.52 
43797.20 7587.27 
43847.24 7589.66 
43897.28 7592.04 
43947.32 7594.76 
43997.36 7604.24 
44047.40 7613.72 
44097.44 7623.20 
44147.47 7635.26 
44197.51 7648.27 
44247.55 7661.28 
44297.59 7674.28 
44347.63 7687.36 
44397.67 7701.35 
44447.71 7715.33 
44497.75 7729.32 
44547.78 7742.81 
44597.82 7754.53 
44647.86 7766.26 
44697.90 7777.99 
44747.94 7789.68 
44797.98 7796.77 
44848.02 7803.86 
44898.06 7810.95 
44948.10 7818.04 
44998.13 7825.14 
45048.17 7832.23 
45098.21 7839.33 
45148.25 7846.43 
45198.29 7853.53 
45248.33 7860.63 
45298.37 7869.34 
45348.41 7878.26 
45398.44 7887.19 
45448.48 7896.11 
45498.52 7905.03 
45548.56 7913.96 
45598.60 7921.97 
45648.64 7928.23 
45698.68 7934.50 
45748.72 7940.76 
45798.76 7948.48 
45848.79 7956.66 
45898.83 7964.84 
45948.87 7973.02 
45998.91 7980.46 
46048.95 7986.61 
46098.99 7992.76 
46149.03 7998.92 
46199.07 8005.07 
46249.10 8010.64 
46299.14 8014.55 
46349.18 8018.47 
46399.22 8022.38 
46449.26 8026.30 
46499.30 8030.21 
46549.34 8036.73 
46599.38 8045.57 
46649.42 8054.41 
46699.45 8063.26 
46749.49 8072.10 
46799.53 8080.94 
46849.57 8089.21 
46899.61 8096.72 
46949.65 8104.24 
46999.69 8111.76 
47049.73 8119.27 
47099.76 8126.75 
47149.80 8133.58 
47199.84 8140.42 
47249.88 8147.25 
47299.92 8154.08 
47349.96 8160.91 
47400.00 8167.68 
47450.04 8174.08 
47500.08 8180.48 
47550.11 8186.87 
47600.15 8193.27 
47650.19 8205.11 
47700.23 8217.33 
47750.27 8229.56 
47800.31 8241.61 
47850.35 8253.17 
47900.39 8264.73 
47950.43 8276.30 
48000.46 8285.77 
48050.50 8294.62 
48100.54 8303.46 
48150.58 8312.30 
48200.62 8321.15 
48250.66 8329.99 
48300.70 8337.82 
48350.74 8345.16 
48400.77 8352.51 
48450.81 8359.85 
48500.85 8367.19 
