 36.89 7377.05 
 86.94 7383.49 
136.99 7387.34 
187.03 7391.19 
237.08 7399.08 
287.13 7408.23 
337.17 7419.56 
387.22 7432.81 
437.26 7446.46 
487.31 7460.11 
537.36 7473.50 
587.40 7486.84 
637.45 7496.43 
687.49 7505.10 
737.54 7512.91 
787.59 7520.45 
837.63 7526.07 
887.68 7532.80 
937.73 7547.10 
987.77 7561.11 
1037.82 7572.07 
1087.86 7582.73 
1137.91 7590.68 
1187.96 7598.63 
1238.00 7606.37 
1288.05 7613.24 
1338.09 7623.37 
1388.14 7632.36 
1438.19 7638.13 
1488.23 7639.21 
1538.28 7639.21 
1588.32 7640.95 
1638.37 7644.61 
1688.42 7648.39 
1738.46 7660.90 
1788.51 7673.41 
1838.56 7687.20 
1888.60 7698.71 
1938.65 7705.66 
1988.69 7715.58 
2038.74 7736.99 
2088.79 7752.00 
2138.83 7759.59 
2188.88 7769.95 
2238.92 7796.64 
2288.97 7817.07 
2339.02 7827.07 
2389.06 7841.93 
2439.11 7863.70 
2489.16 7889.63 
2539.20 7912.57 
2589.25 7918.81 
2639.29 7909.51 
2689.34 7876.15 
2739.39 7839.02 
2789.43 7802.45 
2839.48 7774.84 
2889.52 7747.99 
2939.57 7722.11 
2989.62 7715.15 
3039.66 7716.43 
3089.71 7719.64 
3139.76 7726.31 
3189.80 7732.86 
3239.85 7739.32 
3289.89 7751.24 
3339.94 7765.54 
3389.99 7779.01 
3440.03 7791.92 
3490.08 7805.64 
3540.12 7822.51 
3590.17 7848.52 
3640.22 7876.27 
3690.26 7904.62 
3740.31 7930.96 
3790.35 7957.17 
3840.40 7981.38 
3890.45 8002.83 
3940.49 8019.30 
3990.54 8034.02 
4040.59 8056.50 
4090.63 8082.32 
4140.68 8108.93 
4190.72 8135.70 
4240.77 8161.60 
4290.82 8185.06 
4340.86 8207.52 
4390.91 8228.04 
4440.95 8248.57 
4491.00 8255.14 
4541.05 8261.92 
4591.09 8271.60 
4641.14 8281.28 
4691.19 8290.97 
4741.23 8300.84 
4791.28 8310.84 
4841.32 8320.85 
4891.37 8330.86 
4941.42 8340.54 
4991.46 8345.38 
5041.51 8350.22 
5091.55 8355.06 
5141.60 8359.05 
5191.65 8362.38 
5241.69 8365.72 
5291.74 8368.06 
5341.79 8366.13 
5391.83 8364.21 
5441.88 8359.44 
5491.92 8346.53 
5541.97 8333.62 
5592.02 8320.70 
5642.06 8314.48 
5692.11 8310.31 
5742.15 8306.23 
5792.20 8303.45 
5842.25 8300.67 
5892.29 8297.89 
5942.34 8295.12 
5992.39 8295.12 
6042.43 8295.12 
6092.48 8295.12 
6142.52 8311.75 
6192.57 8329.07 
6242.62 8346.44 
6292.66 8365.50 
6342.71 8384.57 
6392.75 8399.05 
6442.80 8411.22 
6492.85 8423.40 
6542.89 8435.57 
6592.94 8445.36 
6642.98 8452.72 
6693.03 8460.08 
6743.08 8467.43 
6793.12 8471.50 
6843.17 8473.88 
6893.22 8476.99 
6943.26 8481.83 
6993.31 8486.67 
7043.35 8491.52 
7093.40 8496.93 
7143.45 8502.49 
7193.49 8508.05 
7243.54 8513.61 
7293.58 8519.17 
7343.63 8525.24 
7393.68 8531.49 
7443.72 8537.75 
7493.77 8544.00 
7543.82 8550.26 
7593.86 8556.39 
7643.91 8562.28 
7693.95 8568.17 
7744.00 8574.05 
7794.05 8579.94 
7844.09 8585.83 
7894.14 8594.20 
7944.18 8604.44 
7994.23 8614.67 
8044.28 8624.91 
8094.32 8635.14 
8144.37 8645.49 
8194.42 8655.92 
8244.46 8666.34 
8294.51 8676.76 
8344.55 8687.19 
8394.60 8697.45 
8444.65 8707.11 
8494.69 8716.77 
8544.74 8726.42 
8594.78 8736.08 
8644.83 8745.73 
8694.88 8755.39 
8744.92 8761.41 
8794.97 8766.42 
8845.01 8771.42 
8895.06 8776.42 
8945.11 8781.43 
8995.15 8786.65 
9045.20 8793.18 
9095.25 8799.71 
9145.29 8806.23 
9195.34 8812.76 
9245.38 8819.28 
9295.43 8819.53 
9345.48 8819.53 
9395.52 8819.53 
9445.57 8819.53 
9495.61 8819.53 
9545.66 8818.28 
9595.71 8817.03 
9645.75 8815.78 
9695.80 8814.53 
9745.85 8807.06 
9795.89 8793.26 
9845.94 8779.46 
9895.98 8765.11 
9946.03 8748.92 
9996.08 8732.74 
10046.12 8716.55 
10096.17 8699.78 
10146.21 8682.14 
10196.26 8664.49 
10246.31 8646.84 
10296.35 8629.19 
10346.40 8609.23 
10396.45 8588.38 
10446.49 8567.53 
10496.54 8548.48 
10546.58 8535.68 
10596.63 8522.88 
10646.68 8510.08 
10696.72 8497.82 
10746.77 8497.82 
10796.81 8497.82 
10846.86 8497.45 
10896.91 8483.98 
10946.95 8470.51 
10997.00 8459.08 
11047.04 8449.70 
11097.09 8440.32 
11147.14 8433.13 
11197.18 8429.43 
11247.23 8425.72 
11297.28 8422.83 
11347.32 8420.20 
11397.37 8415.94 
11447.41 8411.52 
11497.46 8407.11 
11547.51 8407.10 
11597.55 8409.93 
11647.60 8412.76 
11697.64 8415.59 
11747.69 8418.43 
11797.74 8423.92 
11847.78 8432.63 
11897.83 8443.19 
11947.88 8460.44 
11997.92 8477.69 
12047.97 8491.63 
12098.01 8500.52 
12148.06 8509.42 
12198.11 8518.31 
12248.15 8527.32 
12298.20 8541.62 
12348.24 8555.91 
12398.29 8567.24 
12448.34 8571.59 
12498.38 8575.94 
12548.43 8580.29 
12598.48 8584.64 
12648.52 8591.30 
12698.57 8598.45 
12748.61 8605.60 
12798.66 8612.75 
12848.71 8612.69 
12898.75 8610.12 
12948.80 8607.56 
12998.84 8604.99 
13048.89 8604.86 
13098.94 8604.86 
13148.98 8604.86 
13199.03 8603.06 
13249.07 8597.93 
13299.12 8592.80 
13349.17 8587.66 
13399.21 8586.87 
13449.26 8589.50 
13499.31 8600.23 
13549.35 8614.24 
13599.40 8625.06 
13649.44 8627.69 
13699.49 8625.33 
13749.54 8616.39 
13799.58 8607.46 
13849.63 8601.12 
13899.67 8595.86 
13949.72 8590.59 
13999.77 8585.42 
14049.81 8586.85 
14099.86 8588.28 
14149.91 8589.71 
14199.95 8595.93 
14250.00 8605.19 
14300.04 8614.46 
14350.09 8619.43 
14400.14 8624.33 
14450.18 8629.24 
14500.23 8634.14 
14550.27 8639.17 
14600.32 8648.86 
14650.37 8658.54 
14700.41 8668.11 
14750.46 8668.11 
14800.51 8668.11 
14850.55 8668.11 
14900.60 8670.13 
14950.64 8675.01 
15000.69 8679.89 
15050.74 8684.78 
15100.78 8688.83 
15150.83 8691.77 
15200.87 8694.72 
15250.92 8697.14 
15300.97 8695.79 
15351.01 8694.44 
15401.06 8693.09 
15451.10 8696.68 
15501.15 8704.79 
15551.20 8712.91 
15601.24 8721.02 
15651.29 8726.77 
15701.34 8732.33 
15751.38 8737.89 
15801.43 8743.45 
15851.47 8750.39 
15901.52 8758.46 
15951.57 8766.53 
16001.61 8774.60 
16051.66 8782.67 
16101.70 8790.74 
16151.75 8796.33 
16201.80 8801.17 
16251.84 8806.01 
16301.89 8810.86 
16351.94 8817.63 
16401.98 8826.26 
16452.03 8834.88 
16502.07 8843.51 
16552.12 8847.59 
16602.17 8847.59 
16652.21 8847.59 
16702.26 8847.59 
16752.30 8849.76 
16802.35 8852.04 
16852.40 8854.31 
16902.44 8857.21 
16952.49 8860.16 
17002.54 8863.10 
17052.58 8866.04 
17102.63 8870.21 
17152.67 8877.79 
17202.72 8885.38 
17252.77 8892.96 
17302.81 8900.54 
17352.86 8909.44 
17402.90 8918.82 
17452.95 8928.20 
17503.00 8937.58 
17553.04 8947.29 
17603.09 8957.64 
17653.13 8968.00 
17703.18 8978.35 
17753.23 8993.48 
17803.27 9017.30 
17853.32 9041.13 
17903.37 9064.95 
17953.41 9088.78 
18003.46 9112.61 
18053.50 9132.52 
18103.55 9149.68 
18153.60 9166.83 
18203.64 9183.99 
18253.69 9201.14 
18303.73 9230.27 
18353.78 9262.79 
18403.83 9295.78 
18453.87 9342.89 
18503.92 9389.99 
18553.97 9433.28 
18604.01 9454.97 
18654.06 9476.65 
18704.10 9498.33 
18754.15 9520.30 
18804.20 9543.29 
18854.24 9566.28 
18904.29 9589.26 
18954.33 9612.25 
19004.38 9633.19 
19054.43 9650.65 
19104.47 9668.10 
19154.52 9685.56 
19204.57 9703.01 
19254.61 9720.46 
19304.66 9735.95 
19354.70 9750.74 
19404.75 9765.52 
19454.80 9780.30 
19504.84 9795.09 
19554.89 9809.87 
19604.93 9821.60 
19654.98 9833.24 
19705.03 9844.87 
19755.07 9856.51 
19805.12 9868.15 
19855.17 9879.85 
19905.21 9891.67 
19955.26 9903.50 
20005.30 9915.33 
20055.35 9927.15 
20105.40 9938.98 
20155.44 9950.80 
20205.49 9962.62 
20255.53 9974.40 
20305.58 9986.17 
20355.63 9997.94 
20405.67 10009.72 
20455.72 10020.14 
20505.76 10029.90 
20555.81 10039.66 
20605.86 10049.43 
20655.90 10059.19 
20705.95 10067.90 
20756.00 10074.16 
20806.04 10080.41 
20856.09 10086.67 
20906.13 10092.26 
20956.18 10092.26 
21006.23 10092.26 
21056.27 10092.26 
21106.32 10092.26 
21156.36 10092.26 
21206.41 10092.26 
21256.46 10092.26 
21306.50 10092.26 
21356.55 10092.26 
21406.60 10093.05 
21456.64 10095.91 
21506.69 10098.77 
21556.73 10101.63 
21606.78 10104.49 
21656.83 10107.84 
21706.87 10111.42 
21756.92 10114.99 
21806.96 10118.72 
21857.01 10129.60 
21907.06 10140.48 
21957.10 10151.33 
22007.15 10158.74 
22057.20 10166.15 
22107.24 10173.57 
22157.29 10191.05 
22207.33 10219.92 
22257.38 10248.79 
22307.43 10278.23 
22357.47 10316.35 
22407.52 10354.47 
22457.56 10391.32 
22507.61 10425.35 
22557.66 10459.37 
22607.70 10493.50 
22657.75 10530.56 
22707.79 10567.63 
22757.84 10604.69 
22807.89 10640.95 
22857.93 10676.39 
22907.98 10711.83 
22958.03 10746.31 
23008.07 10779.03 
23058.12 10811.74 
23108.16 10844.46 
23158.21 10870.85 
23208.26 10896.87 
23258.30 10922.89 
23308.35 10948.74 
23358.39 10974.52 
23408.44 11000.30 
23458.49 11026.07 
23508.53 11051.29 
23558.58 11075.44 
23608.63 11099.60 
23658.67 11123.75 
23708.72 11145.24 
23758.76 11164.49 
23808.81 11183.73 
23858.86 11204.33 
23908.90 11233.52 
23958.95 11262.70 
24008.99 11291.89 
24059.04 11321.54 
24109.09 11351.19 
24159.13 11380.84 
24209.18 11404.31 
24259.23 11420.32 
24309.27 11436.33 
24359.32 11452.45 
24409.36 11469.09 
24459.41 11485.72 
24509.46 11497.02 
24559.50 11500.25 
24609.55 11503.48 
24659.59 11506.71 
24709.64 11510.82 
24759.69 11521.17 
24809.73 11531.52 
24859.78 11541.88 
24909.82 11552.45 
24959.87 11564.52 
25009.92 11576.60 
25059.96 11588.68 
25110.01 11601.34 
25160.06 11618.02 
25210.10 11634.70 
25260.15 11651.38 
25310.19 11661.29 
25360.24 11661.29 
25410.29 11661.29 
25460.33 11661.29 
25510.38 11662.74 
25560.42 11673.72 
25610.47 11684.71 
25660.52 11695.69 
25710.56 11706.67 
25760.61 11717.66 
25810.66 11727.01 
25860.70 11734.59 
25910.75 11742.17 
25960.79 11749.75 
26010.84 11757.33 
26060.89 11767.17 
26110.93 11777.18 
26160.98 11787.18 
26211.02 11797.19 
26261.07 11807.20 
26311.12 11818.49 
26361.16 11831.60 
26411.21 11844.70 
26461.26 11857.81 
26511.30 11870.91 
26561.35 11884.02 
26611.39 11896.20 
26661.44 11907.84 
26711.49 11919.47 
26761.53 11931.11 
26811.58 11942.75 
26861.62 11954.38 
26911.67 11962.89 
26961.72 11970.03 
27011.76 11977.18 
27061.81 11984.33 
27111.85 11991.48 
27161.90 12002.09 
27211.95 12013.21 
27261.99 12024.33 
27312.04 12035.45 
27362.09 12046.57 
27412.13 12053.64 
27462.18 12060.31 
27512.22 12066.98 
27562.27 12073.65 
27612.32 12075.16 
27662.36 12075.16 
27712.41 12075.16 
27762.45 12075.16 
27812.50 12080.52 
27862.55 12087.42 
27912.59 12094.32 
27962.64 12101.22 
28012.69 12102.75 
28062.73 12102.75 
28112.78 12102.75 
28162.82 12102.75 
28212.87 12102.75 
28262.92 12105.20 
28312.96 12107.76 
28363.01 12110.33 
28413.05 12112.90 
28463.10 12115.46 
28513.15 12122.96 
28563.19 12134.07 
28613.24 12145.19 
28663.29 12156.31 
28713.33 12167.43 
28763.38 12183.24 
28813.42 12202.00 
28863.47 12220.76 
28913.52 12239.71 
28963.56 12259.08 
29013.61 12278.45 
29063.65 12297.82 
29113.70 12317.25 
29163.75 12338.69 
29213.79 12360.13 
29263.84 12381.58 
29313.88 12403.02 
29363.93 12424.70 
29413.98 12447.30 
29464.02 12469.90 
29514.07 12492.49 
29564.12 12515.09 
29614.16 12534.11 
29664.21 12552.88 
29714.25 12571.64 
29764.30 12590.40 
29814.35 12607.83 
29864.39 12624.01 
29914.44 12640.20 
29964.48 12656.39 
30014.53 12672.58 
30064.58 12692.88 
30114.62 12714.00 
30164.67 12735.13 
30214.72 12756.26 
30264.76 12777.38 
30314.81 12798.51 
30364.85 12820.11 
30414.90 12842.01 
30464.95 12863.90 
30514.99 12885.79 
30565.04 12907.08 
30615.08 12926.21 
30665.13 12945.34 
30715.18 12964.47 
30765.22 12983.60 
30815.27 12998.17 
30865.32 13008.70 
30915.36 13019.24 
30965.41 13025.24 
31015.45 13030.80 
31065.50 13045.06 
31115.55 13070.89 
31165.59 13096.71 
31215.64 13122.54 
31265.68 13148.91 
31315.73 13178.24 
31365.78 13207.57 
31415.82 13236.90 
31465.87 13265.22 
31515.91 13288.15 
31565.96 13311.09 
31616.01 13334.02 
31666.05 13355.50 
31716.10 13376.73 
31766.15 13397.96 
31816.19 13419.19 
31866.24 13440.61 
31916.28 13462.50 
31966.33 13484.39 
32016.38 13506.28 
32066.42 13528.17 
32116.47 13547.48 
32166.51 13566.46 
32216.56 13585.43 
32266.61 13604.41 
32316.65 13624.84 
32366.70 13645.44 
32416.75 13666.04 
32466.79 13686.65 
32516.84 13706.45 
32566.88 13723.13 
32616.93 13739.81 
32666.98 13756.49 
32717.02 13773.17 
32767.07 13788.47 
32817.11 13799.41 
32867.16 13810.36 
32917.21 13821.30 
32967.25 13832.25 
33017.30 13839.31 
33067.35 13845.56 
33117.39 13851.82 
33167.44 13854.82 
33217.48 13854.82 
33267.53 13854.82 
33317.58 13854.82 
33367.62 13854.82 
33417.67 13854.82 
33467.71 13854.82 
33517.76 13854.82 
33567.81 13854.82 
33617.85 13854.82 
