3066.60 4269.41 
3116.63 4286.15 
3166.67 4306.15 
3216.70 4338.04 
3266.73 4369.70 
3316.76 4399.52 
3366.79 4429.35 
3416.83 4457.64 
3466.86 4479.96 
3516.89 4502.28 
3566.92 4511.54 
3616.95 4515.14 
3666.99 4518.74 
3717.02 4531.85 
3767.05 4551.54 
3817.08 4573.30 
3867.11 4595.33 
3917.15 4623.12 
3967.18 4654.12 
4017.21 4734.62 
4067.24 4761.12 
4117.27 4787.63 
4167.31 4814.13 
4217.34 4839.61 
4267.37 4859.90 
4317.40 4880.19 
4367.43 4900.48 
4417.47 4920.77 
4467.50 4941.69 
4517.53 4962.80 
4567.56 4983.91 
4617.59 5005.24 
4667.63 5030.81 
4717.66 5056.39 
4767.69 5081.96 
4817.72 5104.31 
4867.75 5122.50 
4917.79 5139.40 
4967.82 5147.77 
5017.85 5156.14 
5067.88 5164.53 
5117.91 5173.12 
5167.95 5181.70 
5217.98 5189.64 
5268.01 5196.98 
5318.04 5204.33 
5368.07 5211.67 
5418.11 5225.07 
5468.14 5240.93 
5518.17 5256.80 
5568.20 5272.66 
5618.23 5288.53 
5668.27 5303.39 
5718.30 5317.57 
5768.33 5331.76 
5818.36 5345.95 
5868.39 5360.14 
5918.43 5374.32 
5968.46 5389.21 
6018.49 5404.43 
6068.52 5419.65 
6118.55 5434.87 
6168.59 5450.09 
6218.62 5465.31 
6268.65 5480.53 
6318.68 5495.85 
6368.71 5511.17 
6418.75 5526.49 
6468.78 5541.81 
6518.81 5557.12 
6568.84 5567.57 
6618.87 5581.16 
6668.91 5600.34 
6718.94 5619.53 
6768.97 5638.71 
6819.00 5653.95 
6869.03 5674.45 
6919.07 5694.95 
6969.10 5715.45 
7019.13 5735.68 
7069.16 5755.37 
7119.19 5775.07 
7169.23 5794.76 
7219.26 5814.46 
7269.29 5832.29 
7319.32 5850.04 
7369.35 5866.94 
7419.39 5878.49 
7469.42 5890.03 
7519.45 5899.93 
7569.48 5908.96 
7619.51 5917.98 
7669.55 5928.40 
7719.58 5939.28 
7769.61 5950.17 
7819.64 5962.03 
7869.67 5977.05 
7919.71 5992.07 
7969.74 6007.10 
8019.77 6026.84 
8069.80 6047.13 
8119.83 6066.84 
8169.87 6078.79 
8219.90 6090.75 
8269.93 6103.08 
8319.96 6120.06 
8369.99 6137.04 
8420.03 6154.03 
8470.06 6169.49 
8520.09 6175.21 
8570.12 6180.93 
8620.15 6186.66 
8670.19 6196.52 
8720.22 6207.43 
8770.25 6222.72 
8820.28 6238.92 
8870.31 6255.06 
8920.35 6270.87 
8970.38 6286.68 
9020.41 6300.31 
9070.44 6312.51 
9120.47 6324.72 
9170.51 6332.54 
9220.54 6339.68 
9270.57 6346.81 
9320.60 6354.29 
9370.63 6363.29 
9420.67 6372.29 
9470.70 6381.64 
9520.73 6391.30 
9570.76 6401.98 
9620.79 6415.00 
9670.83 6428.03 
9720.86 6442.33 
9770.89 6457.11 
9820.92 6471.88 
9870.95 6482.98 
9920.99 6493.32 
9971.02 6502.54 
10021.05 6510.70 
10071.08 6518.87 
10121.11 6527.02 
10171.15 6531.25 
10221.18 6535.47 
10271.21 6537.65 
10321.24 6530.42 
10371.27 6523.18 
10421.31 6520.93 
10471.34 6519.43 
10521.37 6517.94 
10571.40 6516.44 
10621.43 6515.06 
10671.47 6515.06 
10721.50 6515.06 
10771.53 6515.06 
10821.56 6515.06 
10871.59 6515.23 
10921.63 6516.10 
10971.66 6516.97 
11021.69 6517.84 
11071.72 6518.72 
11121.75 6519.59 
11171.79 6519.84 
11221.82 6519.84 
11271.85 6519.84 
11321.88 6518.91 
11371.91 6517.97 
11421.95 6517.02 
11471.98 6516.08 
11522.01 6515.13 
11572.04 6515.06 
11622.07 6515.06 
11672.11 6515.06 
11722.14 6515.06 
11772.17 6512.75 
11822.20 6506.77 
11872.23 6500.79 
11922.27 6491.80 
11972.30 6482.77 
12022.33 6474.18 
12072.36 6470.69 
12122.39 6467.20 
12172.43 6463.72 
12222.46 6455.49 
12272.49 6444.76 
12322.52 6431.80 
12372.55 6415.85 
12422.59 6399.95 
12472.62 6385.22 
12522.65 6370.50 
12572.68 6355.77 
12622.72 6347.67 
12672.75 6339.92 
12722.78 6332.35 
12772.81 6326.48 
12822.84 6320.61 
12872.88 6314.73 
12922.91 6309.10 
12972.94 6303.72 
13022.97 6298.33 
13073.00 6294.76 
13123.04 6291.66 
13173.07 6288.55 
13223.10 6285.45 
13273.13 6283.20 
13323.16 6281.72 
13373.20 6280.23 
13423.23 6278.75 
13473.26 6277.32 
13523.29 6276.57 
13573.32 6275.83 
13623.36 6275.09 
13673.39 6274.50 
13723.42 6274.07 
13773.45 6273.64 
13823.48 6273.20 
13873.52 6272.77 
13923.55 6272.34 
13973.58 6272.08 
14023.61 6272.08 
14073.64 6272.08 
14123.68 6272.08 
14173.71 6272.08 
14223.74 6272.08 
14273.77 6272.08 
14323.80 6272.08 
14373.84 6275.94 
14423.87 6280.42 
14473.90 6285.55 
14523.93 6293.16 
14573.96 6300.77 
14624.00 6305.85 
14674.03 6309.23 
14724.06 6312.61 
14774.09 6314.88 
14824.12 6315.89 
14874.16 6316.89 
14924.19 6317.90 
14974.22 6319.50 
15024.25 6321.60 
15074.28 6323.71 
15124.32 6325.81 
15174.35 6327.92 
15224.38 6332.22 
15274.41 6338.64 
15324.44 6345.05 
15374.48 6351.46 
15424.51 6360.37 
15474.54 6373.25 
15524.57 6386.13 
15574.60 6398.21 
15624.64 6408.49 
15674.67 6418.77 
15724.70 6426.78 
15774.73 6434.55 
15824.76 6442.63 
15874.80 6450.70 
15924.83 6458.78 
15974.86 6467.99 
16024.89 6475.24 
16074.92 6482.50 
16124.96 6487.25 
16174.99 6491.52 
16225.02 6495.80 
16275.05 6501.94 
16325.08 6512.40 
16375.12 6522.87 
16425.15 6533.89 
16475.18 6545.72 
16525.21 6554.02 
16575.24 6557.28 
16625.28 6560.53 
16675.31 6563.79 
16725.34 6565.77 
16775.37 6567.41 
16825.40 6565.56 
16875.44 6562.46 
16925.47 6559.36 
16975.50 6557.02 
17025.53 6555.53 
17075.56 6554.03 
17125.60 6552.57 
17175.63 6551.39 
17225.66 6550.22 
17275.69 6549.04 
17325.72 6547.87 
17375.76 6546.69 
17425.79 6545.48 
17475.82 6544.20 
17525.85 6542.91 
17575.88 6541.63 
17625.92 6540.35 
17675.95 6539.20 
17725.98 6539.20 
17776.01 6539.20 
17826.04 6539.20 
17876.08 6539.20 
17926.11 6540.35 
17976.14 6541.99 
18026.17 6543.63 
18076.20 6545.27 
18126.24 6547.71 
18176.27 6550.68 
18226.30 6553.66 
18276.33 6556.64 
18326.36 6559.92 
18376.40 6567.57 
18426.43 6575.22 
18476.46 6582.87 
18526.49 6590.61 
18576.52 6598.52 
18626.56 6606.44 
18676.59 6614.36 
18726.62 6622.28 
18776.65 6631.50 
18826.68 6640.94 
18876.72 6650.39 
18926.75 6659.83 
18976.78 6669.14 
19026.81 6678.44 
19076.84 6687.74 
19126.88 6697.04 
19176.91 6705.84 
19226.94 6714.27 
19276.97 6722.71 
19327.00 6728.32 
19377.04 6733.91 
19427.07 6737.44 
19477.10 6739.43 
19527.13 6741.43 
19577.16 6743.74 
19627.20 6746.04 
19677.23 6748.35 
19727.26 6751.45 
19777.29 6756.89 
19827.32 6762.34 
19877.36 6767.78 
19927.39 6773.23 
19977.42 6778.55 
20027.45 6783.75 
20077.48 6788.95 
20127.52 6794.15 
20177.55 6799.34 
20227.58 6804.54 
20277.61 6811.32 
20327.64 6819.55 
20377.68 6827.78 
20427.71 6836.00 
20477.74 6844.23 
20527.77 6849.27 
20577.80 6854.23 
20627.84 6859.18 
20677.87 6864.13 
20727.90 6869.09 
20777.93 6874.04 
20827.96 6878.61 
20878.00 6883.03 
20928.03 6887.45 
20978.06 6891.88 
21028.09 6896.30 
21078.12 6905.03 
21128.16 6913.97 
21178.19 6922.92 
21228.22 6924.53 
21278.25 6924.93 
21328.28 6925.32 
21378.32 6925.72 
21428.35 6930.90 
21478.38 6937.44 
21528.41 6943.99 
21578.44 6950.54 
21628.48 6957.09 
21678.51 6963.57 
21728.54 6968.94 
21778.57 6974.32 
21828.60 6979.70 
21878.64 6985.08 
21928.67 6990.44 
21978.70 6995.73 
22028.73 7001.02 
22078.76 7006.31 
22128.80 7012.43 
22178.83 7018.71 
22228.86 7024.99 
22278.89 7031.26 
22328.92 7037.87 
22378.96 7046.11 
22428.99 7054.34 
22479.02 7062.57 
22529.05 7074.91 
22579.08 7089.85 
22629.12 7104.78 
22679.15 7119.71 
22729.18 7134.78 
22779.21 7148.73 
22829.24 7157.23 
22879.28 7163.44 
22929.31 7168.82 
22979.34 7174.20 
23029.37 7175.99 
23079.40 7177.68 
23129.44 7179.37 
23179.47 7180.34 
23229.50 7181.11 
23279.53 7181.87 
23329.56 7184.13 
23379.60 7191.10 
23429.63 7203.96 
23479.66 7219.46 
23529.69 7236.58 
23579.72 7253.80 
23629.76 7266.82 
23679.79 7277.76 
23729.82 7289.19 
23779.85 7302.60 
23829.88 7316.02 
23879.92 7329.61 
23929.95 7343.28 
23979.98 7356.92 
24030.01 7370.41 
24080.04 7383.89 
24130.08 7398.91 
24180.11 7417.51 
24230.14 7436.11 
24280.17 7452.33 
24330.20 7466.50 
24380.24 7480.67 
24430.27 7492.78 
24480.30 7502.72 
24530.33 7512.65 
24580.36 7521.45 
24630.40 7529.59 
24680.43 7537.20 
24730.46 7543.57 
24780.49 7555.48 
24830.52 7570.98 
24880.56 7591.37 
24930.59 7618.37 
24980.62 7645.11 
25030.65 7662.33 
25080.68 7679.54 
25130.72 7696.76 
25180.75 7711.49 
25230.78 7725.98 
25280.81 7740.46 
25330.84 7756.18 
25380.88 7773.30 
25430.91 7790.42 
25480.94 7809.21 
25530.97 7829.36 
25581.00 7849.51 
25631.04 7869.66 
25681.07 7886.49 
25731.10 7903.23 
25781.13 7919.97 
25831.16 7936.71 
25881.20 7958.82 
25931.23 7983.62 
25981.26 8008.42 
26031.29 8033.22 
26081.32 8058.02 
26131.36 8082.82 
26181.39 8107.62 
26231.42 8130.79 
26281.45 8152.37 
26331.48 8173.95 
26381.52 8195.54 
26431.55 8224.08 
26481.58 8252.64 
26531.61 8278.49 
26581.64 8301.47 
26631.68 8324.44 
26681.71 8347.42 
26731.74 8370.40 
26781.77 8392.46 
26831.80 8410.32 
26881.84 8428.18 
26931.87 8446.03 
26981.90 8461.29 
27031.93 8469.66 
27081.96 8478.03 
27132.00 8486.41 
27182.03 8494.91 
27232.06 8503.40 
27282.09 8511.89 
27332.12 8521.03 
27382.16 8530.69 
27432.19 8540.35 
27482.22 8550.01 
27532.25 8557.93 
27582.28 8564.13 
27632.32 8570.33 
27682.35 8576.95 
27732.38 8583.76 
27782.41 8590.56 
27832.44 8597.37 
27882.48 8604.17 
27932.51 8610.98 
27982.54 8616.41 
28032.57 8618.48 
28082.60 8620.54 
28132.64 8622.61 
28182.67 8624.79 
28232.70 8628.43 
28282.73 8632.07 
28332.76 8635.71 
28382.80 8642.08 
28432.83 8651.38 
28482.86 8660.41 
28532.89 8667.75 
28582.92 8675.09 
28632.96 8680.64 
28682.99 8677.71 
28733.02 8674.77 
28783.05 8671.28 
28833.08 8665.70 
28883.12 8660.12 
28933.15 8654.54 
28983.18 8648.96 
29033.21 8643.38 
29083.24 8637.80 
29133.28 8632.22 
29183.31 8624.68 
29233.34 8614.22 
29283.37 8603.76 
29333.40 8605.33 
29383.44 8608.19 
29433.47 8611.05 
29483.50 8613.91 
29533.53 8616.77 
29583.56 8619.64 
29633.60 8629.05 
29683.63 8639.97 
29733.66 8650.89 
29783.69 8661.96 
29833.72 8673.59 
29883.76 8685.21 
29933.79 8696.84 
29983.82 8710.64 
30033.85 8726.84 
30083.88 8743.04 
30133.92 8759.24 
30183.95 8775.44 
30233.98 8785.91 
30284.01 8793.08 
30334.04 8800.26 
30384.08 8807.43 
30434.11 8814.61 
30484.14 8820.56 
30534.17 8820.56 
30584.20 8820.56 
30634.24 8820.56 
30684.27 8820.56 
30734.30 8823.81 
30784.33 8827.87 
30834.36 8831.94 
30884.40 8836.01 
30934.43 8840.07 
30984.46 8844.14 
31034.49 8849.99 
31084.52 8855.97 
31134.56 8861.95 
31184.59 8867.93 
31234.62 8873.91 
31284.65 8879.89 
31334.68 8885.86 
31384.72 8891.32 
31434.75 8894.70 
31484.78 8898.08 
31534.81 8901.47 
31584.84 8904.85 
31634.88 8908.23 
31684.91 8911.08 
31734.94 8910.26 
31784.97 8909.44 
31835.00 8908.62 
31885.04 8907.79 
31935.07 8906.97 
31985.10 8906.15 
32035.13 8903.35 
32085.16 8900.25 
32135.20 8897.15 
32185.23 8894.05 
32235.26 8890.95 
32285.29 8887.85 
32335.32 8884.09 
32385.36 8878.25 
32435.39 8872.41 
32485.42 8866.57 
32535.45 8860.73 
32585.48 8854.89 
32635.52 8849.05 
32685.55 8843.21 
32735.58 8837.06 
32785.61 8830.25 
32835.64 8823.45 
32885.68 8816.64 
32935.71 8809.84 
32985.74 8803.03 
33035.77 8796.23 
33085.80 8789.42 
33135.84 8785.50 
33185.87 8782.40 
33235.90 8779.30 
33285.93 8776.20 
33335.96 8773.10 
33386.00 8770.00 
33436.03 8766.90 
33486.06 8763.80 
33536.09 8760.70 
33586.12 8757.60 
33636.16 8759.64 
33686.19 8762.66 
33736.22 8765.68 
33786.25 8768.69 
33836.28 8771.71 
33886.32 8774.72 
33936.35 8777.94 
33986.38 8787.59 
34036.41 8797.25 
34086.44 8806.91 
34136.48 8816.57 
34186.51 8828.49 
34236.54 8847.42 
34286.57 8866.35 
34336.60 8885.28 
34386.64 8904.22 
34436.67 8923.05 
34486.70 8940.86 
34536.73 8958.67 
34586.76 8976.48 
34636.80 8994.28 
34686.83 9012.09 
34736.86 9029.90 
34786.89 9047.71 
34836.92 9065.52 
34886.96 9088.32 
34936.99 9117.52 
34987.02 9146.72 
35037.05 9175.92 
35087.08 9205.11 
35137.12 9234.31 
35187.15 9263.51 
35237.18 9292.71 
35287.21 9321.23 
35337.24 9349.13 
35387.28 9377.03 
35437.31 9404.93 
35487.34 9432.83 
35537.37 9460.73 
35587.40 9488.63 
35637.44 9517.53 
35687.47 9548.32 
35737.50 9579.10 
35787.53 9609.89 
35837.56 9640.68 
35887.60 9671.46 
35937.63 9701.90 
35987.66 9732.34 
36037.69 9762.77 
36087.72 9793.21 
36137.76 9823.65 
36187.79 9854.09 
36237.82 9885.71 
36287.85 9917.41 
36337.88 9949.12 
36387.92 9980.82 
36437.95 10010.27 
36487.98 10039.41 
36538.01 10068.55 
36588.04 10092.20 
36638.08 10113.45 
36688.11 10134.71 
36738.14 10155.97 
36788.17 10174.30 
36838.20 10190.34 
36888.24 10206.38 
36938.27 10222.43 
36988.30 10238.47 
37038.33 10254.51 
37088.36 10270.55 
37138.40 10286.60 
37188.43 10300.09 
37238.46 10312.40 
37288.49 10324.71 
37338.52 10337.01 
37388.56 10349.32 
37438.59 10361.63 
37488.62 10373.94 
37538.65 10384.20 
37588.68 10394.43 
37638.72 10404.66 
37688.75 10414.89 
37738.78 10425.12 
37788.81 10435.06 
37838.84 10441.62 
37888.88 10448.19 
37938.91 10454.75 
37988.94 10461.32 
38038.97 10467.88 
38089.00 10474.45 
38139.04 10479.56 
38189.07 10482.35 
38239.10 10485.14 
38289.13 10487.93 
38339.16 10490.72 
38389.20 10493.51 
38439.23 10499.40 
38489.26 10508.70 
38539.29 10518.00 
38589.32 10527.30 
38639.36 10536.60 
38689.39 10548.22 
38739.42 10560.62 
38789.45 10573.02 
38839.48 10585.42 
38889.52 10597.82 
38939.55 10610.22 
38989.58 10622.62 
39039.61 10635.34 
39089.64 10648.21 
39139.68 10661.09 
39189.71 10673.97 
39239.74 10686.85 
39289.77 10698.09 
39339.80 10707.94 
39389.84 10717.79 
39439.87 10727.63 
39489.90 10737.48 
39539.93 10747.33 
39589.96 10757.18 
39640.00 10764.37 
39690.03 10771.07 
39740.06 10777.76 
39790.09 10784.46 
39840.12 10791.16 
39890.16 10797.40 
39940.19 10803.60 
39990.22 10809.80 
40040.25 10816.00 
40090.28 10822.20 
40140.32 10828.40 
40190.35 10834.60 
40240.38 10840.80 
40290.41 10847.36 
40340.44 10860.04 
40390.48 10872.73 
40440.51 10885.41 
40490.54 10898.09 
40540.57 10911.16 
40590.60 10924.37 
40640.64 10937.59 
40690.67 10950.81 
40740.70 10961.19 
40790.73 10971.53 
40840.76 10981.86 
40890.80 10992.19 
40940.83 11002.53 
40990.86 11010.80 
41040.89 11018.04 
41090.92 11025.27 
41140.96 11032.50 
41190.99 11039.74 
41241.02 11046.25 
41291.05 11051.38 
41341.08 11056.52 
41391.12 11061.66 
41441.15 11066.80 
41491.18 11071.94 
41541.21 11077.08 
41591.24 11082.22 
41641.28 11086.59 
41691.31 11090.84 
41741.34 11095.08 
41791.37 11099.33 
41841.40 11103.57 
41891.44 11107.82 
41941.47 11112.07 
41991.50 11116.31 
42041.53 11120.56 
42091.56 11121.39 
42141.60 11121.39 
42191.63 11121.39 
42241.66 11121.39 
42291.69 11121.39 
42341.72 11121.39 
42391.76 11121.39 
42441.79 11121.39 
42491.82 11121.39 
