 28.57 6910.89 
 78.59 6920.39 
128.61 6918.86 
178.63 6917.34 
228.65 6915.81 
278.67 6914.29 
328.69 6912.77 
378.71 6911.24 
428.74 6909.72 
478.76 6917.40 
528.78 6927.40 
578.80 6937.40 
628.82 6947.40 
678.84 6957.39 
728.86 6968.22 
778.88 6981.69 
828.90 6995.17 
878.93 7008.64 
928.95 7022.11 
978.97 7035.58 
1028.99 7049.06 
1079.01 7076.57 
1129.03 7112.12 
1179.05 7147.67 
1229.07 7170.89 
1279.09 7182.19 
1329.11 7193.48 
1379.14 7204.77 
1429.16 7216.07 
1479.18 7227.36 
1529.20 7241.48 
1579.22 7257.48 
1629.24 7273.48 
1679.26 7289.47 
1729.28 7315.11 
1779.30 7353.51 
1829.33 7391.90 
1879.35 7430.30 
1929.37 7462.58 
1979.39 7494.58 
2029.41 7526.58 
2079.43 7558.57 
2129.45 7570.74 
2179.47 7557.40 
2229.49 7544.07 
2279.52 7530.74 
2329.54 7523.71 
2379.56 7533.95 
2429.58 7544.19 
2479.60 7554.43 
2529.62 7564.67 
2579.64 7574.91 
2629.66 7585.15 
2679.68 7595.38 
2729.71 7605.62 
2779.73 7606.22 
2829.75 7599.82 
2879.77 7593.42 
2929.79 7588.11 
2979.81 7592.11 
3029.83 7596.11 
3079.85 7606.03 
3129.87 7628.29 
3179.89 7650.55 
3229.92 7672.81 
3279.94 7695.07 
3329.96 7717.33 
3379.98 7739.58 
3430.00 7761.84 
3480.02 7779.37 
3530.04 7787.37 
3580.06 7795.37 
3630.08 7803.37 
3680.11 7811.37 
3730.13 7819.37 
3780.15 7827.37 
3830.17 7835.37 
3880.19 7843.36 
3930.21 7851.36 
3980.23 7859.36 
4030.25 7867.36 
4080.27 7875.36 
4130.30 7878.34 
4180.32 7880.22 
4230.34 7882.10 
4280.36 7883.98 
4330.38 7885.86 
4380.40 7887.75 
4430.42 7904.62 
4480.44 7922.90 
4530.46 7941.18 
4580.49 7959.47 
4630.51 7976.73 
4680.53 7974.07 
4730.55 7971.40 
4780.57 7968.73 
4830.59 7966.07 
4880.61 7961.42 
4930.63 7956.50 
4980.65 7951.57 
5030.67 7946.65 
5080.70 7939.95 
5130.72 7930.11 
5180.74 7920.26 
5230.76 7910.42 
5280.78 7900.57 
5330.80 7928.26 
5380.82 7962.92 
5430.84 7997.58 
5480.86 8032.25 
5530.89 8073.73 
5580.91 8118.52 
5630.93 8163.32 
5680.95 8205.58 
5730.97 8237.58 
5780.99 8269.58 
5831.01 8299.74 
5881.03 8305.74 
5931.05 8311.74 
5981.08 8317.74 
6031.10 8323.74 
6081.12 8329.74 
6131.14 8332.68 
6181.16 8332.68 
6231.18 8332.68 
6281.20 8332.68 
6331.22 8332.68 
6381.24 8332.68 
6431.27 8332.68 
6481.29 8332.68 
6531.31 8332.68 
6581.33 8332.68 
6631.35 8332.68 
6681.37 8332.68 
6731.39 8332.68 
6781.41 8332.68 
6831.43 8332.68 
6881.45 8329.56 
6931.48 8315.33 
6981.50 8301.11 
7031.52 8286.89 
7081.54 8272.67 
7131.56 8258.45 
7181.58 8244.23 
7231.60 8229.48 
7281.62 8214.71 
7331.64 8199.95 
7381.67 8185.18 
7431.69 8167.48 
7481.71 8146.15 
7531.73 8124.82 
7581.75 8103.48 
7631.77 8088.06 
7681.79 8088.06 
7731.81 8088.06 
7781.83 8088.06 
7831.86 8088.06 
7881.88 8088.06 
7931.90 8088.06 
7981.92 8088.06 
8031.94 8088.06 
8081.96 8088.06 
8131.98 8088.06 
8182.00 8088.06 
8232.02 8088.06 
8282.05 8088.06 
8332.07 8080.34 
8382.09 8069.67 
8432.11 8059.00 
8482.13 8048.34 
8532.15 8045.66 
8582.17 8049.43 
8632.19 8053.19 
8682.21 8056.96 
8732.23 8060.72 
8782.26 8064.49 
8832.28 8078.54 
8882.30 8098.23 
8932.32 8117.92 
8982.34 8137.61 
9032.36 8157.39 
9082.38 8177.75 
9132.40 8198.11 
9182.42 8218.47 
9232.45 8238.83 
9282.47 8259.19 
9332.49 8279.56 
9382.51 8299.92 
9432.53 8317.53 
9482.55 8332.19 
9532.57 8346.86 
9582.59 8361.52 
9632.61 8376.19 
9682.64 8390.85 
9732.66 8405.52 
9782.68 8420.18 
9832.70 8435.14 
9882.72 8451.83 
9932.74 8468.53 
9982.76 8485.22 
10032.78 8501.92 
10082.80 8518.61 
10132.83 8535.30 
10182.85 8552.00 
10232.87 8566.60 
10282.89 8569.39 
10332.91 8572.17 
10382.93 8574.95 
10432.95 8577.73 
10482.97 8580.51 
10532.99 8583.30 
10583.01 8586.08 
10633.04 8587.67 
10683.06 8582.87 
10733.08 8578.07 
10783.10 8573.27 
10833.12 8568.47 
10883.14 8563.67 
10933.16 8558.87 
10983.18 8555.07 
11033.20 8555.07 
11083.23 8555.07 
11133.25 8555.07 
11183.27 8555.07 
11233.29 8555.07 
11283.31 8555.07 
11333.33 8555.07 
11383.35 8555.07 
11433.37 8555.07 
11483.39 8555.07 
11533.42 8555.07 
11583.44 8555.07 
11633.46 8555.07 
11683.48 8555.07 
11733.50 8555.07 
11783.52 8555.07 
11833.54 8555.07 
11883.56 8555.07 
11933.58 8555.07 
11983.61 8555.07 
12033.63 8555.07 
12083.65 8555.07 
12133.67 8556.27 
12183.69 8558.21 
12233.71 8560.14 
12283.73 8562.08 
12333.75 8564.02 
12383.77 8565.96 
12433.79 8567.90 
12483.82 8569.84 
12533.84 8571.78 
12583.86 8573.72 
12633.88 8575.66 
12683.90 8578.11 
12733.92 8583.44 
12783.94 8588.78 
12833.96 8594.11 
12883.98 8599.44 
12934.01 8604.77 
12984.03 8610.11 
13034.05 8615.44 
13084.07 8620.77 
13134.09 8625.49 
13184.11 8630.06 
13234.13 8634.63 
13284.15 8639.20 
13334.17 8643.77 
13384.20 8648.34 
13434.22 8652.91 
13484.24 8657.49 
13534.26 8662.06 
13584.28 8666.26 
13634.30 8666.26 
13684.32 8666.26 
13734.34 8666.26 
13784.36 8666.26 
13834.38 8666.26 
13884.41 8666.26 
13934.43 8666.26 
13984.45 8666.26 
14034.47 8666.26 
14084.49 8666.26 
14134.51 8666.46 
14184.53 8667.10 
14234.55 8667.74 
14284.57 8668.38 
14334.60 8669.03 
14384.62 8669.67 
14434.64 8670.31 
14484.66 8670.95 
14534.68 8671.60 
14584.70 8672.24 
14634.72 8672.88 
14684.74 8673.52 
14734.76 8674.16 
14784.79 8674.81 
14834.81 8675.45 
14884.83 8675.83 
14934.85 8675.83 
14984.87 8675.83 
15034.89 8675.83 
15084.91 8675.83 
15134.93 8675.83 
15184.95 8675.83 
15234.98 8669.65 
15285.00 8661.97 
15335.02 8654.29 
15385.04 8646.61 
15435.06 8638.93 
15485.08 8631.25 
15535.10 8623.57 
15585.12 8615.89 
15635.14 8608.21 
15685.16 8600.53 
15735.19 8595.71 
15785.21 8593.93 
15835.23 8592.15 
15885.25 8590.37 
15935.27 8588.60 
15985.29 8586.82 
16035.31 8585.04 
16085.33 8584.13 
16135.35 8598.90 
16185.38 8613.66 
16235.40 8628.43 
16285.42 8643.20 
16335.44 8657.97 
16385.46 8672.74 
16435.48 8687.50 
16485.50 8702.27 
16535.52 8717.04 
16585.54 8731.81 
16635.57 8761.93 
16685.59 8824.99 
16735.61 8888.05 
16785.63 8949.19 
16835.65 8952.10 
16885.67 8955.01 
16935.69 8957.92 
16985.71 8960.83 
17035.73 8963.74 
17085.76 8965.31 
17135.78 8960.38 
17185.80 8955.46 
17235.82 8950.54 
17285.84 8945.62 
17335.86 8940.69 
17385.88 8935.77 
17435.90 8932.70 
17485.92 8935.37 
17535.94 8938.04 
17585.97 8940.70 
17635.99 8943.37 
17686.01 8946.04 
17736.03 8948.70 
17786.05 8963.76 
17836.07 8980.99 
17886.09 8998.22 
17936.11 9015.45 
17986.13 9032.68 
18036.16 9049.91 
18086.18 9067.14 
18136.20 9100.48 
18186.22 9135.15 
18236.24 9169.81 
18286.26 9204.47 
18336.28 9239.14 
18386.30 9273.80 
18436.32 9308.35 
18486.35 9342.81 
18536.37 9377.27 
18586.39 9411.73 
18636.41 9446.19 
18686.43 9480.65 
18736.45 9515.10 
18786.47 9528.73 
18836.49 9528.73 
18886.51 9528.73 
18936.54 9528.73 
18986.56 9528.73 
19036.58 9528.73 
19086.60 9528.73 
19136.62 9528.73 
19186.64 9528.73 
19236.66 9529.65 
19286.68 9531.34 
19336.70 9533.02 
19386.72 9534.71 
19436.75 9536.39 
19486.77 9538.07 
19536.79 9539.76 
19586.81 9541.44 
19636.83 9543.13 
19686.85 9544.81 
19736.87 9553.89 
19786.89 9573.04 
19836.91 9592.19 
19886.94 9611.34 
19936.96 9630.49 
19986.98 9649.63 
20037.00 9668.78 
20087.02 9687.93 
20137.04 9707.08 
20187.06 9726.23 
20237.08 9739.44 
20287.10 9751.29 
20337.13 9763.14 
20387.15 9774.99 
20437.17 9786.84 
20487.19 9798.69 
20537.21 9810.54 
20587.23 9822.39 
20637.25 9834.25 
20687.27 9846.10 
20737.29 9857.95 
20787.32 9860.66 
20837.34 9860.66 
20887.36 9860.66 
20937.38 9860.66 
20987.40 9860.66 
21037.42 9860.66 
21087.44 9860.66 
21137.46 9860.66 
21187.48 9860.66 
21237.50 9860.66 
21287.53 9860.66 
21337.55 9860.66 
21387.57 9860.66 
21437.59 9860.66 
21487.61 9860.66 
21537.63 9860.66 
21587.65 9860.66 
21637.67 9860.66 
21687.69 9860.66 
21737.72 9860.66 
21787.74 9860.66 
21837.76 9860.66 
21887.78 9860.66 
21937.80 9860.66 
21987.82 9860.66 
22037.84 9860.66 
22087.86 9860.66 
22137.88 9860.66 
22187.91 9860.66 
22237.93 9860.66 
22287.95 9860.66 
22337.97 9860.66 
22387.99 9860.66 
22438.01 9860.66 
22488.03 9860.66 
22538.05 9860.66 
22588.07 9860.66 
22638.10 9860.66 
22688.12 9860.66 
22738.14 9860.66 
22788.16 9860.66 
22838.18 9859.58 
22888.20 9858.35 
22938.22 9857.12 
22988.24 9855.89 
23038.26 9854.66 
23088.28 9853.43 
23138.31 9852.20 
23188.33 9850.97 
23238.35 9849.74 
23288.37 9848.51 
23338.39 9846.83 
23388.41 9843.73 
23438.43 9840.64 
23488.45 9837.54 
23538.47 9834.44 
23588.50 9831.35 
23638.52 9828.25 
23688.54 9825.15 
23738.56 9822.06 
23788.58 9818.96 
23838.60 9815.86 
23888.62 9812.77 
23938.64 9809.67 
23988.66 9808.32 
24038.69 9808.32 
24088.71 9808.32 
24138.73 9808.32 
24188.75 9808.32 
24238.77 9808.32 
24288.79 9808.32 
24338.81 9808.32 
24388.83 9808.32 
24438.85 9808.32 
24488.88 9808.32 
24538.90 9808.32 
24588.92 9808.32 
24638.94 9808.32 
24688.96 9808.32 
24738.98 9808.32 
24789.00 9808.32 
24839.02 9808.32 
24889.04 9808.32 
24939.06 9808.32 
24989.09 9808.32 
25039.11 9808.32 
25089.13 9808.32 
25139.15 9807.50 
25189.17 9806.27 
25239.19 9805.04 
25289.21 9803.81 
25339.23 9802.58 
25389.25 9801.35 
25439.28 9800.12 
25489.30 9798.89 
25539.32 9797.66 
25589.34 9796.43 
25639.36 9795.03 
25689.38 9787.65 
25739.40 9780.27 
25789.42 9772.88 
25839.44 9765.50 
25889.47 9758.11 
25939.49 9750.73 
25989.51 9743.35 
26039.53 9735.96 
26089.55 9728.58 
26139.57 9721.19 
26189.59 9714.75 
26239.61 9709.75 
26289.63 9704.75 
26339.66 9699.75 
26389.68 9694.75 
26439.70 9689.75 
26489.72 9684.75 
26539.74 9679.75 
26589.76 9674.75 
26639.78 9669.75 
26689.80 9664.75 
26739.82 9659.75 
26789.84 9654.75 
26839.87 9649.74 
26889.89 9644.69 
26939.91 9639.63 
26989.93 9634.58 
27039.95 9629.53 
27089.97 9624.48 
27139.99 9619.43 
27190.01 9614.37 
27240.03 9612.03 
27290.06 9612.03 
27340.08 9612.03 
27390.10 9612.03 
27440.12 9612.03 
27490.14 9612.03 
27540.16 9612.03 
27590.18 9612.03 
27640.20 9612.03 
27690.22 9612.03 
27740.25 9613.27 
27790.27 9617.27 
27840.29 9621.27 
27890.31 9625.27 
27940.33 9629.27 
27990.35 9633.27 
28040.37 9637.27 
28090.39 9641.27 
28140.41 9645.27 
28190.43 9649.27 
28240.46 9653.27 
28290.48 9657.27 
28340.50 9661.27 
28390.52 9665.74 
28440.54 9671.83 
28490.56 9677.93 
28540.58 9684.02 
28590.60 9690.12 
28640.62 9696.21 
28690.65 9702.31 
28740.67 9708.40 
28790.69 9714.50 
28840.71 9718.65 
28890.73 9721.70 
28940.75 9724.75 
28990.77 9727.80 
29040.79 9730.84 
29090.81 9733.89 
29140.84 9736.94 
29190.86 9739.99 
29240.88 9743.13 
29290.90 9748.29 
29340.92 9753.45 
29390.94 9758.62 
29440.96 9763.78 
29490.98 9768.94 
29541.00 9774.10 
29591.03 9779.26 
29641.05 9784.42 
29691.07 9789.58 
29741.09 9794.74 
29791.11 9799.90 
29841.13 9805.06 
29891.15 9809.86 
29941.17 9814.03 
29991.19 9818.21 
30041.21 9822.38 
30091.24 9826.55 
30141.26 9830.73 
30191.28 9834.90 
30241.30 9839.07 
30291.32 9843.25 
30341.34 9847.42 
30391.36 9852.71 
30441.38 9858.04 
30491.40 9863.38 
30541.43 9868.71 
30591.45 9874.04 
30641.47 9879.37 
30691.49 9884.71 
30741.51 9890.04 
30791.53 9895.37 
30841.55 9901.76 
30891.57 9914.20 
30941.59 9926.64 
30991.62 9939.09 
31041.64 9951.53 
31091.66 9963.97 
31141.68 9976.42 
31191.70 9988.86 
31241.72 9998.92 
31291.74 10008.33 
31341.76 10017.74 
31391.78 10027.15 
31441.81 10036.56 
31491.83 10045.97 
31541.85 10055.38 
31591.87 10063.62 
31641.89 10071.62 
31691.91 10079.62 
31741.93 10087.61 
31791.95 10095.61 
31841.97 10103.61 
31891.99 10111.61 
31942.02 10119.61 
31992.04 10127.61 
32042.06 10135.61 
32092.08 10143.61 
32142.10 10155.63 
32192.12 10174.16 
32242.14 10192.68 
32292.16 10211.21 
32342.18 10229.73 
32392.21 10248.26 
32442.23 10266.78 
32492.25 10285.31 
32542.27 10305.22 
32592.29 10326.02 
32642.31 10346.82 
32692.33 10367.62 
32742.35 10388.41 
32792.37 10409.21 
32842.40 10430.01 
32892.42 10450.81 
32942.44 10470.43 
32992.46 10488.52 
33042.48 10506.60 
33092.50 10524.69 
33142.52 10542.77 
33192.54 10560.86 
33242.56 10578.94 
33292.59 10597.03 
33342.61 10615.12 
33392.63 10633.25 
33442.65 10653.25 
33492.67 10673.25 
33542.69 10693.24 
33592.71 10713.24 
33642.73 10733.24 
33692.75 10753.24 
33742.77 10775.33 
33792.80 10799.66 
33842.82 10823.99 
33892.84 10848.32 
33942.86 10872.65 
33992.88 10896.98 
34042.90 10921.31 
34092.92 10945.64 
34142.94 10969.97 
34192.96 11004.30 
34242.99 11040.87 
34293.01 11077.44 
34343.03 11114.01 
34393.05 11150.58 
34443.07 11187.14 
34493.09 11223.71 
34543.11 11260.28 
34593.13 11296.85 
34643.15 11333.42 
34693.18 11369.32 
34743.20 11386.78 
34793.22 11404.23 
34843.24 11421.68 
34893.26 11439.13 
34943.28 11456.59 
34993.30 11474.04 
35043.32 11491.49 
35093.34 11508.95 
35143.37 11526.40 
35193.39 11543.85 
35243.41 11561.30 
35293.43 11575.12 
35343.45 11587.64 
35393.47 11600.16 
35443.49 11612.68 
35493.51 11625.20 
35543.53 11637.72 
35593.55 11650.24 
35643.58 11662.76 
35693.60 11675.28 
35743.62 11687.80 
35793.64 11700.32 
35843.66 11712.84 
35893.68 11727.51 
35943.70 11742.33 
35993.72 11757.16 
36043.74 11771.99 
36093.77 11786.82 
36143.79 11801.65 
36193.81 11816.48 
36243.83 11831.31 
36293.85 11846.13 
36343.87 11860.96 
36393.89 11875.79 
36443.91 11890.62 
36493.93 11905.45 
36543.96 11913.74 
36593.98 11918.48 
36644.00 11923.22 
36694.02 11927.96 
36744.04 11932.70 
36794.06 11937.44 
36844.08 11942.18 
36894.10 11946.92 
36944.12 11951.66 
36994.15 11956.40 
37044.17 11961.14 
37094.19 11965.88 
37144.21 11968.34 
37194.23 11970.03 
37244.25 11971.71 
37294.27 11973.39 
37344.29 11975.08 
37394.31 11976.76 
37444.33 11978.45 
37494.36 11980.13 
37544.38 11982.14 
37594.40 11984.70 
37644.42 11987.26 
37694.44 11989.82 
37744.46 11992.38 
37794.48 11994.94 
37844.50 11997.50 
37894.52 12000.06 
37944.55 12002.62 
37994.57 12005.18 
38044.59 12007.74 
38094.61 12009.40 
38144.63 12009.40 
38194.65 12009.40 
38244.67 12009.40 
38294.69 12009.40 
38344.71 12009.40 
38394.74 12009.40 
38444.76 12009.40 
38494.78 12009.40 
38544.80 12009.40 
38594.82 12009.40 
38644.84 12010.46 
38694.86 12013.65 
38744.88 12016.85 
38794.90 12020.05 
38844.93 12023.25 
38894.95 12026.45 
38944.97 12029.65 
38994.99 12032.85 
39045.01 12036.05 
39095.03 12040.60 
39145.05 12046.42 
39195.07 12052.23 
39245.09 12058.05 
39295.11 12063.87 
39345.14 12069.69 
39395.16 12075.50 
39445.18 12081.32 
39495.20 12087.14 
39545.22 12092.96 
39595.24 12099.83 
39645.26 12106.94 
39695.28 12114.05 
39745.30 12121.16 
39795.33 12128.27 
39845.35 12135.38 
39895.37 12142.49 
39945.39 12149.60 
39995.41 12157.50 
40045.43 12165.50 
40095.45 12173.50 
40145.47 12181.49 
40195.49 12189.49 
40245.52 12197.49 
40295.54 12205.49 
40345.56 12213.49 
40395.58 12221.49 
40445.60 12229.49 
40495.62 12237.49 
40545.64 12245.49 
40595.66 12254.21 
40645.68 12263.54 
40695.71 12272.87 
40745.73 12282.20 
40795.75 12291.54 
40845.77 12300.87 
40895.79 12310.20 
40945.81 12319.53 
40995.83 12328.87 
41045.85 12338.20 
41095.87 12347.53 
41145.89 12355.99 
41195.92 12364.41 
41245.94 12372.83 
41295.96 12381.25 
41345.98 12389.67 
41396.00 12398.09 
41446.02 12406.51 
41496.04 12414.93 
41546.06 12422.17 
41596.08 12428.57 
41646.11 12434.97 
41696.13 12441.37 
41746.15 12447.77 
41796.17 12454.17 
41846.19 12460.57 
41896.21 12466.97 
41946.23 12473.36 
41996.25 12479.76 
42046.27 12486.16 
42096.30 12492.56 
42146.32 12498.96 
42196.34 12506.06 
42246.36 12514.41 
42296.38 12522.76 
42346.40 12531.10 
42396.42 12539.45 
42446.44 12547.80 
42496.46 12556.14 
42546.48 12564.49 
42596.51 12572.84 
42646.53 12581.19 
42696.55 12588.67 
42746.57 12593.09 
42796.59 12597.52 
42846.61 12601.94 
42896.63 12606.37 
42946.65 12610.80 
42996.67 12615.22 
43046.70 12619.65 
43096.72 12624.07 
43146.74 12628.50 
43196.76 12632.93 
43246.78 12637.35 
43296.80 12641.78 
43346.82 12646.20 
43396.84 12650.63 
43446.86 12655.06 
43496.89 12659.48 
43546.91 12663.91 
43596.93 12668.33 
43646.95 12674.47 
43696.97 12680.87 
43746.99 12687.27 
43797.01 12693.67 
43847.03 12700.07 
43897.05 12706.47 
43947.08 12712.87 
43997.10 12719.27 
44047.12 12727.15 
44097.14 12735.15 
44147.16 12743.15 
44197.18 12751.15 
44247.20 12759.15 
44297.22 12767.15 
44347.24 12775.15 
44397.26 12783.15 
44447.29 12791.36 
44497.31 12804.16 
44547.33 12816.96 
44597.35 12829.76 
44647.37 12842.56 
44697.39 12855.36 
44747.41 12868.16 
44797.43 12880.95 
44847.45 12893.75 
44897.48 12906.55 
44947.50 12917.58 
44997.52 12926.99 
45047.54 12936.40 
45097.56 12945.81 
45147.58 12955.22 
45197.60 12964.45 
45247.62 12972.45 
45297.64 12980.45 
45347.67 12988.45 
45397.69 12996.45 
45447.71 13004.45 
45497.73 13012.45 
45547.75 13020.45 
45597.77 13028.45 
45647.79 13036.06 
45697.81 13042.46 
45747.83 13048.86 
45797.86 13055.26 
45847.88 13061.66 
45897.90 13068.06 
45947.92 13074.46 
45997.94 13080.86 
46047.96 13087.26 
46097.98 13093.65 
46148.00 13100.05 
46198.02 13106.45 
46248.04 13112.85 
46298.07 13119.25 
46348.09 13125.65 
46398.11 13130.13 
46448.13 13134.52 
46498.15 13138.91 
46548.17 13143.30 
46598.19 13147.69 
46648.21 13152.09 
46698.23 13156.48 
46748.26 13160.87 
46798.28 13165.26 
46848.30 13169.65 
46898.32 13174.04 
46948.34 13178.44 
46998.36 13182.83 
47048.38 13187.22 
47098.40 13191.61 
47148.42 13196.00 
47198.45 13201.94 
47248.47 13208.34 
47298.49 13214.74 
47348.51 13221.14 
47398.53 13227.54 
47448.55 13233.94 
47498.57 13240.34 
47548.59 13246.74 
47598.61 13253.14 
47648.64 13259.54 
47698.66 13265.94 
47748.68 13272.34 
47798.70 13278.74 
47848.72 13285.14 
47898.74 13291.54 
47948.76 13297.94 
47998.78 13300.90 
48048.80 13303.49 
48098.82 13306.09 
48148.85 13308.68 
48198.87 13311.28 
48248.89 13313.87 
48298.91 13316.47 
48348.93 13319.06 
48398.95 13321.65 
48448.97 13324.25 
48498.99 13326.84 
48549.01 13329.15 
48599.04 13329.97 
48649.06 13330.79 
48699.08 13331.62 
48749.10 13332.44 
48799.12 13333.26 
48849.14 13334.08 
48899.16 13334.90 
48949.18 13335.72 
48999.20 13336.54 
49049.23 13337.36 
49099.25 13338.18 
49149.27 13339.00 
49199.29 13343.62 
49249.31 13349.29 
49299.33 13354.97 
49349.35 13360.65 
49399.37 13366.32 
49449.39 13372.00 
49499.42 13377.68 
49549.44 13383.35 
49599.46 13389.03 
49649.48 13394.71 
49699.50 13400.38 
49749.52 13406.06 
49799.54 13411.74 
49849.56 13417.42 
49899.58 13423.09 
49949.60 13428.77 
49999.63 13434.45 
50049.65 13440.12 
50099.67 13445.80 
50149.69 13452.02 
50199.71 13462.97 
50249.73 13473.92 
50299.75 13484.86 
50349.77 13495.81 
50399.79 13506.76 
50449.82 13517.70 
50499.84 13528.65 
50549.86 13539.59 
50599.88 13550.54 
50649.90 13561.49 
50699.92 13572.43 
50749.94 13583.47 
50799.96 13596.51 
50849.98 13609.54 
50900.01 13622.58 
50950.03 13635.61 
51000.05 13648.65 
51050.07 13661.69 
51100.09 13674.72 
51150.11 13687.76 
51200.13 13699.40 
51250.15 13709.51 
51300.17 13719.61 
51350.20 13729.72 
51400.22 13739.82 
51450.24 13749.92 
51500.26 13760.03 
51550.28 13770.13 
51600.30 13780.24 
51650.32 13790.34 
51700.34 13800.45 
51750.36 13810.55 
51800.38 13821.11 
51850.41 13832.31 
51900.43 13843.51 
51950.45 13854.70 
52000.47 13865.90 
52050.49 13877.10 
52100.51 13888.30 
52150.53 13899.50 
52200.55 13910.70 
52250.57 13921.90 
52300.60 13933.10 
52350.62 13944.30 
52400.64 13955.49 
52450.66 13962.59 
52500.68 13968.08 
52550.70 13973.56 
52600.72 13979.05 
52650.74 13984.53 
52700.76 13990.02 
52750.79 13995.50 
52800.81 14000.99 
52850.83 14006.47 
52900.85 14011.96 
52950.87 14017.44 
53000.89 14019.93 
53050.91 14020.50 
53100.93 14021.07 
53150.95 14021.65 
53200.98 14022.22 
53251.00 14022.79 
53301.02 14023.36 
53351.04 14023.93 
53401.06 14024.50 
53451.08 14025.07 
53501.10 14025.65 
53551.12 14026.22 
53601.14 14026.79 
53651.16 14027.36 
53701.19 14027.93 
53751.21 14028.50 
53801.23 14029.07 
53851.25 14029.65 
53901.27 14032.07 
53951.29 14034.85 
54001.31 14037.63 
54051.33 14040.41 
54101.35 14043.19 
54151.38 14045.98 
54201.40 14048.76 
54251.42 14051.54 
54301.44 14054.32 
54351.46 14057.11 
54401.48 14059.89 
54451.50 14062.67 
54501.52 14065.45 
54551.54 14068.24 
54601.57 14070.49 
54651.59 14071.05 
54701.61 14071.61 
54751.63 14072.17 
54801.65 14072.73 
54851.67 14073.29 
54901.69 14073.85 
54951.71 14074.41 
55001.73 14074.97 
55051.76 14075.52 
55101.78 14076.08 
55151.80 14076.64 
55201.82 14077.20 
55251.84 14077.76 
55301.86 14078.32 
55351.88 14078.88 
55401.90 14079.44 
55451.92 14080.00 
55501.94 14081.77 
55551.97 14085.41 
55601.99 14089.04 
55652.01 14092.68 
55702.03 14096.32 
55752.05 14099.95 
55802.07 14103.59 
55852.09 14107.22 
55902.11 14110.86 
55952.13 14114.50 
56002.16 14118.13 
56052.18 14121.77 
56102.20 14125.40 
56152.22 14129.04 
56202.24 14132.68 
56252.26 14136.31 
56302.28 14140.23 
56352.30 14144.60 
56402.32 14148.96 
56452.35 14153.32 
56502.37 14157.69 
56552.39 14162.05 
56602.41 14166.41 
56652.43 14170.77 
56702.45 14175.14 
56752.47 14179.50 
56802.49 14183.86 
56852.51 14188.23 
56902.53 14192.59 
56952.56 14196.95 
57002.58 14201.32 
57052.60 14205.68 
57102.62 14207.60 
57152.64 14205.68 
57202.66 14203.76 
57252.68 14201.84 
57302.70 14199.92 
57352.72 14198.00 
57402.75 14196.08 
57452.77 14194.16 
57502.79 14192.24 
57552.81 14190.32 
57602.83 14188.40 
57652.85 14186.48 
57702.87 14184.56 
57752.89 14182.64 
57802.91 14180.72 
57852.94 14178.80 
57902.96 14176.88 
57952.98 14174.96 
58003.00 14173.76 
58053.02 14175.36 
58103.04 14176.96 
58153.06 14178.56 
58203.08 14180.16 
58253.10 14181.76 
58303.13 14183.36 
58353.15 14184.96 
58403.17 14186.56 
58453.19 14188.16 
58503.21 14189.76 
58553.23 14191.36 
58603.25 14192.96 
58653.27 14194.56 
58703.29 14196.16 
58753.31 14201.21 
58803.34 14208.07 
58853.36 14214.92 
58903.38 14221.78 
58953.40 14228.64 
59003.42 14235.49 
59053.44 14242.35 
59103.46 14249.21 
59153.48 14256.06 
59203.50 14262.92 
59253.53 14275.44 
59303.55 14294.26 
59353.57 14313.08 
59403.59 14331.91 
59453.61 14350.73 
59503.63 14369.55 
59553.65 14390.87 
59603.67 14418.30 
59653.69 14445.72 
59703.72 14473.15 
59753.74 14500.58 
59803.76 14528.00 
59853.78 14555.43 
59903.80 14582.85 
59953.82 14606.30 
60003.84 14627.63 
60053.86 14648.96 
60103.88 14670.29 
60153.91 14691.62 
60203.93 14712.96 
60253.95 14734.29 
60303.97 14755.62 
60353.99 14776.95 
60404.01 14798.28 
60454.03 14819.61 
60504.05 14830.47 
60554.07 14837.70 
60604.09 14844.92 
60654.12 14852.15 
60704.14 14859.37 
60754.16 14866.60 
60804.18 14873.82 
60854.20 14881.05 
60904.22 14888.28 
60954.24 14895.50 
61004.26 14902.73 
61054.28 14906.57 
61104.31 14906.57 
61154.33 14906.57 
61204.35 14906.57 
61254.37 14906.57 
61304.39 14906.57 
61354.41 14906.57 
61404.43 14906.57 
61454.45 14906.57 
61504.47 14906.57 
61554.50 14906.57 
61604.52 14906.57 
61654.54 14906.57 
61704.56 14906.57 
61754.58 14906.57 
61804.60 14906.57 
61854.62 14906.57 
61904.64 14906.57 
61954.66 14914.00 
62004.69 14925.49 
62054.71 14936.97 
62104.73 14948.46 
62154.75 14959.94 
62204.77 14971.43 
62254.79 14982.92 
62304.81 14994.40 
62354.83 15005.89 
62404.85 15017.37 
62454.87 15028.86 
62504.90 15040.35 
62554.92 15051.83 
62604.94 15063.32 
62654.96 15074.80 
62704.98 15086.27 
62755.00 15097.74 
62805.02 15109.21 
62855.04 15120.68 
62905.06 15132.15 
62955.09 15143.62 
63005.11 15155.09 
63055.13 15166.56 
63105.15 15178.03 
63155.17 15189.50 
63205.19 15200.97 
63255.21 15212.44 
63305.23 15223.91 
63355.25 15235.39 
63405.28 15246.86 
63455.30 15258.33 
63505.32 15269.80 
63555.34 15281.27 
63605.36 15292.46 
63655.38 15302.46 
63705.40 15312.46 
63755.42 15322.46 
63805.44 15332.46 
63855.47 15342.46 
63905.49 15351.72 
63955.51 15359.72 
64005.53 15367.72 
64055.55 15375.72 
64105.57 15383.72 
64155.59 15391.72 
64205.61 15399.72 
64255.63 15407.72 
64305.65 15415.72 
64355.68 15423.72 
64405.70 15431.71 
64455.72 15439.71 
64505.74 15447.71 
64555.76 15455.71 
64605.78 15463.71 
64655.80 15471.71 
64705.82 15479.34 
64755.84 15486.33 
64805.87 15493.33 
64855.89 15500.32 
64905.91 15507.31 
64955.93 15514.30 
65005.95 15521.30 
65055.97 15528.29 
65105.99 15535.28 
65156.01 15542.27 
65206.03 15549.27 
65256.06 15556.26 
65306.08 15563.25 
65356.10 15570.24 
65406.12 15577.24 
65456.14 15584.23 
65506.16 15594.79 
65556.18 15606.22 
65606.20 15617.65 
65656.22 15629.07 
65706.25 15640.50 
65756.27 15651.93 
65806.29 15663.36 
65856.31 15674.78 
65906.33 15686.33 
65956.35 15698.63 
66006.37 15710.94 
66056.39 15723.25 
66106.41 15735.55 
66156.43 15747.86 
66206.46 15760.17 
66256.48 15772.47 
66306.50 15783.97 
66356.52 15785.85 
66406.54 15787.74 
66456.56 15789.62 
66506.58 15791.50 
66556.60 15793.38 
66606.62 15795.26 
66656.65 15797.15 
66706.67 15799.03 
66756.69 15800.91 
66806.71 15802.79 
66856.73 15808.88 
66906.75 15818.48 
66956.77 15828.08 
67006.79 15837.68 
67056.81 15847.28 
67106.84 15856.88 
67156.86 15866.48 
67206.88 15876.08 
67256.90 15885.67 
67306.92 15895.27 
67356.94 15904.87 
67406.96 15914.47 
67456.98 15923.58 
67507.00 15929.98 
67557.03 15936.38 
67607.05 15942.78 
67657.07 15949.18 
67707.09 15955.57 
67757.11 15961.97 
67807.13 15968.37 
67857.15 15974.77 
67907.17 15981.17 
67957.19 15987.57 
68007.21 15993.97 
68057.24 16000.37 
68107.26 16010.61 
68157.28 16022.03 
68207.30 16033.46 
68257.32 16044.89 
68307.34 16056.32 
68357.36 16067.74 
68407.38 16079.17 
68457.40 16090.60 
68507.43 16102.19 
68557.45 16115.43 
68607.47 16128.67 
68657.49 16141.91 
68707.51 16155.15 
68757.53 16168.39 
68807.55 16181.63 
68857.57 16194.87 
68907.59 16208.11 
68957.62 16221.35 
69007.64 16234.59 
69057.66 16247.83 
69107.68 16261.07 
69157.70 16274.31 
69207.72 16287.55 
69257.74 16300.79 
69307.76 16314.03 
69357.78 16327.27 
69407.81 16341.78 
69457.83 16365.43 
69507.85 16389.08 
69557.87 16412.73 
69607.89 16436.38 
69657.91 16460.03 
69707.93 16483.68 
69757.95 16507.33 
69807.97 16530.98 
69857.99 16554.63 
69908.02 16578.28 
69958.04 16601.93 
70008.06 16625.58 
70058.08 16649.23 
70108.10 16672.88 
70158.12 16691.41 
70208.14 16709.18 
70258.16 16726.96 
70308.18 16744.74 
70358.21 16762.51 
70408.23 16780.29 
70458.25 16798.06 
70508.27 16815.84 
70558.29 16833.62 
70608.31 16851.39 
70658.33 16869.17 
70708.35 16881.51 
70758.37 16891.75 
70808.40 16901.99 
70858.42 16912.23 
70908.44 16922.47 
70958.46 16932.71 
71008.48 16942.95 
71058.50 16953.18 
71108.52 16963.42 
71158.54 16973.66 
71208.56 16983.90 
71258.58 16994.14 
71308.61 17004.38 
71358.63 17014.62 
71408.65 17024.86 
71458.67 17034.95 
71508.69 17044.55 
71558.71 17054.15 
71608.73 17063.75 
71658.75 17073.34 
71708.77 17082.94 
71758.80 17092.54 
71808.82 17102.14 
71858.84 17111.74 
71908.86 17121.34 
71958.88 17130.94 
72008.90 17140.54 
72058.92 17150.14 
72108.94 17157.37 
72158.96 17164.16 
72208.99 17170.95 
72259.01 17177.73 
72309.03 17184.52 
72359.05 17191.31 
72409.07 17198.09 
72459.09 17204.88 
72509.11 17211.67 
72559.13 17218.46 
72609.15 17225.24 
72659.18 17232.03 
72709.20 17238.82 
72759.22 17245.61 
72809.24 17252.39 
72859.26 17259.18 
72909.28 17265.97 
72959.30 17272.75 
73009.32 17279.54 
73059.34 17286.33 
73109.36 17293.06 
73159.39 17299.70 
73209.41 17306.34 
73259.43 17312.98 
73309.45 17319.62 
73359.47 17326.26 
73409.49 17332.90 
73459.51 17339.54 
73509.53 17346.19 
73559.55 17352.83 
73609.58 17359.47 
73659.60 17366.11 
73709.62 17372.75 
73759.64 17379.39 
73809.66 17386.03 
73859.68 17392.67 
73909.70 17399.31 
73959.72 17405.95 
74009.74 17412.59 
74059.77 17419.23 
74109.79 17425.88 
74159.81 17432.52 
74209.83 17439.16 
74259.85 17445.80 
74309.87 17452.44 
74359.89 17459.08 
74409.91 17465.72 
74459.93 17472.36 
74509.96 17479.00 
74559.98 17485.64 
74610.00 17492.28 
74660.02 17498.93 
74710.04 17505.57 
74760.06 17511.75 
74810.08 17517.56 
74860.10 17523.38 
74910.12 17529.20 
74960.14 17535.02 
75010.17 17540.83 
75060.19 17546.65 
75110.21 17552.47 
75160.23 17558.29 
75210.25 17564.10 
75260.27 17569.92 
75310.29 17575.74 
75360.31 17581.56 
75410.33 17587.38 
75460.36 17598.04 
75510.38 17609.07 
75560.40 17620.11 
75610.42 17631.14 
75660.44 17642.17 
75710.46 17653.21 
75760.48 17664.24 
75810.50 17675.28 
75860.52 17686.31 
75910.55 17697.34 
75960.57 17708.38 
76010.59 17719.41 
76060.61 17730.44 
76110.63 17741.48 
76160.65 17752.51 
76210.67 17763.54 
76260.69 17774.58 
76310.71 17785.61 
76360.74 17797.87 
76410.76 17810.17 
76460.78 17822.48 
76510.80 17834.79 
76560.82 17847.09 
76610.84 17859.40 
76660.86 17871.71 
76710.88 17884.01 
76760.90 17896.32 
76810.92 17908.63 
76860.95 17920.93 
76910.97 17933.24 
76960.99 17945.55 
77011.01 17957.85 
77061.03 17970.16 
77111.05 17982.47 
77161.07 17993.12 
77211.09 18003.48 
77261.11 18013.85 
77311.14 18024.22 
77361.16 18034.59 
77411.18 18044.96 
77461.20 18055.33 
77511.22 18065.69 
77561.24 18076.06 
77611.26 18086.43 
77661.28 18096.80 
77711.30 18107.17 
77761.33 18117.53 
77811.35 18127.90 
77861.37 18138.27 
77911.39 18148.64 
77961.41 18159.01 
78011.43 18169.37 
78061.45 18179.74 
78111.47 18190.11 
78161.49 18200.48 
78211.52 18210.85 
78261.54 18221.22 
78311.56 18230.73 
78361.58 18237.28 
78411.60 18243.82 
78461.62 18250.37 
78511.64 18256.91 
78561.66 18263.46 
78611.68 18270.00 
78661.70 18276.55 
78711.73 18283.09 
78761.75 18289.64 
78811.77 18296.18 
78861.79 18302.73 
78911.81 18309.27 
78961.83 18315.82 
79011.85 18322.36 
79061.87 18328.91 
79111.89 18335.45 
79161.92 18342.00 
79211.94 18348.54 
79261.96 18355.09 
79311.98 18361.63 
79362.00 18368.18 
79412.02 18376.11 
79462.04 18389.29 
79512.06 18402.47 
79562.08 18415.64 
79612.11 18428.82 
79662.13 18441.99 
79712.15 18455.17 
79762.17 18468.34 
79812.19 18481.52 
79862.21 18494.69 
79912.23 18507.87 
79962.25 18521.04 
80012.27 18534.22 
80062.30 18547.39 
80112.32 18560.57 
80162.34 18573.74 
80212.36 18586.92 
80262.38 18598.73 
80312.40 18605.13 
80362.42 18611.53 
80412.44 18617.93 
80462.46 18624.33 
80512.48 18630.73 
80562.51 18637.13 
80612.53 18643.53 
80662.55 18649.93 
80712.57 18656.33 
80762.59 18662.72 
80812.61 18669.12 
80862.63 18675.52 
80912.65 18681.92 
80962.67 18688.32 
81012.70 18694.72 
81062.72 18701.12 
81112.74 18707.52 
81162.76 18713.92 
81212.78 18720.32 
81262.80 18726.72 
81312.82 18733.12 
81362.84 18739.52 
81412.86 18745.37 
81462.89 18750.96 
81512.91 18756.56 
81562.93 18762.16 
81612.95 18767.76 
81662.97 18773.36 
81712.99 18778.96 
81763.01 18784.56 
81813.03 18790.16 
81863.05 18795.76 
81913.08 18801.36 
81963.10 18806.96 
82013.12 18812.56 
82063.14 18818.16 
82113.16 18823.76 
82163.18 18829.36 
82213.20 18834.96 
82263.22 18840.56 
82313.24 18846.16 
82363.26 18851.76 
82413.29 18860.23 
82463.31 18870.08 
82513.33 18879.92 
82563.35 18889.77 
82613.37 18899.61 
82663.39 18909.46 
82713.41 18919.30 
82763.43 18929.15 
82813.45 18939.00 
82863.48 18948.84 
82913.50 18958.69 
82963.52 18968.53 
83013.54 18978.38 
83063.56 18988.22 
83113.58 18998.07 
83163.60 19007.91 
83213.62 19017.76 
83263.64 19027.60 
83313.67 19037.45 
83363.69 19046.91 
83413.71 19054.49 
83463.73 19062.07 
83513.75 19069.65 
83563.77 19077.23 
83613.79 19084.80 
83663.81 19092.38 
83713.83 19099.96 
83763.86 19107.54 
83813.88 19115.12 
83863.90 19122.70 
83913.92 19130.27 
83963.94 19137.85 
84013.96 19145.43 
84063.98 19153.01 
84114.00 19160.59 
84164.02 19168.16 
84214.04 19175.74 
84264.07 19183.32 
84314.09 19190.32 
84364.11 19194.22 
84414.13 19198.13 
84464.15 19202.03 
84514.17 19205.93 
84564.19 19209.83 
84614.21 19213.73 
84664.23 19217.64 
84714.26 19221.54 
84764.28 19225.44 
84814.30 19229.34 
84864.32 19233.24 
84914.34 19237.15 
84964.36 19241.05 
85014.38 19244.95 
85064.40 19248.85 
85114.42 19252.75 
85164.45 19256.66 
85214.47 19260.56 
85264.49 19264.46 
85314.51 19268.36 
85364.53 19275.08 
85414.55 19283.34 
85464.57 19291.59 
85514.59 19299.85 
85564.61 19308.11 
85614.64 19316.37 
85664.66 19324.62 
85714.68 19332.88 
85764.70 19341.14 
85814.72 19349.39 
85864.74 19357.65 
85914.76 19365.91 
85964.78 19374.17 
86014.80 19382.42 
86064.82 19390.68 
86114.85 19398.67 
86164.87 19404.95 
86214.89 19411.24 
86264.91 19417.52 
86314.93 19423.81 
86364.95 19430.09 
86414.97 19436.38 
86464.99 19442.66 
86515.01 19448.95 
86565.04 19455.23 
86615.06 19461.52 
86665.08 19467.80 
86715.10 19474.09 
86765.12 19480.37 
86815.14 19486.66 
86865.16 19492.94 
86915.18 19499.23 
86965.20 19505.51 
87015.23 19511.80 
87065.25 19518.08 
87115.27 19524.37 
87165.29 19530.65 
87215.31 19536.94 
87265.33 19543.22 
87315.35 19549.51 
87365.37 19555.79 
87415.39 19562.08 
87465.41 19568.36 
87515.44 19574.11 
87565.46 19576.01 
87615.48 19577.91 
87665.50 19579.81 
87715.52 19581.71 
87765.54 19583.61 
87815.56 19585.51 
87865.58 19587.41 
87915.60 19589.30 
87965.63 19591.20 
88015.65 19593.10 
88065.67 19595.00 
88115.69 19596.90 
88165.71 19598.80 
88215.73 19600.70 
88265.75 19602.60 
88315.77 19604.50 
88365.79 19606.40 
88415.82 19608.29 
88465.84 19610.19 
88515.86 19612.09 
88565.88 19613.99 
88615.90 19615.50 
88665.92 19616.83 
88715.94 19618.17 
88765.96 19619.50 
88815.98 19620.83 
88866.01 19622.17 
88916.03 19623.50 
88966.05 19624.83 
89016.07 19626.17 
89066.09 19627.50 
89116.11 19628.83 
89166.13 19630.17 
89216.15 19631.50 
89266.17 19632.83 
89316.19 19634.17 
89366.22 19637.56 
89416.24 19649.56 
89466.26 19661.56 
89516.28 19673.56 
89566.30 19685.56 
89616.32 19697.55 
89666.34 19709.55 
89716.36 19721.55 
89766.38 19733.55 
89816.41 19745.55 
89866.43 19757.55 
89916.45 19769.55 
89966.47 19781.55 
90016.49 19793.55 
90066.51 19805.54 
90116.53 19817.54 
90166.55 19831.75 
90216.57 19846.90 
90266.60 19862.06 
90316.62 19877.22 
90366.64 19892.37 
90416.66 19907.53 
90466.68 19922.69 
90516.70 19937.84 
90566.72 19953.00 
90616.74 19968.16 
90666.76 19983.31 
90716.79 19998.47 
90766.81 20007.68 
90816.83 20009.07 
90866.85 20010.46 
90916.87 20011.85 
90966.89 20013.24 
91016.91 20014.64 
91066.93 20016.03 
91116.95 20017.42 
91166.97 20018.81 
91217.00 20020.20 
91267.02 20021.59 
91317.04 20022.98 
91367.06 20024.37 
91417.08 20025.77 
91467.10 20027.16 
91517.12 20029.81 
91567.14 20033.36 
91617.16 20036.92 
91667.19 20040.47 
91717.21 20044.03 
91767.23 20047.59 
91817.25 20051.14 
91867.27 20054.70 
91917.29 20058.25 
91967.31 20061.81 
92017.33 20065.36 
92067.35 20068.92 
92117.38 20075.46 
92167.40 20082.13 
92217.42 20088.80 
92267.44 20095.46 
92317.46 20102.13 
92367.48 20108.79 
92417.50 20115.46 
92467.52 20122.13 
92517.54 20128.79 
92567.57 20135.46 
92617.59 20142.12 
92667.61 20148.79 
92717.63 20155.46 
92767.65 20162.12 
92817.67 20168.79 
92867.69 20179.42 
92917.71 20194.58 
92967.73 20209.73 
93017.75 20224.89 
93067.78 20240.04 
93117.80 20255.20 
93167.82 20270.36 
93217.84 20285.51 
93267.86 20300.67 
93317.88 20315.83 
93367.90 20330.98 
93417.92 20346.14 
93467.94 20363.54 
93517.97 20389.89 
93567.99 20416.24 
93618.01 20442.59 
93668.03 20468.94 
93718.05 20495.29 
93768.07 20521.64 
93818.09 20547.99 
93868.11 20574.34 
93918.13 20600.69 
93968.16 20627.04 
94018.18 20649.57 
94068.20 20658.90 
94118.22 20668.23 
94168.24 20677.56 
94218.26 20686.90 
94268.28 20696.23 
94318.30 20705.56 
94368.32 20714.89 
94418.35 20724.23 
94468.37 20733.56 
94518.39 20742.89 
94568.41 20752.22 
94618.43 20761.55 
94668.45 20770.89 
94718.47 20780.22 
94768.49 20789.55 
94818.51 20796.32 
94868.53 20802.14 
94918.56 20807.95 
94968.58 20813.77 
95018.60 20819.59 
95068.62 20825.41 
95118.64 20831.22 
95168.66 20839.42 
95218.68 20849.02 
95268.70 20858.62 
95318.72 20868.22 
95368.75 20877.81 
95418.77 20887.41 
95468.79 20897.01 
95518.81 20906.61 
95568.83 20916.21 
95618.85 20925.81 
95668.87 20935.41 
95718.89 20945.01 
95768.91 20954.61 
95818.94 20966.81 
95868.96 20980.05 
95918.98 20993.29 
95969.00 21006.53 
96019.02 21019.77 
96069.04 21033.01 
96119.06 21046.25 
96169.08 21059.50 
96219.10 21072.74 
96269.13 21085.98 
96319.15 21099.22 
96369.17 21112.46 
96419.19 21125.70 
96469.21 21138.94 
96519.23 21152.18 
96569.25 21165.42 
96619.27 21178.66 
96669.29 21191.90 
96719.31 21205.14 
96769.34 21216.93 
96819.36 21228.72 
96869.38 21240.51 
96919.40 21252.30 
96969.42 21264.09 
97019.44 21275.88 
97069.46 21287.66 
97119.48 21299.45 
97169.50 21311.24 
97219.53 21323.03 
97269.55 21334.82 
97319.57 21346.61 
97369.59 21353.50 
97419.61 21358.55 
97469.63 21363.60 
97519.65 21368.65 
97569.67 21373.71 
97619.69 21378.76 
97669.72 21383.81 
97719.74 21388.86 
97769.76 21393.91 
97819.78 21398.97 
97869.80 21404.02 
97919.82 21409.07 
97969.84 21416.88 
98019.86 21427.91 
98069.88 21438.94 
98119.91 21449.98 
98169.93 21461.01 
98219.95 21472.04 
98269.97 21483.08 
98319.99 21494.11 
98370.01 21505.14 
98420.03 21516.18 
98470.05 21527.21 
98520.07 21538.24 
98570.09 21549.28 
98620.12 21560.31 
98670.14 21571.34 
98720.16 21582.38 
98770.18 21593.41 
98820.20 21604.44 
98870.22 21615.48 
98920.24 21631.25 
98970.26 21648.70 
99020.28 21666.15 
99070.31 21683.60 
99120.33 21701.06 
99170.35 21718.51 
99220.37 21735.96 
99270.39 21753.42 
99320.41 21770.87 
99370.43 21788.32 
99420.45 21805.77 
99470.47 21823.23 
99520.50 21840.68 
99570.52 21858.13 
99620.54 21874.10 
99670.56 21888.76 
99720.58 21903.43 
99770.60 21918.09 
99820.62 21932.76 
99870.64 21947.42 
99920.66 21962.09 
99970.69 21976.75 
100020.71 21991.42 
100070.73 22006.08 
100120.75 22020.75 
100170.77 22035.42 
100220.79 22050.08 
100270.81 22064.75 
100320.83 22079.41 
100370.85 22093.86 
100420.87 22103.15 
100470.90 22112.44 
100520.92 22121.73 
100570.94 22131.02 
100620.96 22140.31 
100670.98 22149.60 
100721.00 22158.89 
100771.02 22168.18 
100821.04 22177.47 
100871.06 22186.76 
100921.09 22196.05 
100971.11 22205.34 
101021.13 22214.63 
101071.15 22223.92 
101121.17 22233.21 
101171.19 22242.50 
101221.21 22251.79 
101271.23 22261.07 
101321.25 22270.36 
101371.28 22279.92 
101421.30 22299.61 
101471.32 22319.30 
101521.34 22338.99 
101571.36 22358.68 
101621.38 22378.37 
101671.40 22398.06 
101721.42 22417.75 
101771.44 22437.44 
101821.46 22457.13 
101871.49 22476.82 
101921.51 22496.51 
101971.53 22516.20 
102021.55 22535.89 
102071.57 22555.58 
102121.59 22575.27 
102171.61 22594.96 
102221.63 22615.30 
102271.65 22637.70 
102321.68 22660.10 
102371.70 22682.50 
102421.72 22704.89 
102471.74 22727.29 
102521.76 22749.69 
102571.78 22772.09 
102621.80 22794.49 
102671.82 22816.88 
102721.84 22839.28 
102771.87 22861.68 
102821.89 22884.08 
102871.91 22901.53 
102921.93 22908.83 
102971.95 22916.13 
103021.97 22923.43 
103071.99 22930.72 
103122.01 22938.02 
103172.03 22945.32 
103222.06 22952.62 
103272.08 22959.91 
103322.10 22967.21 
103372.12 22974.51 
103422.14 22981.81 
103472.16 22989.11 
103522.18 22996.40 
103572.20 23003.70 
103622.22 23011.00 
103672.24 23018.30 
103722.27 23025.59 
103772.29 23032.89 
103822.31 23040.19 
103872.33 23047.49 
103922.35 23054.78 
103972.37 23062.08 
104022.39 23069.38 
104072.41 23076.68 
104122.43 23083.97 
104172.46 23091.27 
104222.48 23098.57 
104272.50 23105.87 
104322.52 23113.16 
104372.54 23120.46 
104422.56 23127.76 
104472.58 23135.06 
104522.60 23142.35 
104572.62 23149.65 
104622.65 23156.95 
104672.67 23164.25 
104722.69 23175.40 
104772.71 23190.02 
104822.73 23204.64 
104872.75 23219.26 
104922.77 23233.88 
104972.79 23248.50 
105022.81 23263.12 
105072.84 23277.74 
105122.86 23292.36 
105172.88 23306.98 
105222.90 23321.60 
105272.92 23336.22 
105322.94 23350.84 
105372.96 23365.46 
105422.98 23380.08 
105473.00 23394.70 
105523.02 23409.32 
105573.05 23423.94 
105623.07 23438.56 
105673.09 23453.18 
105723.11 23467.80 
105773.13 23480.60 
105823.15 23490.70 
105873.17 23500.81 
105923.19 23510.91 
105973.21 23521.02 
106023.24 23531.12 
106073.26 23541.22 
106123.28 23551.33 
106173.30 23561.43 
106223.32 23571.54 
106273.34 23581.64 
106323.36 23591.75 
106373.38 23601.85 
106423.40 23611.95 
106473.43 23622.06 
106523.45 23633.02 
106573.47 23644.66 
106623.49 23656.29 
106673.51 23667.93 
106723.53 23679.56 
106773.55 23691.20 
106823.57 23702.83 
106873.59 23714.47 
106923.62 23726.10 
106973.64 23737.74 
107023.66 23749.37 
107073.68 23761.01 
107123.70 23772.64 
107173.72 23784.28 
107223.74 23795.91 
107273.76 23807.55 
107323.78 23819.18 
107373.80 23829.82 
107423.83 23838.78 
107473.85 23847.74 
107523.87 23856.70 
107573.89 23865.65 
107623.91 23874.61 
107673.93 23883.57 
107723.95 23892.53 
107773.97 23901.49 
107823.99 23910.45 
107874.02 23919.41 
107924.04 23928.37 
107974.06 23937.33 
108024.08 23946.29 
108074.10 23955.25 
108124.12 23964.21 
108174.14 23973.16 
108224.16 23982.12 
108274.18 23991.08 
108324.21 24000.04 
