 16.12 4581.66 
 66.14 4590.44 
116.16 4598.45 
166.18 4606.46 
216.19 4614.47 
266.21 4622.48 
316.23 4630.48 
366.25 4636.06 
416.26 4638.52 
466.28 4640.98 
516.30 4643.44 
566.32 4645.90 
616.33 4648.36 
666.35 4650.48 
716.37 4652.15 
766.39 4653.83 
816.40 4655.51 
866.42 4657.18 
916.44 4658.86 
966.46 4660.54 
1016.48 4660.83 
1066.49 4660.83 
1116.51 4660.83 
1166.53 4660.83 
1216.55 4660.83 
1266.56 4660.83 
1316.58 4660.83 
1366.60 4660.83 
1416.62 4660.83 
1466.63 4660.83 
1516.65 4660.83 
1566.67 4660.83 
1616.69 4660.83 
1666.70 4660.83 
1716.72 4660.83 
1766.74 4662.59 
1816.76 4666.02 
1866.78 4669.45 
1916.79 4672.89 
1966.81 4676.32 
2016.83 4679.75 
2066.85 4683.16 
2116.86 4686.19 
2166.88 4689.21 
2216.90 4692.24 
2266.92 4695.27 
2316.93 4698.30 
2366.95 4701.32 
2416.97 4704.35 
2466.99 4707.38 
2517.00 4710.41 
2567.02 4712.62 
2617.04 4712.95 
2667.06 4713.27 
2717.08 4713.59 
2767.09 4713.92 
2817.11 4714.24 
2867.13 4714.57 
2917.15 4714.89 
2967.16 4715.21 
3017.18 4715.54 
3067.20 4715.86 
3117.22 4716.18 
3167.23 4716.62 
3217.25 4717.06 
3267.27 4717.51 
3317.29 4717.96 
3367.30 4718.41 
3417.32 4718.85 
3467.34 4719.30 
3517.36 4719.75 
3567.38 4720.63 
3617.39 4721.76 
3667.41 4722.90 
3717.43 4724.04 
3767.45 4725.17 
3817.46 4726.31 
3867.48 4727.44 
3917.50 4728.58 
3967.52 4729.71 
4017.53 4730.85 
4067.55 4730.99 
4117.57 4730.99 
4167.59 4730.99 
4217.60 4730.99 
4267.62 4730.99 
4317.64 4730.99 
4367.66 4730.99 
4417.68 4730.99 
4467.69 4730.99 
4517.71 4730.99 
4567.73 4730.99 
4617.75 4732.13 
4667.76 4733.38 
4717.78 4734.63 
4767.80 4735.89 
4817.82 4737.14 
4867.83 4738.39 
4917.85 4739.64 
4967.87 4740.89 
5017.89 4742.43 
5067.90 4748.99 
5117.92 4755.55 
5167.94 4762.11 
5217.96 4768.67 
5267.98 4778.19 
5317.99 4790.14 
5368.01 4802.09 
5418.03 4814.04 
5468.05 4825.98 
5518.06 4838.11 
5568.08 4850.69 
5618.10 4863.26 
5668.12 4875.83 
5718.13 4888.40 
5768.15 4900.97 
5818.17 4913.55 
5868.19 4929.21 
5918.20 4947.52 
5968.22 4965.82 
6018.24 4984.13 
6068.26 5002.43 
6118.28 5020.74 
6168.29 5039.57 
6218.31 5064.17 
6268.33 5088.77 
6318.35 5113.36 
6368.36 5137.96 
6418.38 5153.99 
6468.40 5163.83 
6518.42 5173.67 
6568.43 5183.51 
6618.45 5193.35 
6668.47 5198.65 
6718.49 5194.55 
6768.50 5190.45 
6818.52 5183.65 
6868.54 5175.22 
6918.56 5166.78 
6968.58 5158.35 
7018.59 5149.92 
7068.61 5144.02 
7118.63 5142.45 
7168.65 5140.89 
7218.66 5139.33 
7268.68 5137.77 
7318.70 5136.21 
7368.72 5134.64 
7418.73 5134.54 
7468.75 5135.87 
7518.77 5137.20 
7568.79 5138.53 
7618.80 5139.86 
7668.82 5141.19 
7718.84 5142.46 
7768.86 5143.35 
7818.88 5144.24 
7868.89 5145.14 
7918.91 5146.03 
7968.93 5146.93 
8018.95 5147.82 
8068.96 5148.72 
8118.98 5149.61 
8169.00 5150.51 
8219.02 5154.51 
8269.03 5159.97 
8319.05 5165.44 
8369.07 5170.90 
8419.09 5176.37 
8469.10 5181.84 
8519.12 5189.61 
8569.14 5199.81 
8619.16 5210.01 
8669.18 5220.21 
8719.19 5230.40 
8769.21 5240.60 
8819.23 5250.80 
8869.25 5261.91 
8919.26 5274.21 
8969.28 5286.51 
9019.30 5298.81 
9069.32 5311.11 
9119.33 5318.53 
9169.35 5322.96 
9219.37 5327.39 
9269.39 5331.82 
9319.40 5336.24 
9369.42 5340.67 
9419.44 5345.10 
9469.46 5349.53 
9519.48 5353.92 
9569.49 5356.44 
9619.51 5358.96 
9669.53 5361.49 
9719.55 5364.01 
9769.56 5366.53 
9819.58 5369.05 
9869.60 5372.62 
9919.62 5378.50 
9969.63 5384.38 
10019.65 5390.27 
10069.67 5396.15 
10119.69 5402.03 
10169.70 5407.91 
10219.72 5413.79 
10269.74 5419.20 
10319.76 5423.88 
10369.78 5428.57 
10419.79 5433.25 
10469.81 5437.94 
10519.83 5442.62 
10569.85 5447.31 
10619.86 5451.42 
10669.88 5452.78 
10719.90 5454.15 
10769.92 5455.51 
10819.93 5456.88 
10869.95 5458.25 
10919.97 5459.61 
10969.99 5457.74 
11020.00 5455.81 
11070.02 5453.88 
11120.04 5451.96 
11170.06 5450.03 
11220.08 5448.10 
11270.09 5446.17 
11320.11 5444.24 
11370.13 5441.64 
11420.15 5436.54 
11470.16 5431.43 
11520.18 5426.33 
11570.20 5421.22 
11620.22 5416.12 
11670.23 5411.01 
11720.25 5405.91 
11770.27 5400.80 
11820.29 5395.96 
11870.30 5393.64 
11920.32 5391.32 
11970.34 5389.00 
12020.36 5386.68 
12070.38 5384.36 
12120.39 5382.04 
12170.41 5379.72 
12220.43 5377.40 
12270.45 5375.07 
12320.46 5379.40 
12370.48 5383.87 
12420.50 5388.34 
12470.52 5392.81 
12520.53 5397.28 
12570.55 5402.88 
12620.57 5411.08 
12670.59 5419.28 
12720.60 5427.48 
12770.62 5435.68 
12820.64 5443.87 
12870.66 5452.16 
12920.68 5461.15 
12970.69 5470.13 
13020.71 5479.12 
13070.73 5488.11 
13120.75 5497.10 
13170.76 5506.08 
13220.78 5515.07 
13270.80 5524.06 
13320.82 5532.80 
13370.83 5540.33 
13420.85 5547.86 
13470.87 5555.39 
13520.89 5562.92 
13570.90 5570.45 
13620.92 5577.98 
13670.94 5585.51 
13720.96 5593.04 
13770.98 5601.93 
13820.99 5611.30 
13871.01 5620.67 
13921.03 5630.04 
13971.05 5639.41 
14021.06 5648.78 
14071.08 5658.15 
14121.10 5670.21 
14171.12 5684.84 
14221.13 5699.47 
14271.15 5714.09 
14321.17 5728.72 
14371.19 5743.34 
14421.20 5757.66 
14471.22 5770.26 
14521.24 5782.86 
14571.26 5795.46 
14621.28 5808.06 
14671.29 5820.66 
14721.31 5833.26 
14771.33 5845.86 
14821.35 5858.47 
14871.36 5871.08 
14921.38 5883.70 
14971.40 5896.31 
15021.42 5908.92 
15071.43 5921.54 
15121.45 5931.16 
15171.47 5936.08 
15221.49 5941.00 
15271.50 5945.92 
15321.52 5950.84 
15371.54 5955.76 
15421.56 5958.87 
15471.58 5958.87 
15521.59 5958.87 
15571.61 5958.87 
15621.63 5958.87 
15671.65 5958.87 
15721.66 5958.87 
15771.68 5958.87 
15821.70 5955.19 
15871.72 5951.41 
15921.73 5947.62 
15971.75 5943.84 
16021.77 5940.05 
16071.79 5936.27 
16121.80 5931.78 
16171.82 5925.34 
16221.84 5918.90 
16271.86 5912.46 
16321.88 5906.02 
16371.89 5899.57 
16421.91 5893.13 
16471.93 5886.79 
16521.95 5882.95 
16571.96 5879.11 
16621.98 5875.26 
16672.00 5871.42 
16722.02 5867.58 
16772.03 5866.99 
16822.05 5869.23 
16872.07 5871.46 
16922.09 5873.70 
16972.10 5875.93 
17022.12 5878.17 
17072.14 5886.03 
17122.16 5894.82 
17172.18 5903.60 
17222.19 5912.39 
17272.21 5921.17 
17322.23 5929.96 
17372.25 5938.74 
17422.26 5946.18 
17472.28 5952.85 
17522.30 5959.52 
17572.32 5966.19 
17622.33 5972.86 
17672.35 5979.53 
17722.37 5986.21 
17772.39 5992.88 
17822.40 5999.55 
17872.42 6006.22 
17922.44 6012.59 
17972.46 6018.66 
18022.48 6024.73 
18072.49 6030.80 
18122.51 6036.87 
18172.53 6042.94 
18222.55 6049.01 
18272.56 6055.08 
18322.58 6061.15 
18372.60 6067.22 
18422.62 6073.29 
18472.63 6079.36 
18522.65 6085.43 
18572.67 6091.56 
18622.69 6097.88 
18672.70 6104.21 
18722.72 6110.53 
18772.74 6116.86 
18822.76 6123.18 
18872.78 6129.51 
18922.79 6135.83 
18972.81 6142.16 
19022.83 6148.48 
19072.85 6154.81 
19122.86 6161.13 
19172.88 6167.33 
19222.90 6173.00 
19272.92 6178.68 
19322.93 6184.35 
19372.95 6190.03 
19422.97 6195.71 
19472.99 6201.38 
19523.00 6207.06 
19573.02 6212.74 
19623.04 6218.41 
19673.06 6224.09 
19723.08 6229.79 
19773.09 6236.57 
19823.11 6243.36 
19873.13 6250.14 
19923.15 6256.93 
19973.16 6263.72 
20023.18 6270.50 
20073.20 6277.29 
20123.22 6284.07 
20173.23 6290.86 
20223.25 6297.64 
20273.27 6304.43 
20323.29 6311.21 
20373.30 6318.00 
20423.32 6324.78 
20473.34 6331.61 
20523.36 6339.04 
20573.38 6346.47 
20623.39 6353.90 
20673.41 6361.33 
20723.43 6368.76 
20773.45 6376.19 
20823.46 6383.62 
20873.48 6391.05 
20923.50 6398.48 
20973.52 6405.91 
21023.53 6413.34 
21073.55 6420.77 
21123.57 6428.20 
21173.59 6435.63 
21223.60 6443.06 
21273.62 6450.49 
21323.64 6457.40 
21373.66 6463.87 
21423.68 6470.34 
21473.69 6476.81 
21523.71 6483.28 
21573.73 6489.75 
21623.75 6496.22 
21673.76 6502.69 
21723.78 6509.16 
21773.80 6515.64 
21823.82 6523.02 
21873.83 6530.40 
21923.85 6537.77 
21973.87 6545.15 
22023.89 6552.53 
22073.90 6559.91 
22123.92 6567.29 
22173.94 6574.67 
22223.96 6582.07 
22273.98 6589.64 
22323.99 6597.21 
22374.01 6604.77 
22424.03 6612.34 
22474.05 6619.91 
22524.06 6627.48 
22574.08 6635.05 
22624.10 6642.61 
22674.12 6650.18 
22724.13 6658.88 
22774.15 6667.77 
22824.17 6676.67 
22874.19 6685.57 
22924.20 6694.46 
22974.22 6703.36 
23024.24 6712.26 
23074.26 6721.15 
23124.28 6731.32 
23174.29 6742.87 
23224.31 6754.41 
23274.33 6765.96 
23324.35 6777.50 
23374.36 6789.05 
23424.38 6800.59 
23474.40 6812.14 
23524.42 6823.69 
23574.43 6835.99 
23624.45 6848.54 
23674.47 6861.09 
23724.49 6873.64 
23774.50 6886.19 
23824.52 6898.74 
23874.54 6911.29 
23924.56 6923.83 
23974.58 6936.20 
24024.59 6942.80 
24074.61 6949.40 
24124.63 6956.00 
24174.65 6962.60 
24224.66 6969.20 
24274.68 6975.79 
24324.70 6982.39 
24374.72 6987.31 
24424.73 6991.62 
24474.75 6995.92 
24524.77 7000.23 
24574.79 7004.53 
24624.80 7008.84 
24674.82 7013.14 
24724.84 7018.67 
24774.86 7024.97 
24824.88 7031.28 
24874.89 7037.59 
24924.91 7043.89 
24974.93 7050.20 
25024.95 7056.51 
25074.96 7057.68 
25124.98 7056.27 
25175.00 7054.87 
25225.02 7053.46 
25275.03 7052.06 
25325.05 7050.65 
25375.07 7047.95 
25425.09 7043.56 
25475.10 7039.17 
25525.12 7034.77 
25575.14 7030.38 
25625.16 7024.17 
25675.18 7015.71 
25725.19 7007.25 
25775.21 6998.80 
25825.23 6990.34 
25875.25 6981.89 
25925.26 6968.03 
25975.28 6952.37 
26025.30 6936.72 
26075.32 6921.07 
26125.33 6905.41 
26175.35 6889.76 
26225.37 6885.55 
26275.39 6882.96 
26325.40 6880.38 
26375.42 6877.79 
26425.44 6875.20 
26475.46 6872.61 
26525.48 6870.66 
26575.49 6873.90 
26625.51 6877.13 
26675.53 6880.37 
26725.55 6883.61 
26775.56 6886.84 
26825.58 6890.08 
26875.60 6893.90 
26925.62 6898.82 
26975.63 6903.74 
27025.65 6908.65 
27075.67 6913.57 
27125.69 6918.49 
27175.70 6923.41 
27225.72 6927.51 
27275.74 6928.74 
27325.76 6929.97 
27375.78 6931.20 
27425.79 6932.43 
27475.81 6933.66 
27525.83 6934.89 
27575.85 6935.70 
27625.86 6932.77 
27675.88 6929.84 
27725.90 6926.91 
27775.92 6923.99 
27825.93 6921.06 
27875.95 6918.13 
27925.97 6915.20 
27975.99 6915.15 
28026.00 6916.85 
28076.02 6918.55 
28126.04 6920.24 
28176.06 6921.94 
28226.08 6926.30 
28276.09 6933.79 
28326.11 6941.27 
28376.13 6948.76 
28426.15 6959.01 
28476.16 6974.09 
28526.18 6989.16 
28576.20 7004.24 
28626.22 7019.32 
28676.23 7034.39 
28726.25 7053.11 
28776.27 7072.48 
28826.29 7091.86 
28876.30 7111.24 
28926.32 7130.62 
28976.34 7150.00 
29026.36 7180.87 
29076.38 7212.09 
29126.39 7243.31 
29176.41 7274.52 
29226.43 7303.85 
29276.45 7329.52 
29326.46 7355.18 
29376.48 7380.85 
29426.50 7401.91 
29476.52 7408.82 
29526.53 7415.74 
29576.55 7422.66 
29626.57 7429.58 
29676.59 7436.50 
29726.60 7439.87 
29776.62 7440.34 
29826.64 7440.80 
29876.66 7441.27 
29926.68 7441.73 
29976.69 7442.19 
30026.71 7442.66 
30076.73 7443.12 
30126.75 7443.59 
30176.76 7443.31 
30226.78 7437.16 
30276.80 7431.01 
30326.82 7424.86 
30376.83 7418.71 
30426.85 7411.37 
30476.87 7395.84 
30526.89 7380.30 
30576.90 7364.77 
30626.92 7346.37 
30676.94 7326.99 
30726.96 7307.61 
30776.98 7288.23 
30826.99 7268.86 
30877.01 7249.48 
30927.03 7240.52 
30977.05 7233.14 
31027.06 7225.76 
31077.08 7218.38 
31127.10 7211.00 
31177.12 7203.62 
31227.13 7196.24 
31277.15 7192.57 
31327.17 7190.15 
31377.19 7187.73 
31427.20 7185.31 
31477.22 7182.89 
31527.24 7180.47 
31577.26 7178.05 
31627.28 7175.63 
31677.29 7173.21 
31727.31 7170.79 
31777.33 7168.38 
31827.35 7168.94 
31877.36 7169.88 
31927.38 7170.83 
31977.40 7171.78 
32027.42 7172.72 
32077.43 7173.67 
32127.45 7174.61 
32177.47 7175.56 
32227.49 7176.51 
32277.50 7180.18 
32327.52 7185.47 
32377.54 7190.77 
32427.56 7196.06 
32477.58 7201.35 
32527.59 7206.65 
32577.61 7211.94 
32627.63 7217.23 
32677.65 7222.53 
32727.66 7227.82 
32777.68 7233.11 
32827.70 7238.40 
32877.72 7243.70 
32927.73 7248.99 
32977.75 7254.59 
33027.77 7260.43 
33077.79 7266.28 
33127.80 7272.12 
33177.82 7277.96 
33227.84 7283.80 
33277.86 7289.64 
33327.88 7295.48 
33377.89 7301.33 
33427.91 7307.17 
33477.93 7313.01 
33527.95 7318.85 
33577.96 7324.69 
33627.98 7330.53 
33678.00 7336.23 
33728.02 7341.62 
33778.03 7347.01 
33828.05 7352.41 
33878.07 7357.80 
33928.09 7363.19 
33978.10 7368.58 
34028.12 7373.97 
34078.14 7379.36 
34128.16 7384.75 
34178.18 7390.14 
34228.19 7395.53 
34278.21 7400.93 
34328.23 7407.26 
34378.25 7415.56 
34428.26 7423.87 
34478.28 7432.18 
34528.30 7440.49 
34578.32 7448.80 
34628.33 7457.11 
34678.35 7465.42 
34728.37 7473.73 
34778.39 7482.04 
34828.40 7490.35 
34878.42 7498.66 
34928.44 7506.97 
34978.46 7515.49 
35028.48 7525.26 
35078.49 7535.03 
35128.51 7544.79 
35178.53 7554.56 
35228.55 7564.33 
35278.56 7574.09 
35328.58 7583.86 
35378.60 7593.63 
35428.62 7603.39 
35478.63 7613.16 
35528.65 7622.93 
35578.67 7632.68 
35628.69 7642.11 
35678.70 7651.54 
35728.72 7660.97 
35778.74 7670.39 
35828.76 7679.82 
35878.78 7689.25 
35928.79 7698.68 
35978.81 7708.11 
36028.83 7717.54 
36078.85 7726.97 
36128.86 7736.88 
36178.88 7747.68 
36228.90 7758.47 
36278.92 7769.27 
36328.93 7780.07 
36378.95 7790.86 
36428.97 7801.66 
36478.99 7812.45 
36529.00 7823.25 
36579.02 7834.05 
36629.04 7844.84 
36679.06 7855.70 
36729.08 7866.59 
36779.09 7877.47 
36829.11 7888.36 
36879.13 7899.25 
36929.15 7910.14 
36979.16 7921.02 
37029.18 7931.91 
37079.20 7942.80 
37129.22 7953.68 
37179.23 7964.57 
37229.25 7975.46 
37279.27 7989.23 
37329.29 8003.17 
37379.30 8017.11 
37429.32 8031.05 
37479.34 8044.98 
37529.36 8058.92 
37579.38 8072.86 
37629.39 8086.80 
37679.41 8100.74 
37729.43 8114.68 
37779.45 8128.61 
37829.46 8145.16 
37879.48 8165.42 
37929.50 8185.68 
37979.52 8205.93 
38029.53 8226.19 
38079.55 8246.45 
38129.57 8266.70 
38179.59 8283.29 
38229.60 8299.37 
38279.62 8315.46 
38329.64 8331.54 
38379.66 8347.62 
38429.68 8363.71 
38479.69 8379.79 
38529.71 8395.87 
38579.73 8411.95 
38629.75 8428.04 
38679.76 8441.68 
38729.78 8455.00 
38779.80 8468.33 
38829.82 8481.65 
38879.83 8494.97 
38929.85 8508.30 
38979.87 8521.62 
39029.89 8534.94 
39079.90 8548.27 
39129.92 8558.90 
39179.94 8568.12 
39229.96 8577.34 
39279.98 8586.57 
39329.99 8595.79 
39380.01 8605.01 
39430.03 8614.24 
39480.05 8623.46 
39530.06 8632.69 
39580.08 8640.44 
39630.10 8646.27 
39680.12 8652.09 
39730.13 8657.92 
39780.15 8663.75 
39830.17 8669.57 
39880.19 8675.40 
39930.20 8680.42 
39980.22 8679.91 
40030.24 8679.41 
40080.26 8678.91 
40130.28 8678.41 
40180.29 8677.91 
40230.31 8677.40 
40280.33 8676.90 
40330.35 8676.40 
40380.36 8675.90 
40430.38 8676.03 
40480.40 8676.43 
40530.42 8676.83 
40580.43 8677.22 
40630.45 8677.62 
40680.47 8678.02 
40730.49 8678.41 
40780.50 8678.81 
40830.52 8679.21 
40880.54 8679.60 
40930.56 8680.00 
40980.58 8680.40 
41030.59 8680.48 
41080.61 8680.48 
41130.63 8680.48 
41180.65 8680.48 
41230.66 8680.48 
41280.68 8680.48 
41330.70 8680.48 
41380.72 8680.48 
41430.73 8680.48 
41480.75 8680.48 
41530.77 8681.44 
41580.79 8685.78 
41630.80 8690.12 
41680.82 8694.46 
41730.84 8698.80 
41780.86 8703.14 
41830.88 8707.48 
41880.89 8711.82 
41930.91 8716.16 
41980.93 8720.50 
42030.95 8727.14 
42080.96 8736.98 
42130.98 8746.82 
42181.00 8756.66 
42231.02 8766.50 
42281.03 8776.34 
42331.05 8786.64 
42381.07 8797.18 
42431.09 8807.72 
42481.10 8818.26 
42531.12 8828.80 
42581.14 8839.34 
42631.16 8849.88 
42681.18 8872.69 
42731.19 8896.49 
42781.21 8920.30 
42831.23 8944.10 
42881.25 8967.90 
42931.26 8991.71 
42981.28 9016.87 
43031.30 9042.08 
43081.32 9067.29 
43131.33 9092.51 
43181.35 9117.72 
43231.37 9142.93 
43281.39 9168.14 
43331.40 9194.93 
43381.42 9225.84 
43431.44 9256.74 
43481.46 9287.65 
43531.48 9318.55 
43581.49 9349.45 
43631.51 9380.36 
43681.53 9411.26 
43731.55 9442.04 
43781.56 9472.79 
43831.58 9503.53 
43881.60 9534.28 
43931.62 9565.03 
43981.63 9595.77 
44031.65 9627.18 
44081.67 9658.98 
44131.69 9690.77 
44181.70 9722.57 
44231.72 9754.37 
44281.74 9786.16 
44331.76 9817.96 
44381.78 9849.75 
44431.79 9875.60 
44481.81 9899.48 
44531.83 9923.35 
44581.85 9947.22 
44631.86 9971.10 
44681.88 9994.97 
44731.90 10015.33 
44781.92 10022.90 
44831.93 10030.47 
44881.95 10038.04 
44931.97 10045.61 
44981.99 10050.97 
45032.00 10048.40 
45082.02 10045.84 
45132.04 10043.28 
45182.06 10040.72 
45232.08 10038.15 
45282.09 10035.59 
45332.11 10033.03 
45382.13 10030.47 
45432.15 10027.91 
45482.16 10026.75 
45532.18 10025.61 
45582.20 10024.46 
45632.22 10023.32 
45682.23 10022.17 
45732.25 10021.03 
45782.27 10019.89 
45832.29 10018.74 
45882.30 10017.46 
45932.32 10016.13 
45982.34 10014.80 
46032.36 10013.47 
46082.38 10012.15 
46132.39 10010.82 
46182.41 10009.49 
46232.43 10013.70 
46282.45 10021.39 
46332.46 10029.08 
46382.48 10036.76 
46432.50 10044.45 
46482.52 10052.14 
46532.53 10065.39 
46582.55 10085.07 
46632.57 10104.75 
46682.59 10124.43 
46732.60 10144.10 
46782.62 10163.78 
46832.64 10183.46 
46882.66 10202.23 
46932.68 10220.68 
46982.69 10239.13 
47032.71 10257.57 
47082.73 10276.02 
47132.75 10294.47 
47182.76 10312.92 
47232.78 10331.41 
47282.80 10350.83 
47332.82 10370.25 
47382.83 10389.67 
47432.85 10409.09 
47482.87 10428.50 
47532.89 10447.92 
47582.90 10467.34 
47632.92 10484.33 
47682.94 10500.48 
47732.96 10516.64 
47782.98 10532.80 
47832.99 10548.95 
47883.01 10567.51 
47933.03 10592.11 
47983.05 10616.71 
48033.06 10641.31 
48083.08 10665.90 
48133.10 10689.56 
48183.12 10702.91 
48233.13 10716.26 
48283.15 10729.61 
48333.17 10742.97 
48383.19 10753.15 
48433.20 10755.67 
48483.22 10758.19 
48533.24 10760.72 
48583.26 10763.24 
48633.28 10765.76 
48683.29 10764.64 
48733.31 10763.35 
48783.33 10762.05 
48833.35 10760.76 
48883.36 10759.46 
48933.38 10754.40 
48983.40 10748.11 
49033.42 10741.82 
49083.43 10735.53 
49133.45 10729.24 
49183.47 10722.94 
49233.49 10713.07 
49283.50 10702.65 
49333.52 10692.22 
49383.54 10681.80 
49433.56 10671.38 
49483.58 10660.96 
49533.59 10650.53 
49583.61 10640.11 
49633.63 10635.72 
49683.65 10632.93 
49733.66 10630.13 
49783.68 10627.34 
49833.70 10624.54 
49883.72 10621.75 
49933.73 10625.37 
49983.75 10630.92 
50033.77 10636.48 
50083.79 10642.03 
50133.80 10651.75 
50183.82 10665.24 
50233.84 10678.73 
50283.86 10692.21 
50333.88 10706.31 
50383.89 10721.96 
50433.91 10737.62 
50483.93 10753.27 
50533.95 10768.92 
50583.96 10784.57 
50633.98 10800.23 
50684.00 10815.88 
50734.02 10833.28 
50784.03 10851.26 
50834.05 10869.23 
50884.07 10887.20 
50934.09 10905.18 
50984.10 10923.15 
51034.12 10941.13 
51084.14 10957.55 
51134.16 10973.09 
51184.18 10988.62 
51234.19 11004.16 
51284.21 11019.69 
51334.23 11035.23 
51384.25 11050.76 
51434.26 11066.30 
51484.28 11082.68 
51534.30 11099.24 
51584.32 11115.79 
51634.33 11132.35 
51684.35 11148.91 
51734.37 11165.46 
51784.39 11182.02 
51834.40 11196.86 
51884.42 11211.02 
51934.44 11225.18 
51984.46 11239.35 
52034.48 11251.59 
52084.49 11256.06 
52134.51 11260.54 
52184.53 11265.01 
52234.55 11269.48 
52284.56 11273.95 
52334.58 11278.42 
52384.60 11282.90 
52434.62 11284.65 
52484.63 11285.05 
52534.65 11285.45 
52584.67 11285.85 
52634.69 11286.26 
52684.70 11286.66 
52734.72 11287.06 
52784.74 11287.47 
52834.76 11287.58 
52884.78 11287.09 
52934.79 11286.60 
52984.81 11286.11 
53034.83 11285.62 
53084.85 11285.13 
53134.86 11284.63 
53184.88 11281.78 
53234.90 11276.31 
53284.92 11270.84 
53334.93 11265.38 
53384.95 11259.91 
53434.97 11254.45 
53484.99 11248.98 
53535.00 11243.38 
53585.02 11236.36 
53635.04 11229.33 
53685.06 11222.30 
53735.08 11215.27 
53785.09 11208.25 
53835.11 11201.22 
53885.13 11194.19 
53935.15 11186.67 
53985.16 11178.47 
54035.18 11170.27 
54085.20 11162.08 
54135.22 11153.88 
54185.23 11145.68 
54235.25 11137.48 
54285.27 11129.28 
54335.29 11121.08 
54385.30 11112.88 
54435.32 11104.68 
54485.34 11096.62 
54535.36 11088.61 
54585.38 11080.59 
54635.39 11072.58 
54685.41 11064.56 
54735.43 11056.55 
54785.45 11048.53 
54835.46 11040.52 
54885.48 11032.50 
54935.50 11024.49 
54985.52 11016.47 
55035.53 11008.46 
55085.55 11001.52 
55135.57 10995.44 
55185.59 10989.35 
55235.60 10983.26 
55285.62 10977.18 
55335.64 10971.09 
55385.66 10965.01 
55435.68 10958.92 
55485.69 10952.84 
55535.71 10946.75 
55585.73 10940.66 
55635.75 10934.58 
55685.76 10928.49 
55735.78 10923.10 
55785.80 10919.48 
55835.82 10915.87 
55885.83 10912.25 
55935.85 10908.63 
55985.87 10905.02 
56035.89 10901.40 
56085.90 10897.78 
56135.92 10894.16 
56185.94 10890.55 
56235.96 10884.46 
56285.98 10878.31 
56335.99 10872.17 
56386.01 10866.02 
56436.03 10859.87 
56486.05 10853.72 
56536.06 10847.57 
56586.08 10841.42 
56636.10 10835.27 
56686.12 10829.12 
56736.13 10826.70 
56786.15 10827.07 
56836.17 10827.45 
56886.19 10827.83 
56936.20 10828.21 
56986.22 10828.59 
57036.24 10828.97 
57086.26 10829.34 
57136.28 10829.72 
57186.29 10834.38 
57236.31 10841.12 
57286.33 10847.86 
57336.35 10854.60 
57386.36 10861.34 
57436.38 10868.08 
57486.40 10874.82 
57536.42 10881.55 
57586.43 10888.29 
57636.45 10895.03 
57686.47 10906.04 
57736.49 10919.06 
57786.50 10932.07 
57836.52 10945.09 
57886.54 10958.10 
57936.56 10971.12 
57986.58 10984.13 
58036.59 10997.15 
58086.61 11010.16 
58136.63 11023.17 
58186.65 11036.19 
58236.66 11049.20 
58286.68 11062.22 
58336.70 11075.23 
58386.72 11085.95 
58436.73 11096.63 
58486.75 11107.31 
58536.77 11117.99 
58586.79 11128.67 
58636.80 11139.35 
58686.82 11150.03 
58736.84 11160.71 
58786.86 11171.39 
58836.88 11182.07 
58886.89 11192.75 
58936.91 11203.43 
58986.93 11214.11 
59036.95 11224.42 
59086.96 11234.05 
59136.98 11243.67 
59187.00 11253.30 
59237.02 11262.92 
59287.03 11272.55 
59337.05 11282.17 
59387.07 11291.80 
59437.09 11301.42 
59487.10 11311.05 
59537.12 11320.67 
59587.14 11330.30 
59637.16 11339.92 
59687.18 11349.39 
59737.19 11358.85 
59787.21 11368.31 
59837.23 11377.77 
59887.25 11387.23 
59937.26 11396.69 
59987.28 11406.15 
60037.30 11415.61 
