  5.19 9367.90 
 15.19 9367.88 
 25.19 9367.77 
 35.19 9367.58 
 45.19 9367.32 
 55.19 9366.99 
 65.19 9366.61 
 75.20 9366.18 
 85.20 9365.71 
 95.20 9365.20 
105.20 9364.67 
115.20 9364.12 
125.20 9363.56 
135.20 9363.00 
145.20 9362.45 
155.20 9361.91 
165.20 9361.39 
175.20 9360.89 
185.20 9360.44 
195.20 9360.03 
205.20 9359.67 
215.20 9359.37 
225.20 9359.13 
235.20 9358.96 
245.20 9358.87 
255.20 9358.86 
265.20 9358.93 
275.20 9359.10 
285.20 9359.37 
295.20 9359.74 
305.20 9360.22 
315.21 9360.81 
325.21 9361.53 
335.21 9362.38 
345.21 9363.36 
355.21 9364.48 
365.21 9365.74 
375.21 9367.16 
385.21 9368.73 
395.21 9370.47 
405.21 9372.37 
415.21 9374.45 
425.21 9376.71 
435.21 9379.15 
445.21 9381.79 
455.21 9384.60 
465.21 9387.58 
475.21 9390.72 
485.21 9394.01 
495.21 9397.45 
505.21 9401.03 
515.21 9404.74 
525.21 9408.57 
535.21 9412.51 
545.22 9416.55 
555.22 9420.69 
565.22 9424.92 
575.22 9429.23 
585.22 9433.60 
595.22 9438.05 
605.22 9442.54 
615.22 9447.08 
625.22 9451.66 
635.22 9456.27 
645.22 9460.90 
655.22 9465.55 
665.22 9470.20 
675.22 9474.85 
685.22 9479.48 
695.22 9484.10 
705.22 9488.68 
715.22 9493.23 
725.22 9497.74 
735.22 9502.19 
745.22 9506.59 
755.22 9510.91 
765.22 9515.17 
775.22 9519.36 
785.23 9523.49 
795.23 9527.54 
805.23 9531.52 
815.23 9535.43 
825.23 9539.27 
835.23 9543.04 
845.23 9546.73 
855.23 9550.35 
865.23 9553.89 
875.23 9557.35 
885.23 9560.74 
895.23 9564.05 
905.23 9567.28 
915.23 9570.44 
925.23 9573.51 
935.23 9576.51 
945.23 9579.44 
955.23 9582.30 
965.23 9585.10 
975.23 9587.83 
985.23 9590.50 
995.23 9593.12 
1005.23 9595.68 
1015.24 9598.19 
1025.24 9600.66 
1035.24 9603.08 
1045.24 9605.46 
1055.24 9607.80 
1065.24 9610.11 
1075.24 9612.38 
1085.24 9614.63 
1095.24 9616.85 
1105.24 9619.05 
1115.24 9621.22 
1125.24 9623.39 
1135.24 9625.53 
1145.24 9627.67 
1155.24 9629.80 
1165.24 9631.92 
1175.24 9634.04 
1185.24 9636.16 
1195.24 9638.29 
1205.24 9640.43 
1215.24 9642.57 
1225.24 9644.73 
1235.24 9646.91 
1245.25 9649.10 
1255.25 9651.32 
1265.25 9653.56 
1275.25 9655.83 
1285.25 9658.14 
1295.25 9660.48 
1305.25 9662.86 
1315.25 9665.27 
1325.25 9667.73 
1335.25 9670.24 
1345.25 9672.80 
1355.25 9675.41 
1365.25 9678.08 
1375.25 9680.80 
1385.25 9683.58 
1395.25 9686.42 
1405.25 9689.33 
1415.25 9692.30 
1425.25 9695.34 
1435.25 9698.45 
1445.25 9701.64 
1455.25 9704.91 
1465.25 9708.25 
1475.25 9711.67 
1485.26 9715.18 
1495.26 9718.77 
1505.26 9722.46 
1515.26 9726.23 
1525.26 9730.08 
1535.26 9734.01 
1545.26 9738.00 
1555.26 9742.05 
1565.26 9746.15 
1575.26 9750.30 
1585.26 9754.48 
1595.26 9758.68 
1605.26 9762.90 
1615.26 9767.13 
1625.26 9771.36 
1635.26 9775.59 
1645.26 9779.81 
1655.26 9784.00 
1665.26 9788.16 
1675.26 9792.28 
1685.26 9796.36 
1695.26 9800.38 
1705.26 9804.34 
1715.27 9808.23 
1725.27 9812.05 
1735.27 9815.77 
1745.27 9819.40 
1755.27 9822.94 
1765.27 9826.36 
1775.27 9829.66 
1785.27 9832.84 
1795.27 9835.89 
1805.27 9838.81 
1815.27 9841.62 
1825.27 9844.31 
1835.27 9846.89 
1845.27 9849.36 
1855.27 9851.72 
1865.27 9853.97 
1875.27 9856.13 
1885.27 9858.19 
1895.27 9860.15 
1905.27 9862.02 
1915.27 9863.81 
1925.27 9865.51 
1935.27 9867.13 
1945.27 9868.67 
1955.28 9870.13 
1965.28 9871.53 
1975.28 9872.85 
1985.28 9874.11 
1995.28 9875.31 
2005.28 9876.45 
2015.28 9877.54 
2025.28 9878.57 
2035.28 9879.55 
2045.28 9880.49 
2055.28 9881.38 
2065.28 9882.24 
2075.28 9883.05 
2085.28 9883.84 
2095.28 9884.59 
2105.28 9885.32 
2115.28 9886.02 
2125.28 9886.70 
2135.28 9887.35 
2145.28 9887.98 
2155.28 9888.57 
2165.28 9889.14 
2175.28 9889.69 
2185.29 9890.20 
2195.29 9890.69 
2205.29 9891.14 
2215.29 9891.57 
2225.29 9891.96 
2235.29 9892.33 
2245.29 9892.66 
2255.29 9892.97 
2265.29 9893.24 
2275.29 9893.48 
2285.29 9893.68 
2295.29 9893.85 
2305.29 9893.99 
2315.29 9894.10 
2325.29 9894.17 
2335.29 9894.21 
2345.29 9894.21 
2355.29 9894.17 
2365.29 9894.10 
2375.29 9893.99 
2385.29 9893.85 
2395.29 9893.67 
2405.29 9893.46 
2415.30 9893.21 
2425.30 9892.93 
2435.30 9892.62 
2445.30 9892.28 
2455.30 9891.92 
2465.30 9891.52 
2475.30 9891.11 
2485.30 9890.66 
2495.30 9890.20 
2505.30 9889.71 
2515.30 9889.21 
2525.30 9888.69 
2535.30 9888.14 
2545.30 9887.59 
2555.30 9887.02 
2565.30 9886.43 
2575.30 9885.83 
2585.30 9885.23 
2595.30 9884.61 
2605.30 9883.98 
2615.30 9883.35 
2625.30 9882.71 
2635.30 9882.07 
2645.30 9881.42 
2655.31 9880.78 
2665.31 9880.13 
2675.31 9879.49 
2685.31 9878.84 
2695.31 9878.20 
2705.31 9877.57 
2715.31 9876.94 
2725.31 9876.32 
2735.31 9875.70 
2745.31 9875.10 
2755.31 9874.52 
2765.31 9873.97 
2775.31 9873.44 
2785.31 9872.95 
2795.31 9872.51 
2805.31 9872.12 
2815.31 9871.78 
2825.31 9871.51 
2835.31 9871.31 
2845.31 9871.19 
2855.31 9871.15 
2865.31 9871.20 
2875.31 9871.35 
2885.32 9871.60 
2895.32 9871.96 
2905.32 9872.44 
2915.32 9873.04 
2925.32 9873.77 
2935.32 9874.64 
2945.32 9875.64 
2955.32 9876.80 
2965.32 9878.11 
2975.32 9879.59 
2985.32 9881.23 
2995.32 9883.05 
3005.32 9885.05 
3015.32 9887.23 
3025.32 9889.61 
3035.32 9892.20 
3045.32 9894.99 
3055.32 9897.98 
3065.32 9901.17 
3075.32 9904.53 
3085.32 9908.05 
3095.32 9911.71 
3105.32 9915.50 
3115.32 9919.40 
3125.33 9923.40 
3135.33 9927.47 
3145.33 9931.61 
3155.33 9935.79 
3165.33 9940.01 
3175.33 9944.24 
3185.33 9948.47 
3195.33 9952.70 
3205.33 9956.99 
3215.33 9961.42 
3225.33 9966.06 
3235.33 9970.98 
3245.33 9976.26 
3255.33 9981.98 
3265.33 9988.20 
3275.33 9995.00 
3285.33 10002.45 
3295.33 10010.64 
3305.33 10019.62 
3315.33 10029.49 
3325.33 10040.30 
3335.33 10052.13 
3345.33 10064.85 
3355.34 10078.29 
3365.34 10092.24 
3375.34 10106.52 
3385.34 10120.93 
3395.34 10135.28 
3405.34 10149.38 
3415.34 10163.03 
3425.34 10176.04 
3435.34 10188.21 
3445.34 10199.41 
3455.34 10209.63 
3465.34 10218.94 
3475.34 10227.40 
3485.34 10235.04 
3495.34 10241.94 
3505.34 10248.14 
3515.34 10253.70 
3525.34 10258.67 
3535.34 10263.11 
3545.34 10267.06 
3555.34 10270.60 
3565.34 10273.76 
3575.34 10276.60 
3585.34 10279.15 
3595.35 10281.42 
3605.35 10283.42 
3615.35 10285.17 
3625.35 10286.68 
3635.35 10287.98 
3645.35 10289.07 
3655.35 10289.98 
3665.35 10290.71 
3675.35 10291.28 
3685.35 10291.71 
3695.35 10292.02 
3705.35 10292.21 
3715.35 10292.31 
3725.35 10292.33 
3735.35 10292.29 
3745.35 10292.19 
3755.35 10292.06 
3765.35 10291.91 
3775.35 10291.76 
3785.35 10291.62 
3795.35 10291.51 
3805.35 10291.44 
3815.35 10291.43 
3825.36 10291.49 
3835.36 10291.65 
3845.36 10291.91 
3855.36 10292.29 
3865.36 10292.79 
3875.36 10293.42 
3885.36 10294.17 
3895.36 10295.03 
3905.36 10295.99 
3915.36 10297.05 
3925.36 10298.21 
3935.36 10299.45 
3945.36 10300.77 
3955.36 10302.16 
3965.36 10303.62 
3975.36 10305.14 
3985.36 10306.72 
3995.36 10308.34 
4005.36 10310.01 
4015.36 10311.72 
4025.36 10313.45 
4035.36 10315.21 
4045.36 10316.99 
4055.37 10318.78 
4065.37 10320.58 
4075.37 10322.37 
4085.37 10324.16 
4095.37 10325.93 
4105.37 10327.69 
4115.37 10329.41 
4125.37 10331.11 
4135.37 10332.77 
4145.37 10334.39 
4155.37 10335.95 
4165.37 10337.46 
4175.37 10338.91 
4185.37 10340.29 
4195.37 10341.59 
4205.37 10342.81 
4215.37 10343.96 
4225.37 10345.06 
4235.37 10346.11 
4245.37 10347.13 
4255.37 10348.14 
4265.37 10349.16 
4275.37 10350.19 
4285.37 10351.26 
4295.38 10352.37 
4305.38 10353.55 
4315.38 10354.80 
4325.38 10356.15 
4335.38 10357.60 
4345.38 10359.18 
4355.38 10360.90 
4365.38 10362.76 
4375.38 10364.80 
4385.38 10367.02 
4395.38 10369.43 
4405.38 10372.06 
4415.38 10374.92 
4425.38 10378.02 
4435.38 10381.37 
4445.38 10385.00 
4455.38 10388.92 
4465.38 10393.14 
4475.38 10397.67 
4485.38 10402.53 
4495.38 10407.69 
4505.38 10413.14 
4515.38 10418.86 
4525.39 10424.83 
4535.39 10431.03 
4545.39 10437.45 
4555.39 10444.07 
4565.39 10450.86 
4575.39 10457.82 
4585.39 10464.93 
4595.39 10472.16 
4605.39 10479.50 
4615.39 10486.93 
4625.39 10494.43 
4635.39 10502.00 
4645.39 10509.60 
4655.39 10517.22 
4665.39 10524.84 
4675.39 10532.45 
4685.39 10540.03 
4695.39 10547.55 
4705.39 10555.01 
4715.39 10562.39 
4725.39 10569.68 
4735.39 10576.88 
4745.39 10583.98 
4755.39 10590.97 
4765.40 10597.84 
4775.40 10604.60 
4785.40 10611.22 
4795.40 10617.70 
4805.40 10624.04 
4815.40 10630.23 
4825.40 10636.26 
4835.40 10642.12 
4845.40 10647.81 
4855.40 10653.32 
4865.40 10658.63 
4875.40 10663.76 
4885.40 10668.68 
4895.40 10673.39 
4905.40 10677.88 
4915.40 10682.15 
4925.40 10686.19 
4935.40 10690.01 
4945.40 10693.62 
4955.40 10697.03 
4965.40 10700.25 
4975.40 10703.29 
4985.40 10706.16 
4995.41 10708.86 
5005.41 10711.41 
5015.41 10713.82 
5025.41 10716.09 
5035.41 10718.24 
5045.41 10720.27 
5055.41 10722.20 
5065.41 10724.03 
5075.41 10725.78 
5085.41 10727.44 
5095.41 10729.04 
5105.41 10730.58 
5115.41 10732.08 
5125.41 10733.53 
5135.41 10734.95 
5145.41 10736.35 
5155.41 10737.73 
5165.41 10739.10 
5175.41 10740.45 
5185.41 10741.79 
5195.41 10743.10 
5205.41 10744.40 
5215.41 10745.68 
5225.42 10746.95 
5235.42 10748.20 
5245.42 10749.43 
5255.42 10750.64 
5265.42 10751.84 
5275.42 10753.02 
5285.42 10754.18 
5295.42 10755.32 
5305.42 10756.44 
5315.42 10757.55 
5325.42 10758.64 
5335.42 10759.71 
5345.42 10760.76 
5355.42 10761.80 
5365.42 10762.82 
5375.42 10763.81 
5385.42 10764.79 
5395.42 10765.75 
5405.42 10766.70 
5415.42 10767.62 
5425.42 10768.53 
5435.42 10769.41 
5445.42 10770.28 
5455.42 10771.13 
5465.43 10771.96 
5475.43 10772.77 
5485.43 10773.56 
5495.43 10774.33 
5505.43 10775.08 
5515.43 10775.81 
5525.43 10776.53 
5535.43 10777.22 
5545.43 10777.89 
5555.43 10778.55 
5565.43 10779.18 
5575.43 10779.79 
5585.43 10780.39 
5595.43 10780.96 
5605.43 10781.51 
5615.43 10782.04 
5625.43 10782.54 
5635.43 10783.01 
5645.43 10783.45 
5655.43 10783.86 
5665.43 10784.22 
5675.43 10784.54 
5685.43 10784.81 
5695.44 10785.04 
5705.44 10785.22 
5715.44 10785.34 
5725.44 10785.40 
5735.44 10785.41 
5745.44 10785.35 
5755.44 10785.22 
5765.44 10785.02 
5775.44 10784.76 
5785.44 10784.41 
5795.44 10783.99 
5805.44 10783.49 
5815.44 10782.90 
5825.44 10782.22 
5835.44 10781.45 
5845.44 10780.59 
5855.44 10779.64 
5865.44 10778.60 
5875.44 10777.49 
5885.44 10776.30 
5895.44 10775.07 
5905.44 10773.78 
5915.44 10772.45 
5925.44 10771.09 
5935.45 10769.71 
5945.45 10768.31 
5955.45 10766.92 
5965.45 10765.52 
5975.45 10764.14 
5985.45 10762.79 
5995.45 10761.46 
6005.45 10760.18 
6015.45 10758.94 
6025.45 10757.77 
6035.45 10756.66 
6045.45 10755.61 
6055.45 10754.63 
6065.45 10753.71 
6075.45 10752.85 
6085.45 10752.06 
6095.45 10751.33 
6105.45 10750.66 
6115.45 10750.06 
6125.45 10749.51 
6135.45 10749.03 
6145.45 10748.60 
6155.45 10748.24 
6165.46 10747.94 
6175.46 10747.70 
6185.46 10747.48 
6195.46 10747.25 
6205.46 10746.94 
6215.46 10746.51 
6225.46 10745.89 
6235.46 10745.05 
6245.46 10743.93 
6255.46 10742.47 
6265.46 10740.69 
6275.46 10738.58 
6285.46 10736.18 
6295.46 10733.50 
6305.46 10730.56 
6315.46 10727.37 
6325.46 10723.97 
6335.46 10720.35 
6345.46 10716.55 
6355.46 10712.58 
6365.46 10708.46 
6375.46 10704.21 
6385.46 10699.84 
6395.46 10695.38 
6405.47 10690.84 
6415.47 10686.24 
6425.47 10681.60 
6435.47 10676.94 
6445.47 10672.27 
6455.47 10667.62 
6465.47 10663.00 
6475.47 10658.44 
6485.47 10653.94 
6495.47 10649.53 
6505.47 10645.22 
6515.47 10641.02 
6525.47 10636.91 
6535.47 10632.90 
6545.47 10629.00 
6555.47 10625.19 
6565.47 10621.48 
6575.47 10617.87 
6585.47 10614.36 
6595.47 10610.94 
6605.47 10607.62 
6615.47 10604.39 
6625.47 10601.26 
6635.48 10598.23 
6645.48 10595.28 
6655.48 10592.43 
6665.48 10589.67 
6675.48 10587.01 
6685.48 10584.43 
6695.48 10581.94 
6705.48 10579.55 
6715.48 10577.24 
6725.48 10575.02 
6735.48 10572.89 
6745.48 10570.84 
6755.48 10568.88 
6765.48 10567.01 
6775.48 10565.22 
6785.48 10563.52 
6795.48 10561.90 
6805.48 10560.36 
6815.48 10558.90 
6825.48 10557.53 
6835.48 10556.22 
6845.48 10555.00 
6855.48 10553.84 
6865.49 10552.77 
6875.49 10551.76 
6885.49 10550.82 
6895.49 10549.95 
6905.49 10549.15 
6915.49 10548.42 
6925.49 10547.75 
6935.49 10547.14 
6945.49 10546.60 
6955.49 10546.11 
6965.49 10545.69 
6975.49 10545.32 
6985.49 10545.01 
6995.49 10544.75 
7005.49 10544.55 
7015.49 10544.40 
7025.49 10544.30 
7035.49 10544.25 
7045.49 10544.24 
7055.49 10544.29 
7065.49 10544.38 
7075.49 10544.51 
7085.49 10544.68 
7095.49 10544.90 
7105.50 10545.16 
7115.50 10545.47 
7125.50 10545.84 
7135.50 10546.26 
7145.50 10546.75 
7155.50 10547.30 
7165.50 10547.92 
7175.50 10548.61 
7185.50 10549.39 
7195.50 10550.25 
7205.50 10551.19 
7215.50 10552.22 
7225.50 10553.35 
7235.50 10554.58 
7245.50 10555.91 
7255.50 10557.35 
7265.50 10558.89 
7275.50 10560.56 
7285.50 10562.34 
7295.50 10564.25 
7305.50 10566.28 
7315.50 10568.45 
7325.50 10570.75 
7335.51 10573.19 
7345.51 10575.77 
7355.51 10578.51 
7365.51 10581.39 
7375.51 10584.43 
7385.51 10587.63 
7395.51 10591.00 
7405.51 10594.53 
7415.51 10598.24 
7425.51 10602.12 
7435.51 10606.19 
7445.51 10610.43 
7455.51 10614.83 
7465.51 10619.40 
7475.51 10624.11 
7485.51 10628.96 
7495.51 10633.94 
7505.51 10639.03 
7515.51 10644.24 
7525.51 10649.54 
7535.51 10654.93 
7545.51 10660.39 
7555.51 10665.93 
7565.51 10671.52 
7575.52 10677.16 
7585.52 10682.84 
7595.52 10688.54 
7605.52 10694.27 
7615.52 10700.00 
7625.52 10705.73 
7635.52 10711.45 
7645.52 10717.15 
7655.52 10722.82 
7665.52 10728.45 
7675.52 10734.02 
7685.52 10739.54 
7695.52 10744.98 
7705.52 10750.35 
7715.52 10755.62 
7725.52 10760.80 
7735.52 10765.89 
7745.52 10770.90 
7755.52 10775.83 
7765.52 10780.68 
7775.52 10785.45 
7785.52 10790.15 
7795.52 10794.79 
7805.53 10799.36 
7815.53 10803.87 
7825.53 10808.32 
7835.53 10812.72 
7845.53 10817.06 
7855.53 10821.36 
7865.53 10825.61 
7875.53 10829.83 
7885.53 10834.00 
7895.53 10838.14 
7905.53 10842.25 
7915.53 10846.34 
7925.53 10850.40 
7935.53 10854.44 
7945.53 10858.46 
7955.53 10862.47 
7965.53 10866.46 
7975.53 10870.45 
7985.53 10874.43 
7995.53 10878.38 
8005.53 10882.32 
8015.53 10886.22 
8025.53 10890.08 
8035.54 10893.90 
8045.54 10897.67 
8055.54 10901.38 
8065.54 10905.03 
8075.54 10908.62 
8085.54 10912.13 
8095.54 10915.56 
8105.54 10918.91 
8115.54 10922.17 
8125.54 10925.32 
8135.54 10928.38 
8145.54 10931.32 
8155.54 10934.15 
8165.54 10936.86 
8175.54 10939.44 
8185.54 10941.89 
8195.54 10944.20 
8205.54 10946.37 
8215.54 10948.41 
8225.54 10950.32 
8235.54 10952.11 
8245.54 10953.78 
8255.54 10955.34 
8265.54 10956.80 
8275.55 10958.15 
8285.55 10959.41 
8295.55 10960.58 
8305.55 10961.67 
8315.55 10962.67 
8325.55 10963.60 
8335.55 10964.46 
8345.55 10965.25 
8355.55 10965.99 
8365.55 10966.67 
8375.55 10967.31 
8385.55 10967.90 
8395.55 10968.45 
8405.55 10968.97 
8415.55 10969.46 
8425.55 10969.93 
8435.55 10970.38 
8445.55 10970.82 
8455.55 10971.25 
8465.55 10971.68 
8475.55 10972.11 
8485.55 10972.56 
8495.55 10973.01 
8505.56 10973.49 
8515.56 10973.99 
8525.56 10974.52 
8535.56 10975.08 
8545.56 10975.69 
8555.56 10976.34 
8565.56 10977.04 
8575.56 10977.78 
8585.56 10978.56 
8595.56 10979.35 
8605.56 10980.17 
8615.56 10980.99 
8625.56 10981.81 
8635.56 10982.61 
8645.56 10983.40 
8655.56 10984.15 
8665.56 10984.86 
8675.56 10985.53 
8685.56 10986.14 
8695.56 10986.68 
8705.56 10987.15 
8715.56 10987.54 
8725.56 10987.83 
8735.56 10988.01 
8745.57 10988.09 
8755.57 10988.04 
8765.57 10987.87 
8775.57 10987.55 
8785.57 10987.09 
8795.57 10986.47 
8805.57 10985.69 
8815.57 10984.73 
8825.57 10983.59 
8835.57 10982.25 
8845.57 10980.71 
8855.57 10978.96 
8865.57 10976.99 
8875.57 10974.79 
8885.57 10972.37 
8895.57 10969.75 
8905.57 10966.93 
8915.57 10963.94 
8925.57 10960.80 
8935.57 10957.51 
8945.57 10954.09 
8955.57 10950.57 
8965.57 10946.95 
8975.58 10943.24 
8985.58 10939.48 
8995.58 10935.66 
9005.58 10931.82 
9015.58 10927.95 
9025.58 10924.09 
9035.58 10920.24 
9045.58 10916.41 
9055.58 10912.64 
9065.58 10908.92 
9075.58 10905.29 
9085.58 10901.74 
9095.58 10898.30 
9105.58 10894.99 
9115.58 10891.81 
9125.58 10888.76 
9135.58 10885.83 
9145.58 10883.02 
9155.58 10880.33 
9165.58 10877.76 
9175.58 10875.28 
9185.58 10872.92 
9195.58 10870.65 
9205.58 10868.47 
9215.59 10866.39 
9225.59 10864.39 
9235.59 10862.47 
9245.59 10860.62 
9255.59 10858.85 
9265.59 10857.15 
9275.59 10855.51 
9285.59 10853.93 
9295.59 10852.41 
9305.59 10850.93 
9315.59 10849.50 
9325.59 10848.12 
9335.59 10846.77 
9345.59 10845.45 
9355.59 10844.16 
9365.59 10842.90 
9375.59 10841.65 
9385.59 10840.42 
9395.59 10839.21 
9405.59 10838.01 
9415.59 10836.84 
9425.59 10835.70 
9435.59 10834.60 
9445.60 10833.53 
9455.60 10832.50 
9465.60 10831.53 
9475.60 10830.60 
9485.60 10829.73 
9495.60 10828.93 
9505.60 10828.19 
9515.60 10827.53 
9525.60 10826.94 
9535.60 10826.43 
9545.60 10826.01 
9555.60 10825.68 
9565.60 10825.45 
9575.60 10825.31 
9585.60 10825.29 
9595.60 10825.37 
9605.60 10825.56 
9615.60 10825.88 
9625.60 10826.32 
9635.60 10826.89 
9645.60 10827.59 
9655.60 10828.43 
9665.60 10829.42 
9675.61 10830.55 
9685.61 10831.84 
9695.61 10833.28 
9705.61 10834.88 
9715.61 10836.66 
9725.61 10838.59 
9735.61 10840.67 
9745.61 10842.85 
9755.61 10845.09 
9765.61 10847.36 
9775.61 10849.62 
9785.61 10851.85 
9795.61 10853.99 
9805.61 10856.03 
9815.61 10857.98 
9825.61 10859.85 
9835.61 10861.65 
9845.61 10863.40 
9855.61 10865.11 
9865.61 10866.79 
9875.61 10868.45 
9885.61 10870.11 
9895.61 10871.79 
9905.61 10873.48 
9915.62 10875.22 
9925.62 10877.00 
9935.62 10878.85 
9945.62 10880.77 
9955.62 10882.78 
9965.62 10884.90 
9975.62 10887.13 
9985.62 10889.48 
9995.62 10891.98 
10005.62 10894.63 
10015.62 10897.45 
10025.62 10900.45 
10035.62 10903.64 
10045.62 10907.04 
10055.62 10910.66 
10065.62 10914.51 
10075.62 10918.60 
10085.62 10922.95 
10095.62 10927.57 
10105.62 10932.48 
10115.62 10937.68 
10125.62 10943.20 
10135.62 10949.03 
10145.63 10955.21 
10155.63 10961.73 
10165.63 10968.61 
10175.63 10975.87 
10185.63 10983.52 
10195.63 10991.56 
10205.63 11000.02 
10215.63 11008.91 
10225.63 11018.24 
10235.63 11028.02 
10245.63 11038.27 
10255.63 11048.99 
10265.63 11060.17 
10275.63 11071.73 
10285.63 11083.60 
10295.63 11095.72 
10305.63 11108.00 
10315.63 11120.38 
10325.63 11132.79 
10335.63 11145.16 
10345.63 11157.41 
10355.63 11169.48 
10365.63 11181.29 
10375.63 11192.77 
10385.64 11203.86 
10395.64 11214.47 
10405.64 11224.55 
10415.64 11234.02 
10425.64 11242.90 
10435.64 11251.21 
10445.64 11258.97 
10455.64 11266.24 
10465.64 11273.02 
10475.64 11279.35 
10485.64 11285.26 
10495.64 11290.79 
10505.64 11295.95 
10515.64 11300.79 
10525.64 11305.32 
10535.64 11309.59 
10545.64 11313.61 
10555.64 11317.43 
10565.64 11321.06 
10575.64 11324.54 
10585.64 11327.90 
10595.64 11331.17 
10605.64 11334.38 
10615.65 11337.55 
10625.65 11340.73 
10635.65 11343.93 
10645.65 11347.19 
10655.65 11350.54 
10665.65 11354.00 
10675.65 11357.61 
10685.65 11361.39 
10695.65 11365.33 
10705.65 11369.43 
10715.65 11373.68 
10725.65 11378.07 
10735.65 11382.59 
10745.65 11387.23 
10755.65 11391.98 
10765.65 11396.83 
10775.65 11401.79 
10785.65 11406.83 
10795.65 11411.95 
10805.65 11417.13 
10815.65 11422.38 
10825.65 11427.69 
10835.65 11433.03 
10845.66 11438.41 
10855.66 11443.82 
10865.66 11449.25 
10875.66 11454.68 
10885.66 11460.12 
10895.66 11465.54 
10905.66 11470.95 
10915.66 11476.34 
10925.66 11481.69 
10935.66 11487.00 
10945.66 11492.26 
10955.66 11497.46 
10965.66 11502.58 
10975.66 11507.64 
10985.66 11512.60 
10995.66 11517.47 
11005.66 11522.24 
11015.66 11526.90 
11025.66 11531.44 
11035.66 11535.84 
11045.66 11540.11 
11055.66 11544.23 
11065.66 11548.20 
11075.66 11552.02 
11085.67 11555.69 
11095.67 11559.21 
11105.67 11562.58 
11115.67 11565.81 
11125.67 11568.89 
11135.67 11571.82 
11145.67 11574.62 
11155.67 11577.27 
11165.67 11579.79 
11175.67 11582.17 
11185.67 11584.41 
11195.67 11586.51 
11205.67 11588.49 
11215.67 11590.33 
11225.67 11592.04 
11235.67 11593.63 
11245.67 11595.08 
11255.67 11596.41 
11265.67 11597.61 
11275.67 11598.70 
11285.67 11599.66 
11295.67 11600.50 
11305.67 11601.22 
11315.68 11601.82 
11325.68 11602.31 
11335.68 11602.68 
11345.68 11602.94 
11355.68 11603.09 
11365.68 11603.13 
11375.68 11603.06 
11385.68 11602.88 
11395.68 11602.59 
11405.68 11602.21 
11415.68 11601.72 
11425.68 11601.14 
11435.68 11600.47 
11445.68 11599.71 
11455.68 11598.87 
11465.68 11597.95 
11475.68 11596.96 
11485.68 11595.89 
11495.68 11594.76 
11505.68 11593.57 
11515.68 11592.31 
11525.68 11591.00 
11535.68 11589.64 
11545.68 11588.23 
11555.69 11586.78 
11565.69 11585.29 
11575.69 11583.76 
11585.69 11582.20 
11595.69 11580.62 
11605.69 11579.01 
11615.69 11577.38 
11625.69 11575.73 
11635.69 11574.07 
11645.69 11572.41 
11655.69 11570.74 
11665.69 11569.07 
11675.69 11567.41 
11685.69 11565.75 
11695.69 11564.10 
11705.69 11562.47 
11715.69 11560.87 
11725.69 11559.28 
11735.69 11557.72 
11745.69 11556.20 
11755.69 11554.70 
11765.69 11553.23 
11775.69 11551.77 
11785.70 11550.31 
11795.70 11548.84 
11805.70 11547.35 
11815.70 11545.82 
11825.70 11544.24 
11835.70 11542.60 
11845.70 11540.90 
11855.70 11539.11 
11865.70 11537.22 
11875.70 11535.23 
11885.70 11533.12 
11895.70 11530.89 
11905.70 11528.51 
11915.70 11525.98 
11925.70 11523.28 
11935.70 11520.41 
11945.70 11517.35 
11955.70 11514.09 
11965.70 11510.62 
11975.70 11506.92 
11985.70 11502.99 
11995.70 11498.84 
12005.70 11494.49 
12015.70 11489.97 
12025.71 11485.31 
12035.71 11480.53 
12045.71 11475.66 
12055.71 11470.73 
12065.71 11465.76 
12075.71 11460.78 
12085.71 11455.81 
12095.71 11450.88 
12105.71 11446.03 
12115.71 11441.27 
12125.71 11436.63 
12135.71 11432.14 
12145.71 11427.82 
12155.71 11423.71 
12165.71 11419.82 
12175.71 11416.19 
12185.71 11412.84 
12195.71 11409.79 
12205.71 11407.07 
12215.71 11404.63 
12225.71 11402.46 
12235.71 11400.53 
12245.71 11398.81 
12255.72 11397.26 
12265.72 11395.87 
12275.72 11394.60 
12285.72 11393.42 
12295.72 11392.31 
12305.72 11391.24 
12315.72 11390.17 
12325.72 11389.09 
12335.72 11387.96 
12345.72 11386.75 
12355.72 11385.46 
12365.72 11384.07 
12375.72 11382.60 
12385.72 11381.05 
12395.72 11379.43 
12405.72 11377.75 
12415.72 11376.00 
12425.72 11374.20 
12435.72 11372.34 
12445.72 11370.44 
12455.72 11368.51 
12465.72 11366.53 
12475.72 11364.53 
12485.73 11362.51 
12495.73 11360.47 
12505.73 11358.42 
12515.73 11356.36 
12525.73 11354.29 
12535.73 11352.24 
12545.73 11350.19 
12555.73 11348.16 
12565.73 11346.15 
12575.73 11344.16 
12585.73 11342.20 
12595.73 11340.29 
12605.73 11338.41 
12615.73 11336.59 
12625.73 11334.81 
12635.73 11333.10 
12645.73 11331.44 
12655.73 11329.86 
12665.73 11328.36 
12675.73 11326.93 
12685.73 11325.59 
12695.73 11324.34 
12705.73 11323.19 
12715.73 11322.14 
12725.74 11321.20 
12735.74 11320.37 
12745.74 11319.66 
12755.74 11319.08 
12765.74 11318.62 
12775.74 11318.30 
12785.74 11318.12 
12795.74 11318.09 
12805.74 11318.21 
12815.74 11318.48 
12825.74 11318.92 
12835.74 11319.52 
12845.74 11320.30 
12855.74 11321.26 
12865.74 11322.40 
12875.74 11323.73 
12885.74 11325.25 
12895.74 11326.98 
12905.74 11328.91 
12915.74 11331.06 
12925.74 11333.41 
12935.74 11335.97 
12945.74 11338.72 
12955.75 11341.64 
12965.75 11344.74 
12975.75 11348.00 
12985.75 11351.40 
12995.75 11354.94 
13005.75 11358.60 
13015.75 11362.38 
13025.75 11366.26 
13035.75 11370.24 
13045.75 11374.30 
13055.75 11378.42 
13065.75 11382.61 
13075.75 11386.85 
13085.75 11391.13 
13095.75 11395.43 
13105.75 11399.75 
13115.75 11404.08 
13125.75 11408.40 
13135.75 11412.72 
13145.75 11417.02 
13155.75 11421.33 
13165.75 11425.62 
13175.75 11429.90 
13185.75 11434.17 
13195.76 11438.43 
13205.76 11442.67 
13215.76 11446.90 
13225.76 11451.11 
13235.76 11455.30 
13245.76 11459.48 
13255.76 11463.63 
13265.76 11467.77 
13275.76 11471.88 
13285.76 11475.97 
13295.76 11480.03 
13305.76 11484.07 
13315.76 11488.09 
13325.76 11492.07 
13335.76 11496.03 
13345.76 11499.95 
13355.76 11503.84 
13365.76 11507.70 
13375.76 11511.53 
13385.76 11515.32 
13395.76 11519.08 
13405.76 11522.80 
13415.76 11526.48 
13425.77 11530.12 
13435.77 11533.72 
13445.77 11537.28 
13455.77 11540.79 
13465.77 11544.26 
13475.77 11547.69 
13485.77 11551.07 
13495.77 11554.40 
13505.77 11557.68 
13515.77 11560.92 
13525.77 11564.12 
13535.77 11567.27 
13545.77 11570.38 
13555.77 11573.45 
13565.77 11576.48 
13575.77 11579.46 
13585.77 11582.41 
13595.77 11585.33 
13605.77 11588.20 
13615.77 11591.04 
13625.77 11593.85 
13635.77 11596.62 
13645.77 11599.36 
13655.78 11602.07 
13665.78 11604.75 
13675.78 11607.40 
13685.78 11610.02 
13695.78 11612.61 
13705.78 11615.18 
13715.78 11617.72 
13725.78 11620.24 
13735.78 11622.73 
13745.78 11625.20 
13755.78 11627.65 
13765.78 11630.08 
13775.78 11632.49 
13785.78 11634.88 
13795.78 11637.25 
13805.78 11639.60 
13815.78 11641.94 
13825.78 11644.27 
13835.78 11646.58 
13845.78 11648.88 
13855.78 11651.17 
13865.78 11653.45 
13875.78 11655.71 
13885.78 11657.97 
13895.79 11660.22 
13905.79 11662.47 
13915.79 11664.70 
13925.79 11666.94 
13935.79 11669.17 
13945.79 11671.39 
13955.79 11673.61 
13965.79 11675.83 
13975.79 11678.05 
13985.79 11680.27 
13995.79 11682.48 
14005.79 11684.70 
14015.79 11686.92 
14025.79 11689.14 
14035.79 11691.36 
14045.79 11693.59 
14055.79 11695.82 
14065.79 11698.06 
14075.79 11700.30 
14085.79 11702.55 
14095.79 11704.80 
14105.79 11707.06 
14115.79 11709.34 
14125.80 11711.62 
14135.80 11713.91 
14145.80 11716.21 
14155.80 11718.52 
14165.80 11720.85 
14175.80 11723.19 
14185.80 11725.54 
14195.80 11727.91 
14205.80 11730.29 
14215.80 11732.69 
14225.80 11735.10 
14235.80 11737.54 
14245.80 11739.99 
14255.80 11742.45 
14265.80 11744.94 
14275.80 11747.45 
14285.80 11749.98 
14295.80 11752.53 
14305.80 11755.11 
14315.80 11757.70 
14325.80 11760.32 
14335.80 11762.97 
14345.80 11765.64 
14355.80 11768.33 
14365.81 11771.05 
14375.81 11773.80 
14385.81 11776.57 
14395.81 11779.36 
14405.81 11782.19 
14415.81 11785.04 
14425.81 11787.92 
14435.81 11790.83 
14445.81 11793.77 
14455.81 11796.74 
14465.81 11799.74 
14475.81 11802.77 
14485.81 11805.83 
14495.81 11808.92 
14505.81 11812.05 
14515.81 11815.21 
14525.81 11818.40 
14535.81 11821.62 
14545.81 11824.88 
14555.81 11828.17 
14565.81 11831.49 
14575.81 11834.85 
14585.81 11838.25 
14595.82 11841.68 
14605.82 11845.15 
14615.82 11848.66 
14625.82 11852.21 
14635.82 11855.79 
14645.82 11859.41 
14655.82 11863.07 
14665.82 11866.77 
14675.82 11870.51 
14685.82 11874.29 
14695.82 11878.11 
14705.82 11881.98 
14715.82 11885.88 
14725.82 11889.83 
14735.82 11893.82 
14745.82 11897.85 
14755.82 11901.93 
14765.82 11906.05 
14775.82 11910.22 
14785.82 11914.43 
14795.82 11918.69 
14805.82 11922.99 
14815.82 11927.35 
14825.83 11931.75 
14835.83 11936.22 
14845.83 11940.75 
14855.83 11945.34 
14865.83 11950.00 
14875.83 11954.73 
14885.83 11959.53 
14895.83 11964.41 
14905.83 11969.37 
14915.83 11974.42 
14925.83 11979.55 
14935.83 11984.78 
14945.83 11990.10 
14955.83 11995.51 
14965.83 12001.03 
14975.83 12006.65 
14985.83 12012.38 
14995.83 12018.22 
15005.83 12024.17 
15015.83 12030.22 
15025.83 12036.35 
15035.83 12042.57 
15045.83 12048.86 
15055.83 12055.20 
15065.84 12061.59 
15075.84 12068.01 
15085.84 12074.46 
15095.84 12080.93 
15105.84 12087.39 
15115.84 12093.85 
15125.84 12100.30 
15135.84 12106.71 
15145.84 12113.08 
15155.84 12119.41 
15165.84 12125.67 
15175.84 12131.86 
15185.84 12137.97 
15195.84 12143.98 
15205.84 12149.90 
15215.84 12155.69 
15225.84 12161.36 
15235.84 12166.90 
15245.84 12172.29 
15255.84 12177.52 
15265.84 12182.58 
15275.84 12187.47 
15285.84 12192.16 
15295.85 12196.68 
15305.85 12201.02 
15315.85 12205.19 
15325.85 12209.20 
15335.85 12213.05 
15345.85 12216.74 
15355.85 12220.29 
15365.85 12223.70 
15375.85 12226.97 
15385.85 12230.12 
15395.85 12233.14 
15405.85 12236.04 
15415.85 12238.84 
15425.85 12241.52 
15435.85 12244.11 
15445.85 12246.60 
15455.85 12249.00 
15465.85 12251.32 
15475.85 12253.57 
15485.85 12255.74 
15495.85 12257.85 
15505.85 12259.90 
15515.85 12261.89 
15525.85 12263.84 
15535.86 12265.75 
15545.86 12267.62 
15555.86 12269.46 
15565.86 12271.27 
15575.86 12273.07 
15585.86 12274.85 
15595.86 12276.63 
15605.86 12278.41 
15615.86 12280.19 
15625.86 12281.98 
15635.86 12283.79 
15645.86 12285.62 
15655.86 12287.48 
15665.86 12289.37 
15675.86 12291.30 
15685.86 12293.27 
15695.86 12295.27 
15705.86 12297.30 
15715.86 12299.36 
15725.86 12301.43 
15735.86 12303.52 
15745.86 12305.62 
15755.86 12307.72 
15765.87 12309.82 
15775.87 12311.91 
15785.87 12314.00 
15795.87 12316.06 
15805.87 12318.11 
15815.87 12320.13 
15825.87 12322.12 
15835.87 12324.08 
15845.87 12326.00 
15855.87 12327.87 
15865.87 12329.69 
15875.87 12331.45 
15885.87 12333.16 
15895.87 12334.80 
15905.87 12336.37 
15915.87 12337.87 
15925.87 12339.28 
15935.87 12340.61 
15945.87 12341.86 
15955.87 12343.00 
15965.87 12344.05 
15975.87 12345.00 
15985.87 12345.86 
15995.87 12346.63 
16005.88 12347.31 
16015.88 12347.90 
16025.88 12348.42 
16035.88 12348.86 
16045.88 12349.23 
16055.88 12349.54 
16065.88 12349.77 
16075.88 12349.95 
16085.88 12350.08 
16095.88 12350.15 
16105.88 12350.17 
16115.88 12350.15 
16125.88 12350.08 
16135.88 12349.98 
16145.88 12349.85 
16155.88 12349.69 
16165.88 12349.50 
16175.88 12349.29 
16185.88 12349.06 
16195.88 12348.82 
16205.88 12348.56 
16215.88 12348.31 
16225.88 12348.04 
16235.89 12347.78 
16245.89 12347.53 
16255.89 12347.28 
16265.89 12347.05 
16275.89 12346.83 
16285.89 12346.64 
16295.89 12346.46 
16305.89 12346.31 
16315.89 12346.18 
16325.89 12346.08 
16335.89 12346.00 
16345.89 12345.94 
16355.89 12345.91 
16365.89 12345.89 
16375.89 12345.90 
16385.89 12345.94 
16395.89 12345.99 
16405.89 12346.07 
16415.89 12346.17 
16425.89 12346.30 
16435.89 12346.44 
16445.89 12346.61 
16455.89 12346.80 
16465.90 12347.01 
16475.90 12347.25 
16485.90 12347.50 
16495.90 12347.78 
16505.90 12348.08 
16515.90 12348.40 
16525.90 12348.74 
16535.90 12349.11 
16545.90 12349.49 
16555.90 12349.90 
16565.90 12350.33 
16575.90 12350.78 
16585.90 12351.25 
16595.90 12351.74 
16605.90 12352.26 
16615.90 12352.79 
16625.90 12353.35 
16635.90 12353.92 
16645.90 12354.52 
16655.90 12355.13 
16665.90 12355.77 
16675.90 12356.43 
16685.90 12357.11 
16695.90 12357.81 
16705.91 12358.53 
16715.91 12359.27 
16725.91 12360.03 
16735.91 12360.81 
16745.91 12361.61 
16755.91 12362.42 
16765.91 12363.26 
16775.91 12364.12 
16785.91 12365.00 
16795.91 12365.90 
16805.91 12366.82 
16815.91 12367.75 
16825.91 12368.71 
16835.91 12369.69 
16845.91 12370.68 
16855.91 12371.70 
16865.91 12372.73 
16875.91 12373.78 
16885.91 12374.85 
16895.91 12375.94 
16905.91 12377.05 
16915.91 12378.18 
16925.91 12379.32 
16935.92 12380.49 
16945.92 12381.67 
16955.92 12382.87 
16965.92 12384.09 
16975.92 12385.33 
16985.92 12386.58 
16995.92 12387.85 
17005.92 12389.13 
17015.92 12390.41 
17025.92 12391.71 
17035.92 12393.02 
17045.92 12394.33 
17055.92 12395.64 
17065.92 12396.96 
17075.92 12398.28 
17085.92 12399.59 
17095.92 12400.91 
17105.92 12402.21 
17115.92 12403.52 
17125.92 12404.81 
17135.92 12406.10 
17145.92 12407.37 
17155.92 12408.64 
17165.92 12409.88 
17175.93 12411.11 
17185.93 12412.33 
17195.93 12413.52 
17205.93 12414.70 
17215.93 12415.85 
17225.93 12416.97 
17235.93 12418.08 
17245.93 12419.16 
17255.93 12420.22 
17265.93 12421.28 
17275.93 12422.33 
17285.93 12423.38 
17295.93 12424.42 
17305.93 12425.48 
17315.93 12426.54 
17325.93 12427.63 
17335.93 12428.73 
17345.93 12429.85 
17355.93 12431.00 
17365.93 12432.19 
17375.93 12433.41 
17385.93 12434.67 
17395.93 12435.98 
17405.94 12437.34 
17415.94 12438.75 
17425.94 12440.23 
17435.94 12441.76 
17445.94 12443.36 
17455.94 12445.04 
17465.94 12446.79 
17475.94 12448.62 
17485.94 12450.54 
17495.94 12452.55 
17505.94 12454.65 
17515.94 12456.85 
17525.94 12459.15 
17535.94 12461.56 
17545.94 12464.08 
17555.94 12466.71 
17565.94 12469.47 
17575.94 12472.35 
17585.94 12475.36 
17595.94 12478.50 
17605.94 12481.78 
17615.94 12485.19 
17625.94 12488.73 
17635.95 12492.38 
17645.95 12496.13 
17655.95 12499.97 
17665.95 12503.89 
17675.95 12507.89 
17685.95 12511.94 
17695.95 12516.04 
17705.95 12520.18 
17715.95 12524.35 
17725.95 12528.53 
17735.95 12532.72 
17745.95 12536.91 
17755.95 12541.08 
17765.95 12545.23 
17775.95 12549.34 
17785.95 12553.40 
17795.95 12557.41 
17805.95 12561.35 
17815.95 12565.21 
17825.95 12569.00 
17835.95 12572.72 
17845.95 12576.37 
17855.95 12579.94 
17865.95 12583.44 
17875.96 12586.87 
17885.96 12590.23 
17895.96 12593.52 
17905.96 12596.74 
17915.96 12599.89 
17925.96 12602.98 
17935.96 12605.99 
17945.96 12608.94 
17955.96 12611.82 
17965.96 12614.63 
17975.96 12617.38 
17985.96 12620.06 
17995.96 12622.67 
18005.96 12625.22 
18015.96 12627.71 
18025.96 12630.13 
18035.96 12632.49 
18045.96 12634.79 
18055.96 12637.02 
18065.96 12639.20 
18075.96 12641.31 
18085.96 12643.36 
18095.96 12645.35 
18105.97 12647.28 
18115.97 12649.15 
18125.97 12650.97 
18135.97 12652.72 
18145.97 12654.42 
18155.97 12656.06 
18165.97 12657.65 
18175.97 12659.18 
18185.97 12660.65 
18195.97 12662.07 
18205.97 12663.43 
18215.97 12664.74 
18225.97 12665.99 
18235.97 12667.19 
18245.97 12668.34 
18255.97 12669.44 
18265.97 12670.49 
18275.97 12671.48 
18285.97 12672.42 
18295.97 12673.32 
18305.97 12674.16 
18315.97 12674.96 
18325.97 12675.70 
18335.97 12676.40 
18345.98 12677.05 
18355.98 12677.67 
18365.98 12678.25 
18375.98 12678.81 
18385.98 12679.37 
18395.98 12679.92 
18405.98 12680.49 
18415.98 12681.07 
18425.98 12681.69 
18435.98 12682.34 
18445.98 12683.05 
18455.98 12683.81 
18465.98 12684.65 
18475.98 12685.56 
18485.98 12686.57 
18495.98 12687.67 
18505.98 12688.89 
18515.98 12690.22 
18525.98 12691.68 
18535.98 12693.26 
18545.98 12694.95 
18555.98 12696.74 
18565.98 12698.64 
18575.99 12700.63 
18585.99 12702.71 
18595.99 12704.87 
18605.99 12707.11 
18615.99 12709.42 
18625.99 12711.79 
18635.99 12714.23 
18645.99 12716.71 
18655.99 12719.24 
18665.99 12721.80 
18675.99 12724.41 
18685.99 12727.03 
18695.99 12729.68 
18705.99 12732.35 
18715.99 12735.02 
18725.99 12737.70 
18735.99 12740.38 
18745.99 12743.04 
18755.99 12745.69 
18765.99 12748.32 
18775.99 12750.92 
18785.99 12753.49 
18795.99 12756.01 
18805.99 12758.49 
18816.00 12760.92 
18826.00 12763.30 
18836.00 12765.60 
18846.00 12767.84 
18856.00 12770.00 
18866.00 12772.08 
18876.00 12774.07 
18886.00 12775.96 
18896.00 12777.75 
18906.00 12779.44 
18916.00 12781.01 
18926.00 12782.48 
18936.00 12783.86 
18946.00 12785.15 
18956.00 12786.38 
18966.00 12787.54 
18976.00 12788.66 
18986.00 12789.74 
18996.00 12790.80 
19006.00 12791.84 
19016.00 12792.89 
19026.00 12793.95 
19036.00 12795.03 
19046.01 12796.14 
19056.01 12797.30 
19066.01 12798.52 
19076.01 12799.81 
19086.01 12801.18 
19096.01 12802.64 
19106.01 12804.21 
19116.01 12805.89 
19126.01 12807.70 
19136.01 12809.65 
19146.01 12811.76 
19156.01 12814.02 
19166.01 12816.46 
19176.01 12819.09 
19186.01 12821.91 
19196.01 12824.94 
19206.01 12828.20 
19216.01 12831.68 
19226.01 12835.42 
19236.01 12839.40 
19246.01 12843.66 
19256.01 12848.20 
19266.01 12853.02 
19276.02 12858.12 
19286.02 12863.46 
19296.02 12869.00 
19306.02 12874.73 
19316.02 12880.59 
19326.02 12886.57 
19336.02 12892.62 
19346.02 12898.72 
19356.02 12904.83 
19366.02 12910.92 
19376.02 12916.96 
19386.02 12922.92 
19396.02 12928.76 
19406.02 12934.44 
19416.02 12939.95 
19426.02 12945.24 
19436.02 12950.28 
19446.02 12955.05 
19456.02 12959.55 
19466.02 12963.79 
19476.02 12967.78 
19486.02 12971.52 
19496.02 12975.03 
19506.02 12978.31 
19516.03 12981.37 
19526.03 12984.21 
19536.03 12986.84 
19546.03 12989.28 
19556.03 12991.53 
19566.03 12993.59 
19576.03 12995.48 
19586.03 12997.21 
19596.03 12998.77 
19606.03 13000.18 
19616.03 13001.45 
19626.03 13002.58 
19636.03 13003.58 
19646.03 13004.46 
19656.03 13005.23 
19666.03 13005.90 
19676.03 13006.46 
19686.03 13006.94 
19696.03 13007.33 
19706.03 13007.65 
19716.03 13007.91 
19726.03 13008.10 
19736.03 13008.25 
19746.04 13008.35 
19756.04 13008.42 
19766.04 13008.45 
19776.04 13008.47 
19786.04 13008.48 
19796.04 13008.48 
19806.04 13008.49 
19816.04 13008.50 
19826.04 13008.54 
19836.04 13008.60 
19846.04 13008.70 
19856.04 13008.84 
19866.04 13009.03 
19876.04 13009.27 
19886.04 13009.58 
19896.04 13009.97 
19906.04 13010.44 
19916.04 13010.99 
19926.04 13011.64 
19936.04 13012.37 
19946.04 13013.21 
19956.04 13014.14 
19966.04 13015.17 
19976.04 13016.31 
19986.05 13017.54 
19996.05 13018.89 
20006.05 13020.33 
20016.05 13021.89 
20026.05 13023.56 
20036.05 13025.34 
20046.05 13027.24 
20056.05 13029.25 
20066.05 13031.39 
20076.05 13033.64 
20086.05 13036.02 
20096.05 13038.52 
20106.05 13041.14 
20116.05 13043.90 
20126.05 13046.79 
20136.05 13049.81 
20146.05 13052.96 
20156.05 13056.25 
20166.05 13059.68 
20176.05 13063.25 
20186.05 13066.96 
20196.05 13070.81 
20206.05 13074.79 
20216.06 13078.88 
20226.06 13083.08 
20236.06 13087.38 
20246.06 13091.76 
20256.06 13096.22 
20266.06 13100.73 
20276.06 13105.29 
20286.06 13109.89 
20296.06 13114.52 
20306.06 13119.16 
20316.06 13123.80 
20326.06 13128.44 
20336.06 13133.06 
20346.06 13137.65 
20356.06 13142.19 
20366.06 13146.68 
20376.06 13151.11 
20386.06 13155.46 
20396.06 13159.72 
20406.06 13163.88 
20416.06 13167.93 
20426.06 13171.86 
20436.06 13175.66 
20446.07 13179.31 
20456.07 13182.81 
20466.07 13186.14 
20476.07 13189.29 
20486.07 13192.25 
20496.07 13195.03 
20506.07 13197.63 
20516.07 13200.05 
20526.07 13202.32 
20536.07 13204.42 
20546.07 13206.36 
20556.07 13208.15 
20566.07 13209.80 
20576.07 13211.31 
20586.07 13212.68 
20596.07 13213.93 
20606.07 13215.05 
20616.07 13216.05 
20626.07 13216.94 
20636.07 13217.72 
20646.07 13218.41 
20656.07 13218.99 
20666.07 13219.49 
20676.07 13219.90 
20686.08 13220.23 
20696.08 13220.49 
20706.08 13220.67 
20716.08 13220.80 
20726.08 13220.86 
20736.08 13220.88 
20746.08 13220.84 
20756.08 13220.77 
20766.08 13220.66 
20776.08 13220.51 
20786.08 13220.35 
20796.08 13220.16 
20806.08 13219.96 
20816.08 13219.75 
20826.08 13219.53 
20836.08 13219.32 
20846.08 13219.11 
20856.08 13218.90 
20866.08 13218.69 
20876.08 13218.50 
20886.08 13218.31 
20896.08 13218.14 
20906.08 13217.99 
20916.09 13217.85 
20926.09 13217.74 
20936.09 13217.65 
20946.09 13217.58 
20956.09 13217.55 
20966.09 13217.54 
20976.09 13217.57 
20986.09 13217.63 
20996.09 13217.73 
21006.09 13217.88 
21016.09 13218.06 
21026.09 13218.29 
21036.09 13218.57 
21046.09 13218.90 
21056.09 13219.28 
21066.09 13219.72 
21076.09 13220.22 
21086.09 13220.77 
21096.09 13221.37 
21106.09 13222.03 
21116.09 13222.74 
21126.09 13223.49 
21136.09 13224.29 
21146.09 13225.13 
21156.10 13226.01 
21166.10 13226.93 
21176.10 13227.89 
21186.10 13228.88 
21196.10 13229.91 
21206.10 13230.96 
21216.10 13232.04 
21226.10 13233.15 
21236.10 13234.28 
21246.10 13235.43 
21256.10 13236.60 
21266.10 13237.79 
21276.10 13238.99 
21286.10 13240.21 
21296.10 13241.43 
21306.10 13242.67 
21316.10 13243.91 
21326.10 13245.15 
21336.10 13246.39 
21346.10 13247.64 
21356.10 13248.88 
21366.10 13250.11 
21376.10 13251.34 
21386.11 13252.56 
21396.11 13253.77 
21406.11 13254.97 
21416.11 13256.15 
21426.11 13257.31 
21436.11 13258.45 
21446.11 13259.56 
21456.11 13260.66 
21466.11 13261.73 
21476.11 13262.78 
21486.11 13263.80 
21496.11 13264.81 
21506.11 13265.80 
21516.11 13266.77 
21526.11 13267.72 
21536.11 13268.66 
21546.11 13269.59 
21556.11 13270.50 
21566.11 13271.40 
21576.11 13272.30 
21586.11 13273.18 
21596.11 13274.06 
21606.11 13274.93 
21616.11 13275.80 
21626.12 13276.67 
21636.12 13277.53 
21646.12 13278.40 
21656.12 13279.26 
21666.12 13280.13 
21676.12 13281.00 
21686.12 13281.87 
21696.12 13282.75 
21706.12 13283.64 
21716.12 13284.54 
21726.12 13285.44 
21736.12 13286.36 
21746.12 13287.29 
21756.12 13288.24 
21766.12 13289.20 
21776.12 13290.18 
21786.12 13291.17 
21796.12 13292.18 
21806.12 13293.21 
21816.12 13294.27 
21826.12 13295.34 
21836.12 13296.44 
21846.12 13297.56 
21856.13 13298.71 
21866.13 13299.89 
21876.13 13301.09 
21886.13 13302.32 
21896.13 13303.59 
21906.13 13304.88 
21916.13 13306.20 
21926.13 13307.56 
21936.13 13308.96 
21946.13 13310.39 
21956.13 13311.86 
21966.13 13313.36 
21976.13 13314.91 
21986.13 13316.49 
21996.13 13318.12 
22006.13 13319.79 
22016.13 13321.51 
22026.13 13323.26 
22036.13 13325.07 
22046.13 13326.92 
22056.13 13328.83 
22066.13 13330.78 
22076.13 13332.78 
22086.14 13334.84 
22096.14 13336.94 
22106.14 13339.09 
22116.14 13341.29 
22126.14 13343.53 
22136.14 13345.80 
22146.14 13348.10 
22156.14 13350.44 
22166.14 13352.80 
22176.14 13355.18 
22186.14 13357.58 
22196.14 13359.99 
22206.14 13362.42 
22216.14 13364.85 
22226.14 13367.29 
22236.14 13369.72 
22246.14 13372.16 
22256.14 13374.59 
22266.14 13377.00 
22276.14 13379.41 
22286.14 13381.80 
22296.14 13384.16 
22306.14 13386.50 
22316.14 13388.82 
22326.15 13391.10 
22336.15 13393.34 
22346.15 13395.55 
22356.15 13397.72 
22366.15 13399.84 
22376.15 13401.91 
22386.15 13403.93 
22396.15 13405.89 
22406.15 13407.79 
22416.15 13409.62 
22426.15 13411.39 
22436.15 13413.09 
22446.15 13414.72 
22456.15 13416.26 
22466.15 13417.73 
22476.15 13419.11 
22486.15 13420.40 
22496.15 13421.59 
22506.15 13422.70 
22516.15 13423.70 
22526.15 13424.60 
22536.15 13425.39 
22546.15 13426.08 
22556.16 13426.65 
22566.16 13427.10 
22576.16 13427.43 
22586.16 13427.64 
22596.16 13427.72 
22606.16 13427.66 
22616.16 13427.48 
22626.16 13427.15 
22636.16 13426.68 
22646.16 13426.07 
22656.16 13425.30 
22666.16 13424.39 
22676.16 13423.31 
22686.16 13422.08 
22696.16 13420.70 
22706.16 13419.19 
22716.16 13417.58 
22726.16 13415.88 
22736.16 13414.13 
22746.16 13412.33 
22756.16 13410.51 
22766.16 13408.70 
22776.16 13406.92 
22786.16 13405.18 
22796.17 13403.50 
22806.17 13401.92 
22816.17 13400.45 
22826.17 13399.12 
22836.17 13397.94 
22846.17 13396.93 
22856.17 13396.13 
22866.17 13395.54 
22876.17 13395.20 
22886.17 13395.12 
22896.17 13395.33 
22906.17 13395.84 
22916.17 13396.69 
22926.17 13397.88 
22936.17 13399.44 
22946.17 13401.40 
22956.17 13403.78 
22966.17 13406.59 
22976.17 13409.86 
22986.17 13413.61 
22996.17 13417.86 
23006.17 13422.64 
23016.17 13427.96 
23026.18 13433.82 
23036.18 13440.17 
23046.18 13446.94 
23056.18 13454.08 
23066.18 13461.54 
23076.18 13469.27 
23086.18 13477.20 
23096.18 13485.29 
23106.18 13493.47 
23116.18 13501.70 
23126.18 13509.91 
23136.18 13518.06 
23146.18 13526.08 
23156.18 13533.93 
23166.18 13541.54 
23176.18 13548.86 
23186.18 13555.84 
23196.18 13562.42 
23206.18 13568.55 
23216.18 13574.17 
23226.18 13579.22 
23236.18 13583.66 
23246.18 13587.42 
23256.19 13590.45 
23266.19 13592.70 
23276.19 13594.11 
23286.19 13594.62 
23296.19 13594.18 
23306.19 13592.74 
23316.19 13590.24 
23326.19 13586.62 
23336.19 13581.87 
23346.19 13576.08 
23356.19 13569.37 
23366.19 13561.86 
23376.19 13553.66 
23386.19 13544.88 
23396.19 13535.65 
23406.19 13526.07 
23416.19 13516.26 
23426.19 13506.34 
23436.19 13496.43 
23446.19 13486.64 
23456.19 13477.08 
23466.19 13467.87 
23476.19 13459.12 
23486.19 13450.96 
23496.20 13443.49 
23506.20 13436.76 
23516.20 13430.74 
23526.20 13425.43 
23536.20 13420.79 
23546.20 13416.81 
23556.20 13413.47 
23566.20 13410.75 
23576.20 13408.62 
23586.20 13407.08 
23596.20 13406.09 
23606.20 13405.64 
23616.20 13405.70 
23626.20 13406.27 
23636.20 13407.31 
23646.20 13408.80 
23656.20 13410.74 
23666.20 13413.09 
23676.20 13415.84 
23686.20 13418.97 
23696.20 13422.45 
23706.20 13426.27 
23716.20 13430.41 
23726.21 13434.84 
23736.21 13439.55 
23746.21 13444.52 
23756.21 13449.72 
23766.21 13455.14 
23776.21 13460.75 
23786.21 13466.54 
23796.21 13472.47 
23806.21 13478.52 
23816.21 13484.64 
23826.21 13490.82 
23836.21 13497.03 
23846.21 13503.22 
23856.21 13509.38 
23866.21 13515.47 
23876.21 13521.45 
23886.21 13527.31 
23896.21 13533.01 
23906.21 13538.52 
23916.21 13543.81 
23926.21 13548.85 
23936.21 13553.60 
23946.21 13558.05 
23956.21 13562.15 
23966.22 13565.92 
23976.22 13569.36 
23986.22 13572.47 
23996.22 13575.28 
24006.22 13577.77 
24016.22 13579.98 
24026.22 13581.90 
24036.22 13583.54 
24046.22 13584.91 
24056.22 13586.03 
24066.22 13586.89 
24076.22 13587.52 
24086.22 13587.91 
24096.22 13588.07 
24106.22 13588.02 
24116.22 13587.77 
24126.22 13587.32 
24136.22 13586.68 
24146.22 13585.86 
24156.22 13584.88 
24166.22 13583.73 
24176.22 13582.43 
24186.22 13580.98 
24196.23 13579.40 
24206.23 13577.70 
24216.23 13575.87 
24226.23 13573.94 
24236.23 13571.91 
24246.23 13569.79 
24256.23 13567.59 
24266.23 13565.32 
24276.23 13562.98 
24286.23 13560.59 
24296.23 13558.16 
24306.23 13555.68 
24316.23 13553.18 
24326.23 13550.66 
24336.23 13548.13 
24346.23 13545.60 
24356.23 13543.08 
24366.23 13540.57 
24376.23 13538.09 
24386.23 13535.64 
24396.23 13533.23 
24406.23 13530.88 
24416.23 13528.59 
24426.23 13526.36 
24436.24 13524.19 
24446.24 13522.09 
24456.24 13520.04 
24466.24 13518.06 
24476.24 13516.13 
24486.24 13514.27 
24496.24 13512.46 
24506.24 13510.71 
24516.24 13509.02 
24526.24 13507.38 
24536.24 13505.80 
24546.24 13504.27 
24556.24 13502.80 
24566.24 13501.39 
24576.24 13500.03 
24586.24 13498.72 
24596.24 13497.46 
24606.24 13496.25 
24616.24 13495.10 
24626.24 13493.99 
24636.24 13492.94 
24646.24 13491.93 
24656.24 13490.98 
24666.25 13490.07 
24676.25 13489.21 
24686.25 13488.39 
24696.25 13487.62 
24706.25 13486.90 
24716.25 13486.22 
24726.25 13485.59 
24736.25 13485.00 
24746.25 13484.45 
24756.25 13483.95 
24766.25 13483.49 
24776.25 13483.07 
24786.25 13482.69 
24796.25 13482.35 
24806.25 13482.05 
24816.25 13481.79 
24826.25 13481.56 
24836.25 13481.38 
24846.25 13481.23 
24856.25 13481.12 
24866.25 13481.04 
24876.25 13481.00 
24886.25 13480.99 
24896.26 13481.02 
24906.26 13481.08 
24916.26 13481.18 
24926.26 13481.30 
24936.26 13481.46 
24946.26 13481.65 
24956.26 13481.87 
24966.26 13482.11 
24976.26 13482.39 
24986.26 13482.70 
24996.26 13483.03 
25006.26 13483.39 
25016.26 13483.78 
25026.26 13484.20 
25036.26 13484.63 
25046.26 13485.10 
25056.26 13485.59 
25066.26 13486.10 
25076.26 13486.64 
25086.26 13487.19 
25096.26 13487.77 
25106.26 13488.37 
25116.26 13488.99 
25126.26 13489.64 
25136.27 13490.30 
25146.27 13490.98 
25156.27 13491.67 
25166.27 13492.39 
25176.27 13493.12 
25186.27 13493.87 
25196.27 13494.63 
25206.27 13495.42 
25216.27 13496.21 
25226.27 13497.03 
25236.27 13497.86 
25246.27 13498.70 
25256.27 13499.56 
25266.27 13500.43 
25276.27 13501.33 
25286.27 13502.23 
25296.27 13503.15 
25306.27 13504.08 
25316.27 13505.03 
25326.27 13505.99 
25336.27 13506.97 
25346.27 13507.96 
25356.27 13508.96 
25366.28 13509.98 
25376.28 13511.01 
25386.28 13512.05 
25396.28 13513.11 
25406.28 13514.18 
25416.28 13515.26 
25426.28 13516.35 
25436.28 13517.45 
25446.28 13518.57 
25456.28 13519.70 
25466.28 13520.84 
25476.28 13521.99 
25486.28 13523.15 
25496.28 13524.32 
25506.28 13525.50 
25516.28 13526.70 
25526.28 13527.90 
25536.28 13529.11 
25546.28 13530.34 
25556.28 13531.57 
25566.28 13532.82 
25576.28 13534.07 
25586.28 13535.33 
25596.28 13536.60 
25606.29 13537.88 
25616.29 13539.17 
25626.29 13540.47 
25636.29 13541.77 
25646.29 13543.08 
25656.29 13544.40 
25666.29 13545.73 
25676.29 13547.07 
25686.29 13548.41 
25696.29 13549.76 
25706.29 13551.12 
25716.29 13552.48 
25726.29 13553.85 
25736.29 13555.23 
25746.29 13556.62 
25756.29 13558.00 
25766.29 13559.40 
25776.29 13560.80 
25786.29 13562.21 
25796.29 13563.62 
25806.29 13565.04 
25816.29 13566.46 
25826.29 13567.88 
25836.30 13569.31 
25846.30 13570.75 
25856.30 13572.19 
25866.30 13573.64 
25876.30 13575.09 
25886.30 13576.55 
25896.30 13578.01 
25906.30 13579.48 
25916.30 13580.96 
25926.30 13582.44 
25936.30 13583.93 
25946.30 13585.43 
25956.30 13586.94 
25966.30 13588.46 
25976.30 13589.99 
25986.30 13591.52 
25996.30 13593.07 
26006.30 13594.62 
26016.30 13596.18 
26026.30 13597.76 
26036.30 13599.34 
26046.30 13600.94 
26056.30 13602.55 
26066.31 13604.17 
26076.31 13605.80 
26086.31 13607.44 
26096.31 13609.10 
26106.31 13610.77 
26116.31 13612.45 
26126.31 13614.15 
26136.31 13615.86 
26146.31 13617.58 
26156.31 13619.32 
26166.31 13621.08 
26176.31 13622.85 
26186.31 13624.63 
26196.31 13626.43 
26206.31 13628.25 
26216.31 13630.08 
26226.31 13631.93 
26236.31 13633.80 
26246.31 13635.68 
26256.31 13637.58 
26266.31 13639.51 
26276.31 13641.46 
26286.31 13643.45 
26296.31 13645.46 
26306.32 13647.51 
26316.32 13649.59 
26326.32 13651.72 
26336.32 13653.89 
26346.32 13656.11 
26356.32 13658.38 
26366.32 13660.71 
26376.32 13663.09 
26386.32 13665.53 
26396.32 13668.03 
26406.32 13670.60 
26416.32 13673.23 
26426.32 13675.94 
26436.32 13678.73 
26446.32 13681.59 
26456.32 13684.53 
26466.32 13687.56 
26476.32 13690.67 
26486.32 13693.88 
26496.32 13697.18 
26506.32 13700.58 
26516.32 13704.07 
26526.32 13707.67 
26536.33 13711.37 
26546.33 13715.19 
26556.33 13719.11 
26566.33 13723.15 
26576.33 13727.31 
26586.33 13731.59 
26596.33 13735.99 
26606.33 13740.52 
26616.33 13745.18 
26626.33 13749.98 
26636.33 13754.91 
26646.33 13759.98 
26656.33 13765.20 
26666.33 13770.55 
26676.33 13776.03 
26686.33 13781.63 
26696.33 13787.34 
26706.33 13793.14 
26716.33 13799.04 
26726.33 13805.02 
26736.33 13811.06 
26746.33 13817.17 
26756.33 13823.33 
26766.33 13829.53 
26776.34 13835.76 
26786.34 13842.02 
26796.34 13848.28 
26806.34 13854.55 
26816.34 13860.82 
26826.34 13867.06 
26836.34 13873.28 
26846.34 13879.47 
26856.34 13885.60 
26866.34 13891.69 
26876.34 13897.70 
26886.34 13903.65 
26896.34 13909.51 
26906.34 13915.27 
26916.34 13920.93 
26926.34 13926.48 
26936.34 13931.91 
26946.34 13937.20 
26956.34 13942.35 
26966.34 13947.35 
26976.34 13952.19 
26986.34 13956.86 
26996.34 13961.36 
27006.35 13965.71 
27016.35 13969.89 
27026.35 13973.92 
27036.35 13977.79 
27046.35 13981.52 
27056.35 13985.09 
27066.35 13988.52 
27076.35 13991.81 
27086.35 13994.96 
27096.35 13997.98 
27106.35 14000.86 
27116.35 14003.61 
27126.35 14006.23 
27136.35 14008.74 
27146.35 14011.12 
27156.35 14013.38 
27166.35 14015.52 
27176.35 14017.56 
27186.35 14019.48 
27196.35 14021.30 
27206.35 14023.02 
27216.35 14024.63 
27226.35 14026.15 
27236.35 14027.57 
27246.36 14028.91 
27256.36 14030.15 
27266.36 14031.31 
27276.36 14032.38 
27286.36 14033.37 
27296.36 14034.29 
27306.36 14035.14 
27316.36 14035.91 
27326.36 14036.61 
27336.36 14037.25 
27346.36 14037.83 
27356.36 14038.35 
27366.36 14038.81 
27376.36 14039.22 
27386.36 14039.58 
27396.36 14039.89 
27406.36 14040.16 
27416.36 14040.38 
27426.36 14040.57 
27436.36 14040.72 
27446.36 14040.84 
27456.36 14040.93 
27466.36 14040.99 
27476.37 14041.03 
27486.37 14041.04 
27496.37 14041.04 
27506.37 14041.03 
27516.37 14041.00 
27526.37 14040.96 
27536.37 14040.92 
27546.37 14040.87 
27556.37 14040.82 
27566.37 14040.78 
27576.37 14040.73 
27586.37 14040.69 
27596.37 14040.64 
27606.37 14040.60 
27616.37 14040.57 
27626.37 14040.53 
27636.37 14040.50 
27646.37 14040.48 
27656.37 14040.46 
27666.37 14040.44 
27676.37 14040.44 
27686.37 14040.43 
27696.37 14040.44 
27706.38 14040.45 
27716.38 14040.47 
27726.38 14040.50 
27736.38 14040.54 
27746.38 14040.59 
27756.38 14040.65 
27766.38 14040.72 
27776.38 14040.80 
27786.38 14040.89 
27796.38 14041.00 
27806.38 14041.11 
27816.38 14041.25 
27826.38 14041.39 
27836.38 14041.55 
27846.38 14041.72 
27856.38 14041.91 
27866.38 14042.12 
27876.38 14042.34 
27886.38 14042.58 
27896.38 14042.84 
27906.38 14043.11 
27916.38 14043.40 
27926.38 14043.72 
27936.38 14044.05 
27946.39 14044.40 
27956.39 14044.77 
27966.39 14045.17 
27976.39 14045.58 
27986.39 14046.02 
27996.39 14046.48 
28006.39 14046.96 
28016.39 14047.47 
28026.39 14048.00 
28036.39 14048.56 
28046.39 14049.14 
28056.39 14049.74 
28066.39 14050.38 
28076.39 14051.04 
28086.39 14051.73 
28096.39 14052.44 
28106.39 14053.19 
28116.39 14053.96 
28126.39 14054.76 
28136.39 14055.59 
28146.39 14056.46 
28156.39 14057.35 
28166.39 14058.27 
28176.40 14059.23 
28186.40 14060.22 
28196.40 14061.24 
28206.40 14062.30 
28216.40 14063.38 
28226.40 14064.50 
28236.40 14065.65 
28246.40 14066.82 
28256.40 14068.03 
28266.40 14069.26 
28276.40 14070.52 
28286.40 14071.81 
28296.40 14073.13 
28306.40 14074.47 
28316.40 14075.84 
28326.40 14077.23 
28336.40 14078.65 
28346.40 14080.09 
28356.40 14081.55 
28366.40 14083.04 
28376.40 14084.55 
28386.40 14086.07 
28396.40 14087.63 
28406.40 14089.20 
28416.41 14090.79 
28426.41 14092.40 
28436.41 14094.02 
28446.41 14095.67 
28456.41 14097.33 
28466.41 14099.01 
28476.41 14100.71 
28486.41 14102.42 
28496.41 14104.14 
28506.41 14105.89 
28516.41 14107.64 
28526.41 14109.41 
28536.41 14111.19 
28546.41 14112.98 
28556.41 14114.78 
28566.41 14116.60 
28576.41 14118.42 
28586.41 14120.26 
28596.41 14122.10 
28606.41 14123.95 
28616.41 14125.81 
28626.41 14127.68 
28636.41 14129.55 
28646.42 14131.43 
28656.42 14133.32 
28666.42 14135.21 
28676.42 14137.10 
28686.42 14139.00 
28696.42 14140.90 
28706.42 14142.80 
28716.42 14144.71 
28726.42 14146.62 
28736.42 14148.53 
28746.42 14150.43 
28756.42 14152.34 
28766.42 14154.25 
28776.42 14156.15 
28786.42 14158.06 
28796.42 14159.96 
28806.42 14161.86 
28816.42 14163.75 
28826.42 14165.64 
28836.42 14167.52 
28846.42 14169.40 
28856.42 14171.27 
28866.42 14173.14 
28876.43 14175.00 
28886.43 14176.85 
28896.43 14178.69 
28906.43 14180.53 
28916.43 14182.36 
28926.43 14184.19 
28936.43 14186.01 
28946.43 14187.82 
28956.43 14189.63 
28966.43 14191.43 
28976.43 14193.23 
28986.43 14195.03 
28996.43 14196.82 
29006.43 14198.61 
29016.43 14200.39 
29026.43 14202.17 
29036.43 14203.95 
29046.43 14205.73 
29056.43 14207.50 
29066.43 14209.27 
29076.43 14211.04 
29086.43 14212.81 
29096.43 14214.58 
29106.43 14216.34 
29116.44 14218.11 
29126.44 14219.88 
29136.44 14221.64 
29146.44 14223.41 
29156.44 14225.18 
29166.44 14226.95 
29176.44 14228.71 
29186.44 14230.49 
29196.44 14232.26 
29206.44 14234.03 
29216.44 14235.81 
29226.44 14237.59 
29236.44 14239.38 
29246.44 14241.16 
29256.44 14242.95 
29266.44 14244.75 
29276.44 14246.55 
29286.44 14248.35 
29296.44 14250.16 
29306.44 14251.97 
29316.44 14253.79 
29326.44 14255.61 
29336.44 14257.44 
29346.45 14259.28 
29356.45 14261.12 
29366.45 14262.97 
29376.45 14264.82 
29386.45 14266.69 
29396.45 14268.56 
29406.45 14270.44 
29416.45 14272.33 
29426.45 14274.22 
29436.45 14276.13 
29446.45 14278.04 
29456.45 14279.97 
29466.45 14281.90 
29476.45 14283.84 
29486.45 14285.80 
29496.45 14287.76 
29506.45 14289.74 
29516.45 14291.72 
29526.45 14293.72 
29536.45 14295.73 
29546.45 14297.75 
29556.45 14299.78 
29566.45 14301.83 
29576.45 14303.89 
29586.46 14305.96 
29596.46 14308.05 
29606.46 14310.15 
29616.46 14312.26 
29626.46 14314.39 
29636.46 14316.53 
29646.46 14318.69 
29656.46 14320.87 
29666.46 14323.05 
29676.46 14325.26 
29686.46 14327.48 
29696.46 14329.72 
29706.46 14331.97 
29716.46 14334.24 
29726.46 14336.53 
29736.46 14338.83 
29746.46 14341.16 
29756.46 14343.50 
29766.46 14345.86 
29776.46 14348.24 
29786.46 14350.64 
29796.46 14353.05 
29806.46 14355.49 
29816.47 14357.94 
29826.47 14360.41 
29836.47 14362.90 
29846.47 14365.40 
29856.47 14367.92 
29866.47 14370.45 
29876.47 14373.00 
29886.47 14375.56 
29896.47 14378.14 
29906.47 14380.73 
29916.47 14383.34 
29926.47 14385.96 
29936.47 14388.59 
29946.47 14391.23 
29956.47 14393.89 
29966.47 14396.55 
29976.47 14399.23 
29986.47 14401.92 
29996.47 14404.61 
30006.47 14407.32 
30016.47 14410.03 
30026.47 14412.76 
30036.47 14415.49 
30046.48 14418.23 
30056.48 14420.98 
30066.48 14423.73 
30076.48 14426.49 
30086.48 14429.26 
30096.48 14432.03 
30106.48 14434.81 
30116.48 14437.59 
30126.48 14440.38 
30136.48 14443.17 
30146.48 14445.96 
30156.48 14448.75 
30166.48 14451.55 
30176.48 14454.36 
30186.48 14457.16 
30196.48 14459.96 
30206.48 14462.77 
30216.48 14465.57 
30226.48 14468.38 
30236.48 14471.18 
30246.48 14473.99 
30256.48 14476.79 
30266.48 14479.59 
30276.48 14482.39 
30286.49 14485.18 
30296.49 14487.98 
30306.49 14490.77 
30316.49 14493.55 
30326.49 14496.33 
30336.49 14499.11 
30346.49 14501.89 
30356.49 14504.66 
30366.49 14507.43 
30376.49 14510.19 
30386.49 14512.95 
30396.49 14515.71 
30406.49 14518.46 
30416.49 14521.20 
30426.49 14523.94 
30436.49 14526.68 
30446.49 14529.41 
30456.49 14532.13 
30466.49 14534.85 
30476.49 14537.57 
30486.49 14540.28 
30496.49 14542.98 
30506.49 14545.68 
30516.50 14548.37 
30526.50 14551.06 
30536.50 14553.73 
30546.50 14556.41 
30556.50 14559.07 
30566.50 14561.73 
30576.50 14564.39 
30586.50 14567.03 
30596.50 14569.67 
30606.50 14572.30 
30616.50 14574.92 
30626.50 14577.54 
30636.50 14580.15 
30646.50 14582.75 
30656.50 14585.35 
30666.50 14587.93 
30676.50 14590.51 
30686.50 14593.08 
30696.50 14595.64 
30706.50 14598.19 
30716.50 14600.73 
30726.50 14603.27 
30736.50 14605.79 
30746.50 14608.31 
30756.51 14610.82 
30766.51 14613.32 
30776.51 14615.80 
30786.51 14618.28 
30796.51 14620.75 
30806.51 14623.21 
30816.51 14625.66 
30826.51 14628.10 
30836.51 14630.53 
30846.51 14632.95 
30856.51 14635.36 
30866.51 14637.76 
30876.51 14640.15 
30886.51 14642.54 
30896.51 14644.91 
30906.51 14647.28 
30916.51 14649.64 
30926.51 14651.99 
30936.51 14654.33 
30946.51 14656.67 
30956.51 14659.00 
30966.51 14661.32 
30976.51 14663.64 
30986.52 14665.95 
30996.52 14668.25 
31006.52 14670.55 
31016.52 14672.85 
31026.52 14675.14 
31036.52 14677.42 
31046.52 14679.70 
31056.52 14681.98 
31066.52 14684.25 
31076.52 14686.52 
31086.52 14688.79 
31096.52 14691.05 
31106.52 14693.31 
31116.52 14695.57 
31126.52 14697.82 
31136.52 14700.08 
31146.52 14702.33 
31156.52 14704.58 
31166.52 14706.83 
31176.52 14709.08 
31186.52 14711.33 
31196.52 14713.58 
31206.52 14715.83 
31216.52 14718.08 
31226.53 14720.33 
31236.53 14722.58 
31246.53 14724.83 
31256.53 14727.08 
31266.53 14729.33 
31276.53 14731.59 
31286.53 14733.85 
31296.53 14736.11 
31306.53 14738.37 
31316.53 14740.64 
31326.53 14742.91 
31336.53 14745.19 
31346.53 14747.46 
31356.53 14749.75 
31366.53 14752.03 
31376.53 14754.32 
31386.53 14756.62 
31396.53 14758.92 
31406.53 14761.23 
31416.53 14763.54 
31426.53 14765.86 
31436.53 14768.18 
31446.53 14770.51 
31456.54 14772.85 
31466.54 14775.20 
31476.54 14777.55 
31486.54 14779.91 
31496.54 14782.28 
31506.54 14784.66 
31516.54 14787.04 
31526.54 14789.43 
31536.54 14791.83 
31546.54 14794.24 
31556.54 14796.64 
31566.54 14799.04 
31576.54 14801.43 
31586.54 14803.81 
31596.54 14806.18 
31606.54 14808.53 
31616.54 14810.86 
31626.54 14813.17 
31636.54 14815.45 
31646.54 14817.70 
31656.54 14819.91 
31666.54 14822.09 
31676.54 14824.22 
31686.55 14826.32 
31696.55 14828.36 
31706.55 14830.35 
31716.55 14832.29 
31726.55 14834.17 
31736.55 14835.99 
31746.55 14837.75 
31756.55 14839.44 
31766.55 14841.05 
31776.55 14842.60 
31786.55 14844.06 
31796.55 14845.44 
31806.55 14846.74 
31816.55 14847.95 
31826.55 14849.07 
31836.55 14850.09 
31846.55 14851.01 
31856.55 14851.84 
31866.55 14852.55 
31876.55 14853.16 
31886.55 14853.66 
31896.55 14854.04 
31906.55 14854.31 
31916.55 14854.46 
31926.56 14854.51 
31936.56 14854.44 
31946.56 14854.27 
31956.56 14854.00 
31966.56 14853.63 
31976.56 14853.17 
31986.56 14852.61 
31996.56 14851.96 
32006.56 14851.23 
32016.56 14850.41 
32026.56 14849.51 
32036.56 14848.54 
32046.56 14847.49 
32056.56 14846.37 
32066.56 14845.18 
32076.56 14843.92 
32086.56 14842.60 
32096.56 14841.22 
32106.56 14839.79 
32116.56 14838.30 
32126.56 14836.76 
32136.56 14835.17 
32146.56 14833.54 
32156.57 14831.86 
32166.57 14830.15 
32176.57 14828.40 
32186.57 14826.62 
32196.57 14824.80 
32206.57 14822.97 
32216.57 14821.10 
32226.57 14819.22 
32236.57 14817.31 
32246.57 14815.40 
32256.57 14813.47 
32266.57 14811.53 
32276.57 14809.58 
32286.57 14807.64 
32296.57 14805.69 
32306.57 14803.74 
32316.57 14801.80 
32326.57 14799.86 
32336.57 14797.92 
32346.57 14795.99 
32356.57 14794.07 
32366.57 14792.15 
32376.57 14790.25 
32386.57 14788.35 
32396.58 14786.47 
32406.58 14784.59 
32416.58 14782.73 
32426.58 14780.89 
32436.58 14779.06 
32446.58 14777.24 
32456.58 14775.44 
32466.58 14773.66 
32476.58 14771.90 
32486.58 14770.15 
32496.58 14768.43 
32506.58 14766.73 
32516.58 14765.06 
32526.58 14763.40 
32536.58 14761.77 
32546.58 14760.17 
32556.58 14758.60 
32566.58 14757.05 
32576.58 14755.53 
32586.58 14754.04 
32596.58 14752.58 
32606.58 14751.16 
32616.58 14749.77 
32626.59 14748.41 
32636.59 14747.08 
32646.59 14745.79 
32656.59 14744.52 
32666.59 14743.29 
32676.59 14742.09 
32686.59 14740.92 
32696.59 14739.78 
32706.59 14738.66 
32716.59 14737.58 
32726.59 14736.52 
32736.59 14735.49 
32746.59 14734.48 
32756.59 14733.50 
32766.59 14732.54 
32776.59 14731.61 
32786.59 14730.70 
32796.59 14729.81 
32806.59 14728.95 
32816.59 14728.10 
32826.59 14727.28 
32836.59 14726.47 
32846.59 14725.69 
32856.60 14724.92 
32866.60 14724.18 
32876.60 14723.45 
32886.60 14722.73 
32896.60 14722.03 
32906.60 14721.35 
32916.60 14720.68 
32926.60 14720.03 
32936.60 14719.39 
32946.60 14718.76 
32956.60 14718.14 
32966.60 14717.54 
32976.60 14716.94 
32986.60 14716.36 
32996.60 14715.78 
33006.60 14715.21 
33016.60 14714.66 
33026.60 14714.10 
33036.60 14713.56 
33046.60 14713.02 
33056.60 14712.49 
33066.60 14711.96 
33076.60 14711.44 
33086.60 14710.92 
33096.61 14710.40 
33106.61 14709.89 
33116.61 14709.38 
33126.61 14708.87 
33136.61 14708.36 
33146.61 14707.86 
33156.61 14707.36 
33166.61 14706.85 
33176.61 14706.35 
33186.61 14705.85 
33196.61 14705.35 
33206.61 14704.85 
33216.61 14704.35 
33226.61 14703.85 
33236.61 14703.35 
33246.61 14702.84 
33256.61 14702.34 
33266.61 14701.83 
33276.61 14701.31 
33286.61 14700.80 
33296.61 14700.28 
33306.61 14699.76 
33316.61 14699.24 
33326.62 14698.71 
33336.62 14698.17 
33346.62 14697.63 
33356.62 14697.09 
33366.62 14696.54 
33376.62 14695.98 
33386.62 14695.42 
33396.62 14694.85 
33406.62 14694.28 
33416.62 14693.69 
33426.62 14693.10 
33436.62 14692.50 
33446.62 14691.90 
33456.62 14691.30 
33466.62 14690.71 
33476.62 14690.12 
33486.62 14689.55 
33496.62 14689.00 
33506.62 14688.47 
33516.62 14687.97 
33526.62 14687.50 
33536.62 14687.06 
33546.62 14686.66 
33556.62 14686.31 
33566.63 14686.00 
33576.63 14685.75 
33586.63 14685.55 
33596.63 14685.41 
33606.63 14685.34 
33616.63 14685.34 
33626.63 14685.41 
33636.63 14685.56 
33646.63 14685.78 
33656.63 14686.10 
33666.63 14686.51 
33676.63 14687.01 
33686.63 14687.61 
33696.63 14688.31 
33706.63 14689.12 
33716.63 14690.03 
33726.63 14691.04 
33736.63 14692.16 
33746.63 14693.36 
33756.63 14694.66 
33766.63 14696.04 
33776.63 14697.51 
33786.63 14699.05 
33796.64 14700.67 
33806.64 14702.36 
33816.64 14704.12 
33826.64 14705.93 
33836.64 14707.81 
33846.64 14709.75 
33856.64 14711.74 
33866.64 14713.77 
33876.64 14715.85 
33886.64 14717.97 
33896.64 14720.12 
33906.64 14722.31 
33916.64 14724.53 
33926.64 14726.77 
33936.64 14729.04 
33946.64 14731.32 
33956.64 14733.62 
33966.64 14735.92 
33976.64 14738.24 
33986.64 14740.55 
33996.64 14742.86 
34006.64 14745.17 
34016.64 14747.47 
34026.64 14749.76 
34036.65 14752.03 
34046.65 14754.28 
34056.65 14756.50 
34066.65 14758.70 
34076.65 14760.86 
34086.65 14762.99 
34096.65 14765.08 
34106.65 14767.13 
34116.65 14769.13 
34126.65 14771.08 
34136.65 14772.97 
34146.65 14774.81 
34156.65 14776.58 
34166.65 14778.29 
34176.65 14779.92 
34186.65 14781.48 
34196.65 14782.97 
34206.65 14784.38 
34216.65 14785.70 
34226.65 14786.95 
34236.65 14788.11 
34246.65 14789.21 
34256.65 14790.22 
34266.66 14791.17 
34276.66 14792.04 
34286.66 14792.84 
34296.66 14793.57 
34306.66 14794.23 
34316.66 14794.83 
34326.66 14795.36 
34336.66 14795.83 
34346.66 14796.23 
34356.66 14796.57 
34366.66 14796.86 
34376.66 14797.08 
34386.66 14797.25 
34396.66 14797.35 
34406.66 14797.41 
34416.66 14797.41 
34426.66 14797.36 
34436.66 14797.26 
34446.66 14797.11 
34456.66 14796.91 
34466.66 14796.66 
34476.66 14796.37 
34486.66 14796.04 
34496.67 14795.66 
34506.67 14795.24 
34516.67 14794.78 
34526.67 14794.28 
34536.67 14793.74 
34546.67 14793.17 
34556.67 14792.57 
34566.67 14791.92 
34576.67 14791.25 
34586.67 14790.55 
34596.67 14789.82 
34606.67 14789.05 
34616.67 14788.26 
34626.67 14787.45 
34636.67 14786.61 
34646.67 14785.74 
34656.67 14784.85 
34666.67 14783.94 
34676.67 14783.01 
34686.67 14782.06 
34696.67 14781.10 
34706.67 14780.11 
34716.67 14779.11 
34726.67 14778.10 
34736.68 14777.07 
34746.68 14776.03 
34756.68 14774.98 
34766.68 14773.92 
34776.68 14772.85 
34786.68 14771.77 
34796.68 14770.69 
34806.68 14769.60 
34816.68 14768.50 
34826.68 14767.41 
34836.68 14766.31 
34846.68 14765.21 
34856.68 14764.11 
34866.68 14763.02 
34876.68 14761.93 
34886.68 14760.84 
34896.68 14759.75 
34906.68 14758.68 
34916.68 14757.61 
34926.68 14756.55 
34936.68 14755.50 
34946.68 14754.46 
34956.68 14753.44 
34966.69 14752.42 
34976.69 14751.43 
34986.69 14750.45 
34996.69 14749.48 
35006.69 14748.54 
35016.69 14747.61 
35026.69 14746.70 
35036.69 14745.82 
35046.69 14744.96 
35056.69 14744.12 
35066.69 14743.31 
35076.69 14742.52 
35086.69 14741.76 
35096.69 14741.03 
35106.69 14740.32 
35116.69 14739.64 
35126.69 14738.98 
35136.69 14738.36 
35146.69 14737.77 
35156.69 14737.20 
35166.69 14736.67 
35176.69 14736.16 
35186.69 14735.69 
35196.69 14735.25 
35206.70 14734.84 
35216.70 14734.47 
35226.70 14734.13 
35236.70 14733.82 
35246.70 14733.55 
35256.70 14733.31 
35266.70 14733.12 
35276.70 14732.95 
35286.70 14732.83 
35296.70 14732.74 
35306.70 14732.69 
35316.70 14732.68 
35326.70 14732.71 
35336.70 14732.78 
35346.70 14732.89 
35356.70 14733.04 
35366.70 14733.23 
35376.70 14733.47 
35386.70 14733.75 
35396.70 14734.07 
35406.70 14734.44 
35416.70 14734.85 
35426.70 14735.30 
35436.71 14735.81 
35446.71 14736.36 
35456.71 14736.95 
35466.71 14737.59 
35476.71 14738.29 
35486.71 14739.03 
35496.71 14739.82 
35506.71 14740.66 
35516.71 14741.55 
35526.71 14742.49 
35536.71 14743.47 
35546.71 14744.51 
35556.71 14745.59 
35566.71 14746.72 
35576.71 14747.89 
35586.71 14749.11 
35596.71 14750.38 
35606.71 14751.68 
35616.71 14753.03 
35626.71 14754.42 
35636.71 14755.85 
35646.71 14757.32 
35656.71 14758.84 
35666.72 14760.38 
35676.72 14761.97 
35686.72 14763.59 
35696.72 14765.25 
35706.72 14766.95 
35716.72 14768.68 
35726.72 14770.44 
35736.72 14772.24 
35746.72 14774.06 
35756.72 14775.92 
35766.72 14777.81 
35776.72 14779.73 
35786.72 14781.68 
35796.72 14783.66 
35806.72 14785.67 
35816.72 14787.70 
35826.72 14789.76 
35836.72 14791.84 
35846.72 14793.95 
35856.72 14796.08 
35866.72 14798.23 
35876.72 14800.40 
35886.72 14802.60 
35896.72 14804.82 
35906.73 14807.06 
35916.73 14809.31 
35926.73 14811.58 
35936.73 14813.88 
35946.73 14816.18 
35956.73 14818.51 
35966.73 14820.84 
35976.73 14823.20 
35986.73 14825.56 
35996.73 14827.94 
36006.73 14830.33 
36016.73 14832.73 
36026.73 14835.14 
36036.73 14837.57 
36046.73 14840.00 
36056.73 14842.43 
36066.73 14844.88 
36076.73 14847.33 
36086.73 14849.79 
36096.73 14852.25 
36106.73 14854.71 
36116.73 14857.18 
36126.73 14859.65 
36136.74 14862.13 
36146.74 14864.60 
36156.74 14867.08 
36166.74 14869.55 
36176.74 14872.03 
36186.74 14874.50 
36196.74 14876.98 
36206.74 14879.45 
36216.74 14881.92 
36226.74 14884.39 
36236.74 14886.86 
36246.74 14889.33 
36256.74 14891.79 
36266.74 14894.25 
36276.74 14896.70 
36286.74 14899.15 
36296.74 14901.59 
36306.74 14904.03 
36316.74 14906.46 
36326.74 14908.89 
36336.74 14911.31 
36346.74 14913.72 
36356.74 14916.12 
36366.74 14918.52 
36376.75 14920.91 
36386.75 14923.29 
36396.75 14925.66 
36406.75 14928.01 
36416.75 14930.36 
36426.75 14932.70 
36436.75 14935.03 
36446.75 14937.35 
36456.75 14939.65 
36466.75 14941.94 
36476.75 14944.22 
36486.75 14946.48 
36496.75 14948.73 
36506.75 14950.97 
36516.75 14953.19 
36526.75 14955.40 
36536.75 14957.59 
36546.75 14959.77 
36556.75 14961.93 
36566.75 14964.07 
36576.75 14966.20 
36586.75 14968.31 
36596.75 14970.40 
36606.76 14972.48 
36616.76 14974.54 
36626.76 14976.58 
36636.76 14978.61 
36646.76 14980.63 
36656.76 14982.63 
36666.76 14984.62 
36676.76 14986.60 
36686.76 14988.56 
36696.76 14990.52 
36706.76 14992.46 
36716.76 14994.39 
36726.76 14996.31 
36736.76 14998.22 
36746.76 15000.12 
36756.76 15002.02 
36766.76 15003.90 
36776.76 15005.78 
36786.76 15007.65 
36796.76 15009.51 
36806.76 15011.37 
36816.76 15013.22 
36826.76 15015.07 
36836.76 15016.91 
36846.77 15018.74 
36856.77 15020.58 
36866.77 15022.41 
36876.77 15024.23 
36886.77 15026.06 
36896.77 15027.88 
36906.77 15029.70 
36916.77 15031.52 
36926.77 15033.34 
36936.77 15035.15 
36946.77 15036.97 
36956.77 15038.79 
36966.77 15040.62 
36976.77 15042.44 
36986.77 15044.27 
36996.77 15046.10 
37006.77 15047.93 
37016.77 15049.77 
37026.77 15051.61 
37036.77 15053.45 
37046.77 15055.30 
37056.77 15057.16 
37066.77 15059.03 
37076.78 15060.90 
37086.78 15062.77 
37096.78 15064.66 
37106.78 15066.55 
37116.78 15068.46 
37126.78 15070.37 
37136.78 15072.29 
37146.78 15074.22 
37156.78 15076.17 
37166.78 15078.12 
37176.78 15080.08 
37186.78 15082.05 
37196.78 15084.03 
37206.78 15086.02 
37216.78 15088.01 
37226.78 15090.00 
37236.78 15092.00 
37246.78 15094.00 
37256.78 15095.99 
37266.78 15097.99 
37276.78 15099.99 
37286.78 15101.99 
37296.78 15103.98 
37306.79 15105.97 
37316.79 15107.95 
37326.79 15109.93 
37336.79 15111.89 
37346.79 15113.85 
37356.79 15115.80 
37366.79 15117.74 
37376.79 15119.67 
37386.79 15121.58 
37396.79 15123.48 
37406.79 15125.37 
37416.79 15127.23 
37426.79 15129.09 
37436.79 15130.93 
37446.79 15132.75 
37456.79 15134.56 
37466.79 15136.36 
37476.79 15138.15 
37486.79 15139.93 
37496.79 15141.69 
37506.79 15143.45 
37516.79 15145.19 
37526.79 15146.93 
37536.79 15148.66 
37546.80 15150.38 
37556.80 15152.09 
37566.80 15153.80 
37576.80 15155.50 
37586.80 15157.20 
37596.80 15158.89 
37606.80 15160.58 
37616.80 15162.27 
37626.80 15163.95 
37636.80 15165.63 
37646.80 15167.31 
37656.80 15168.99 
37666.80 15170.67 
37676.80 15172.35 
37686.80 15174.04 
37696.80 15175.72 
37706.80 15177.41 
37716.80 15179.10 
37726.80 15180.79 
37736.80 15182.49 
37746.80 15184.19 
37756.80 15185.90 
37766.80 15187.61 
37776.81 15189.34 
37786.81 15191.07 
37796.81 15192.81 
37806.81 15194.55 
37816.81 15196.31 
37826.81 15198.08 
37836.81 15199.86 
37846.81 15201.64 
37856.81 15203.44 
37866.81 15205.25 
37876.81 15207.06 
37886.81 15208.87 
37896.81 15210.69 
37906.81 15212.51 
37916.81 15214.32 
37926.81 15216.13 
37936.81 15217.93 
37946.81 15219.73 
37956.81 15221.51 
37966.81 15223.29 
37976.81 15225.05 
37986.81 15226.79 
37996.81 15228.52 
38006.81 15230.23 
38016.82 15231.91 
38026.82 15233.58 
38036.82 15235.21 
38046.82 15236.82 
38056.82 15238.41 
38066.82 15239.96 
38076.82 15241.47 
38086.82 15242.96 
38096.82 15244.40 
38106.82 15245.81 
38116.82 15247.18 
38126.82 15248.50 
38136.82 15249.79 
38146.82 15251.04 
38156.82 15252.24 
38166.82 15253.41 
38176.82 15254.54 
38186.82 15255.63 
38196.82 15256.68 
38206.82 15257.69 
38216.82 15258.67 
38226.82 15259.60 
38236.82 15260.50 
38246.83 15261.37 
38256.83 15262.19 
38266.83 15262.98 
38276.83 15263.73 
38286.83 15264.45 
38296.83 15265.13 
38306.83 15265.77 
38316.83 15266.38 
38326.83 15266.95 
38336.83 15267.49 
38346.83 15268.00 
38356.83 15268.47 
38366.83 15268.90 
38376.83 15269.30 
38386.83 15269.67 
38396.83 15270.01 
38406.83 15270.31 
38416.83 15270.58 
38426.83 15270.81 
38436.83 15271.02 
38446.83 15271.19 
38456.83 15271.33 
38466.83 15271.45 
38476.84 15271.54 
38486.84 15271.60 
38496.84 15271.64 
38506.84 15271.65 
38516.84 15271.64 
38526.84 15271.61 
38536.84 15271.56 
38546.84 15271.49 
38556.84 15271.41 
38566.84 15271.30 
38576.84 15271.19 
38586.84 15271.06 
38596.84 15270.91 
38606.84 15270.76 
38616.84 15270.59 
38626.84 15270.42 
38636.84 15270.24 
38646.84 15270.05 
38656.84 15269.86 
38666.84 15269.66 
38676.84 15269.46 
38686.84 15269.26 
38696.84 15269.06 
38706.84 15268.85 
38716.85 15268.66 
38726.85 15268.46 
38736.85 15268.27 
38746.85 15268.09 
38756.85 15267.91 
38766.85 15267.74 
38776.85 15267.58 
38786.85 15267.43 
38796.85 15267.29 
38806.85 15267.17 
38816.85 15267.06 
38826.85 15266.97 
38836.85 15266.89 
38846.85 15266.83 
38856.85 15266.79 
38866.85 15266.77 
38876.85 15266.77 
38886.85 15266.80 
38896.85 15266.85 
38906.85 15266.93 
38916.85 15267.03 
38926.85 15267.16 
38936.85 15267.32 
38946.86 15267.51 
38956.86 15267.73 
38966.86 15267.98 
38976.86 15268.26 
38986.86 15268.58 
38996.86 15268.93 
39006.86 15269.32 
39016.86 15269.74 
39026.86 15270.19 
39036.86 15270.69 
39046.86 15271.21 
39056.86 15271.78 
39066.86 15272.39 
39076.86 15273.03 
39086.86 15273.72 
39096.86 15274.44 
39106.86 15275.21 
39116.86 15276.02 
39126.86 15276.87 
39136.86 15277.76 
39146.86 15278.70 
39156.86 15279.69 
39166.86 15280.72 
39176.86 15281.79 
39186.87 15282.91 
39196.87 15284.08 
39206.87 15285.30 
39216.87 15286.57 
39226.87 15287.89 
39236.87 15289.25 
39246.87 15290.67 
39256.87 15292.14 
39266.87 15293.65 
39276.87 15295.20 
39286.87 15296.79 
39296.87 15298.42 
39306.87 15300.09 
39316.87 15301.80 
39326.87 15303.53 
39336.87 15305.30 
39346.87 15307.09 
39356.87 15308.91 
39366.87 15310.75 
39376.87 15312.61 
39386.87 15314.49 
39396.87 15316.39 
39406.87 15318.30 
39416.88 15320.22 
39426.88 15322.16 
39436.88 15324.10 
39446.88 15326.05 
39456.88 15328.00 
39466.88 15329.95 
39476.88 15331.90 
39486.88 15333.85 
39496.88 15335.79 
39506.88 15337.73 
39516.88 15339.65 
39526.88 15341.57 
39536.88 15343.47 
39546.88 15345.35 
39556.88 15347.21 
39566.88 15349.05 
39576.88 15350.87 
39586.88 15352.67 
39596.88 15354.44 
39606.88 15356.17 
39616.88 15357.88 
39626.88 15359.56 
39636.88 15361.22 
39646.88 15362.85 
39656.89 15364.48 
39666.89 15366.09 
39676.89 15367.70 
39686.89 15369.31 
39696.89 15370.93 
39706.89 15372.55 
39716.89 15374.19 
39726.89 15375.84 
39736.89 15377.52 
39746.89 15379.22 
39756.89 15380.96 
39766.89 15382.73 
39776.89 15384.54 
39786.89 15386.40 
39796.89 15388.30 
39806.89 15390.26 
39816.89 15392.28 
39826.89 15394.36 
39836.89 15396.51 
39846.89 15398.73 
39856.89 15401.03 
39866.89 15403.41 
39876.89 15405.87 
39886.90 15408.43 
39896.90 15411.08 
39906.90 15413.83 
39916.90 15416.68 
39926.90 15419.64 
39936.90 15422.71 
39946.90 15425.90 
39956.90 15429.21 
39966.90 15432.65 
39976.90 15436.22 
39986.90 15439.92 
39996.90 15443.76 
40006.90 15447.71 
40016.90 15451.77 
40026.90 15455.92 
40036.90 15460.16 
40046.90 15464.46 
40056.90 15468.82 
40066.90 15473.22 
40076.90 15477.65 
40086.90 15482.10 
40096.90 15486.55 
40106.90 15491.00 
40116.91 15495.43 
40126.91 15499.83 
40136.91 15504.18 
40146.91 15508.47 
40156.91 15512.70 
40166.91 15516.84 
40176.91 15520.89 
40186.91 15524.83 
40196.91 15528.65 
40206.91 15532.34 
40216.91 15535.89 
40226.91 15539.28 
40236.91 15542.50 
40246.91 15545.53 
40256.91 15548.38 
40266.91 15551.05 
40276.91 15553.56 
40286.91 15555.90 
40296.91 15558.11 
40306.91 15560.18 
40316.91 15562.12 
40326.91 15563.95 
40336.91 15565.68 
40346.91 15567.32 
40356.92 15568.88 
40366.92 15570.37 
40376.92 15571.80 
40386.92 15573.18 
40396.92 15574.53 
40406.92 15575.84 
40416.92 15577.15 
40426.92 15578.44 
40436.92 15579.74 
40446.92 15581.06 
40456.92 15582.40 
40466.92 15583.76 
40476.92 15585.15 
40486.92 15586.55 
40496.92 15587.97 
40506.92 15589.42 
40516.92 15590.89 
40526.92 15592.38 
40536.92 15593.89 
40546.92 15595.42 
40556.92 15596.98 
40566.92 15598.55 
40576.92 15600.15 
40586.93 15601.77 
40596.93 15603.42 
40606.93 15605.08 
40616.93 15606.77 
40626.93 15608.48 
40636.93 15610.22 
40646.93 15611.98 
40656.93 15613.75 
40666.93 15615.55 
40676.93 15617.37 
40686.93 15619.21 
40696.93 15621.07 
40706.93 15622.95 
40716.93 15624.85 
40726.93 15626.76 
40736.93 15628.69 
40746.93 15630.64 
40756.93 15632.60 
40766.93 15634.58 
40776.93 15636.58 
40786.93 15638.58 
40796.93 15640.60 
40806.93 15642.64 
40816.93 15644.68 
40826.94 15646.74 
40836.94 15648.81 
40846.94 15650.89 
40856.94 15652.97 
40866.94 15655.07 
40876.94 15657.18 
40886.94 15659.29 
40896.94 15661.41 
40906.94 15663.54 
40916.94 15665.67 
40926.94 15667.81 
40936.94 15669.96 
40946.94 15672.10 
40956.94 15674.25 
40966.94 15676.40 
40976.94 15678.55 
40986.94 15680.70 
40996.94 15682.85 
41006.94 15684.99 
41016.94 15687.14 
41026.94 15689.27 
41036.94 15691.40 
41046.94 15693.53 
41056.95 15695.65 
41066.95 15697.76 
41076.95 15699.86 
41086.95 15701.95 
41096.95 15704.03 
41106.95 15706.10 
41116.95 15708.15 
41126.95 15710.19 
41136.95 15712.22 
41146.95 15714.23 
41156.95 15716.22 
41166.95 15718.20 
41176.95 15720.15 
41186.95 15722.09 
41196.95 15724.01 
41206.95 15725.90 
41216.95 15727.77 
41226.95 15729.62 
41236.95 15731.45 
41246.95 15733.25 
41256.95 15735.02 
41266.95 15736.77 
41276.95 15738.49 
41286.96 15740.18 
41296.96 15741.85 
41306.96 15743.49 
41316.96 15745.10 
41326.96 15746.69 
41336.96 15748.25 
41346.96 15749.78 
41356.96 15751.29 
41366.96 15752.77 
41376.96 15754.22 
41386.96 15755.64 
41396.96 15757.04 
41406.96 15758.40 
41416.96 15759.74 
41426.96 15761.06 
41436.96 15762.34 
41446.96 15763.60 
41456.96 15764.82 
41466.96 15766.02 
41476.96 15767.19 
41486.96 15768.34 
41496.96 15769.45 
41506.96 15770.53 
41516.96 15771.59 
41526.97 15772.62 
41536.97 15773.62 
41546.97 15774.58 
41556.97 15775.52 
41566.97 15776.44 
41576.97 15777.32 
41586.97 15778.17 
41596.97 15778.99 
41606.97 15779.78 
41616.97 15780.55 
41626.97 15781.28 
41636.97 15781.99 
41646.97 15782.66 
41656.97 15783.32 
41666.97 15783.94 
41676.97 15784.54 
41686.97 15785.12 
41696.97 15785.67 
41706.97 15786.20 
41716.97 15786.71 
41726.97 15787.19 
41736.97 15787.66 
41746.97 15788.10 
41756.98 15788.53 
41766.98 15788.93 
41776.98 15789.32 
41786.98 15789.69 
41796.98 15790.04 
41806.98 15790.38 
41816.98 15790.70 
41826.98 15791.01 
41836.98 15791.30 
41846.98 15791.58 
41856.98 15791.85 
41866.98 15792.11 
41876.98 15792.35 
41886.98 15792.59 
41896.98 15792.81 
41906.98 15793.03 
41916.98 15793.24 
41926.98 15793.44 
41936.98 15793.63 
41946.98 15793.82 
41956.98 15794.00 
41966.98 15794.17 
41976.98 15794.34 
41986.98 15794.50 
41996.99 15794.64 
42006.99 15794.78 
42016.99 15794.90 
42026.99 15795.01 
42036.99 15795.11 
42046.99 15795.19 
42056.99 15795.26 
42066.99 15795.31 
42076.99 15795.35 
42086.99 15795.37 
42096.99 15795.36 
42106.99 15795.34 
42116.99 15795.30 
42126.99 15795.23 
42136.99 15795.15 
42146.99 15795.04 
42156.99 15794.90 
42166.99 15794.75 
42176.99 15794.56 
42186.99 15794.35 
42196.99 15794.11 
42206.99 15793.84 
42216.99 15793.54 
42227.00 15793.22 
42237.00 15792.86 
42247.00 15792.48 
42257.00 15792.07 
42267.00 15791.64 
42277.00 15791.18 
42287.00 15790.70 
42297.00 15790.20 
42307.00 15789.68 
42317.00 15789.14 
42327.00 15788.58 
42337.00 15788.01 
42347.00 15787.42 
42357.00 15786.81 
42367.00 15786.19 
42377.00 15785.56 
42387.00 15784.92 
42397.00 15784.26 
42407.00 15783.60 
42417.00 15782.93 
42427.00 15782.25 
42437.00 15781.57 
42447.00 15780.88 
42457.01 15780.19 
42467.01 15779.50 
42477.01 15778.80 
42487.01 15778.11 
42497.01 15777.42 
42507.01 15776.73 
42517.01 15776.04 
42527.01 15775.36 
42537.01 15774.68 
42547.01 15774.01 
42557.01 15773.35 
42567.01 15772.69 
42577.01 15772.05 
42587.01 15771.42 
42597.01 15770.80 
42607.01 15770.19 
42617.01 15769.60 
42627.01 15769.02 
42637.01 15768.46 
42647.01 15767.92 
42657.01 15767.39 
42667.01 15766.89 
42677.01 15766.40 
42687.01 15765.92 
42697.02 15765.47 
42707.02 15765.03 
42717.02 15764.61 
42727.02 15764.20 
42737.02 15763.82 
42747.02 15763.45 
42757.02 15763.10 
42767.02 15762.77 
42777.02 15762.45 
42787.02 15762.16 
42797.02 15761.88 
42807.02 15761.62 
42817.02 15761.38 
42827.02 15761.15 
42837.02 15760.95 
42847.02 15760.76 
42857.02 15760.59 
42867.02 15760.44 
42877.02 15760.31 
42887.02 15760.20 
42897.02 15760.11 
42907.02 15760.03 
42917.02 15759.98 
42927.03 15759.94 
42937.03 15759.92 
42947.03 15759.92 
42957.03 15759.95 
42967.03 15759.98 
42977.03 15760.04 
42987.03 15760.11 
42997.03 15760.19 
43007.03 15760.29 
43017.03 15760.40 
43027.03 15760.52 
43037.03 15760.65 
43047.03 15760.78 
43057.03 15760.93 
43067.03 15761.08 
43077.03 15761.23 
43087.03 15761.39 
43097.03 15761.55 
43107.03 15761.71 
43117.03 15761.87 
43127.03 15762.03 
43137.03 15762.19 
43147.03 15762.34 
43157.03 15762.49 
43167.04 15762.63 
43177.04 15762.77 
43187.04 15762.90 
43197.04 15763.01 
43207.04 15763.12 
43217.04 15763.21 
43227.04 15763.30 
43237.04 15763.36 
43247.04 15763.41 
43257.04 15763.45 
43267.04 15763.47 
43277.04 15763.46 
43287.04 15763.44 
43297.04 15763.40 
43307.04 15763.33 
43317.04 15763.24 
43327.04 15763.12 
43337.04 15762.98 
43347.04 15762.81 
43357.04 15762.62 
43367.04 15762.39 
43377.04 15762.13 
43387.04 15761.84 
43397.05 15761.52 
43407.05 15761.18 
43417.05 15760.81 
43427.05 15760.42 
43437.05 15760.02 
43447.05 15759.60 
43457.05 15759.17 
43467.05 15758.72 
43477.05 15758.28 
43487.05 15757.82 
43497.05 15757.37 
43507.05 15756.92 
43517.05 15756.47 
43527.05 15756.03 
43537.05 15755.60 
43547.05 15755.18 
43557.05 15754.77 
43567.05 15754.38 
43577.05 15754.01 
43587.05 15753.65 
43597.05 15753.30 
43607.05 15752.97 
43617.05 15752.66 
43627.05 15752.36 
43637.06 15752.09 
43647.06 15751.83 
43657.06 15751.58 
43667.06 15751.36 
43677.06 15751.15 
43687.06 15750.97 
43697.06 15750.80 
43707.06 15750.65 
43717.06 15750.53 
43727.06 15750.42 
43737.06 15750.34 
43747.06 15750.28 
43757.06 15750.24 
43767.06 15750.22 
43777.06 15750.23 
43787.06 15750.26 
43797.06 15750.31 
43807.06 15750.39 
43817.06 15750.50 
43827.06 15750.62 
43837.06 15750.78 
43847.06 15750.96 
43857.06 15751.16 
43867.07 15751.39 
43877.07 15751.65 
43887.07 15751.93 
43897.07 15752.24 
43907.07 15752.58 
43917.07 15752.94 
43927.07 15753.33 
43937.07 15753.75 
43947.07 15754.19 
43957.07 15754.65 
43967.07 15755.15 
43977.07 15755.67 
43987.07 15756.21 
43997.07 15756.79 
44007.07 15757.39 
44017.07 15758.01 
44027.07 15758.66 
44037.07 15759.34 
44047.07 15760.05 
44057.07 15760.78 
44067.07 15761.54 
44077.07 15762.32 
44087.07 15763.13 
44097.08 15763.97 
44107.08 15764.83 
44117.08 15765.72 
44127.08 15766.64 
44137.08 15767.59 
44147.08 15768.56 
44157.08 15769.56 
44167.08 15770.58 
44177.08 15771.64 
44187.08 15772.72 
44197.08 15773.83 
44207.08 15774.96 
44217.08 15776.13 
44227.08 15777.32 
44237.08 15778.55 
44247.08 15779.80 
44257.08 15781.08 
44267.08 15782.39 
44277.08 15783.74 
44287.08 15785.11 
44297.08 15786.51 
44307.08 15787.94 
44317.08 15789.41 
44327.08 15790.90 
44337.09 15792.43 
44347.09 15793.98 
44357.09 15795.57 
44367.09 15797.19 
44377.09 15798.84 
44387.09 15800.52 
44397.09 15802.23 
44407.09 15803.97 
44417.09 15805.73 
44427.09 15807.51 
44437.09 15809.32 
44447.09 15811.14 
44457.09 15812.99 
44467.09 15814.84 
44477.09 15816.72 
44487.09 15818.61 
44497.09 15820.51 
44507.09 15822.42 
44517.09 15824.34 
44527.09 15826.26 
44537.09 15828.20 
44547.09 15830.13 
44557.09 15832.07 
44567.10 15834.01 
44577.10 15835.95 
44587.10 15837.88 
44597.10 15839.81 
44607.10 15841.74 
44617.10 15843.66 
44627.10 15845.57 
44637.10 15847.47 
44647.10 15849.35 
44657.10 15851.23 
44667.10 15853.09 
44677.10 15854.94 
44687.10 15856.77 
44697.10 15858.60 
44707.10 15860.41 
44717.10 15862.21 
44727.10 15863.99 
44737.10 15865.77 
44747.10 15867.53 
44757.10 15869.28 
44767.10 15871.01 
44777.10 15872.74 
44787.10 15874.45 
44797.10 15876.16 
44807.11 15877.86 
44817.11 15879.55 
44827.11 15881.25 
44837.11 15882.95 
44847.11 15884.65 
44857.11 15886.35 
44867.11 15888.06 
44877.11 15889.79 
44887.11 15891.52 
44897.11 15893.27 
44907.11 15895.03 
44917.11 15896.81 
44927.11 15898.62 
44937.11 15900.44 
44947.11 15902.30 
44957.11 15904.17 
44967.11 15906.08 
44977.11 15908.02 
44987.11 15910.00 
44997.11 15912.01 
45007.11 15914.05 
45017.11 15916.14 
45027.11 15918.28 
45037.12 15920.45 
45047.12 15922.65 
45057.12 15924.88 
45067.12 15927.14 
45077.12 15929.42 
45087.12 15931.71 
45097.12 15934.01 
45107.12 15936.31 
45117.12 15938.61 
45127.12 15940.91 
45137.12 15943.20 
45147.12 15945.47 
45157.12 15947.72 
45167.12 15949.94 
45177.12 15952.14 
45187.12 15954.30 
45197.12 15956.42 
45207.12 15958.51 
45217.12 15960.58 
45227.12 15962.62 
45237.12 15964.65 
45247.12 15966.66 
45257.12 15968.66 
45267.13 15970.65 
45277.13 15972.63 
45287.13 15974.62 
45297.13 15976.61 
45307.13 15978.61 
45317.13 15980.62 
45327.13 15982.64 
45337.13 15984.69 
45347.13 15986.76 
45357.13 15988.85 
45367.13 15990.98 
45377.13 15993.14 
45387.13 15995.34 
45397.13 15997.58 
45407.13 15999.87 
45417.13 16002.20 
45427.13 16004.60 
45437.13 16007.04 
45447.13 16009.53 
45457.13 16012.07 
45467.13 16014.64 
45477.13 16017.25 
45487.13 16019.89 
45497.13 16022.57 
45507.14 16025.26 
45517.14 16027.98 
45527.14 16030.71 
45537.14 16033.45 
45547.14 16036.21 
45557.14 16038.97 
45567.14 16041.72 
45577.14 16044.48 
45587.14 16047.23 
45597.14 16049.96 
45607.14 16052.68 
45617.14 16055.39 
45627.14 16058.06 
45637.14 16060.72 
45647.14 16063.34 
45657.14 16065.92 
45667.14 16068.47 
45677.14 16070.98 
45687.14 16073.46 
45697.14 16075.91 
45707.14 16078.33 
45717.14 16080.72 
45727.14 16083.09 
45737.15 16085.44 
45747.15 16087.77 
45757.15 16090.09 
45767.15 16092.40 
45777.15 16094.70 
45787.15 16096.99 
45797.15 16099.28 
45807.15 16101.57 
45817.15 16103.86 
45827.15 16106.16 
45837.15 16108.47 
45847.15 16110.79 
45857.15 16113.12 
45867.15 16115.48 
45877.15 16117.85 
45887.15 16120.24 
45897.15 16122.66 
45907.15 16125.11 
45917.15 16127.59 
45927.15 16130.10 
45937.15 16132.65 
45947.15 16135.24 
45957.15 16137.88 
45967.15 16140.56 
45977.16 16143.28 
45987.16 16146.06 
45997.16 16148.87 
46007.16 16151.72 
46017.16 16154.60 
46027.16 16157.50 
46037.16 16160.43 
46047.16 16163.38 
46057.16 16166.34 
46067.16 16169.30 
46077.16 16172.27 
46087.16 16175.24 
46097.16 16178.20 
46107.16 16181.14 
46117.16 16184.08 
46127.16 16186.99 
46137.16 16189.87 
46147.16 16192.73 
46157.16 16195.55 
46167.16 16198.33 
46177.16 16201.06 
46187.16 16203.75 
46197.16 16206.38 
46207.17 16208.95 
46217.17 16211.46 
46227.17 16213.90 
46237.17 16216.27 
46247.17 16218.56 
46257.17 16220.77 
46267.17 16222.89 
46277.17 16224.93 
46287.17 16226.90 
46297.17 16228.81 
46307.17 16230.66 
46317.17 16232.46 
46327.17 16234.21 
46337.17 16235.93 
46347.17 16237.62 
46357.17 16239.29 
46367.17 16240.95 
46377.17 16242.60 
46387.17 16244.25 
46397.17 16245.90 
46407.17 16247.57 
46417.17 16249.27 
46427.17 16250.99 
46437.17 16252.75 
46447.18 16254.55 
46457.18 16256.40 
46467.18 16258.31 
46477.18 16260.29 
46487.18 16262.34 
46497.18 16264.47 
46507.18 16266.68 
46517.18 16268.99 
46527.18 16271.40 
46537.18 16273.92 
46547.18 16276.56 
46557.18 16279.31 
46567.18 16282.18 
46577.18 16285.14 
46587.18 16288.19 
46597.18 16291.30 
46607.18 16294.47 
46617.18 16297.68 
46627.18 16300.90 
46637.18 16304.14 
46647.18 16307.37 
46657.18 16310.58 
46667.18 16313.75 
46677.19 16316.87 
46687.19 16319.93 
46697.19 16322.92 
46707.19 16325.86 
46717.19 16328.73 
46727.19 16331.55 
46737.19 16334.31 
46747.19 16337.03 
46757.19 16339.70 
46767.19 16342.32 
46777.19 16344.90 
46787.19 16347.44 
46797.19 16349.95 
46807.19 16352.42 
46817.19 16354.86 
46827.19 16357.27 
46837.19 16359.66 
46847.19 16362.03 
46857.19 16364.37 
46867.19 16366.70 
46877.19 16369.02 
46887.19 16371.32 
46897.19 16373.61 
46907.20 16375.90 
46917.20 16378.19 
46927.20 16380.48 
46937.20 16382.76 
46947.20 16385.06 
46957.20 16387.36 
46967.20 16389.67 
46977.20 16392.00 
46987.20 16394.34 
46997.20 16396.71 
47007.20 16399.09 
47017.20 16401.50 
47027.20 16403.94 
47037.20 16406.40 
47047.20 16408.90 
47057.20 16411.44 
47067.20 16414.02 
47077.20 16416.63 
47087.20 16419.29 
47097.20 16422.00 
47107.20 16424.76 
47117.20 16427.57 
47127.20 16430.44 
47137.20 16433.36 
47147.21 16436.35 
47157.21 16439.39 
47167.21 16442.49 
47177.21 16445.64 
47187.21 16448.84 
47197.21 16452.09 
47207.21 16455.38 
47217.21 16458.72 
47227.21 16462.10 
47237.21 16465.52 
47247.21 16468.98 
47257.21 16472.46 
47267.21 16475.98 
47277.21 16479.53 
47287.21 16483.10 
47297.21 16486.70 
47307.21 16490.32 
47317.21 16493.96 
47327.21 16497.61 
47337.21 16501.28 
47347.21 16504.95 
47357.21 16508.64 
47367.21 16512.34 
47377.22 16516.03 
47387.22 16519.73 
47397.22 16523.43 
47407.22 16527.12 
47417.22 16530.81 
47427.22 16534.49 
47437.22 16538.16 
47447.22 16541.81 
47457.22 16545.44 
47467.22 16549.04 
47477.22 16552.61 
47487.22 16556.14 
47497.22 16559.63 
47507.22 16563.07 
47517.22 16566.46 
47527.22 16569.80 
47537.22 16573.08 
47547.22 16576.29 
47557.22 16579.43 
47567.22 16582.49 
47577.22 16585.48 
47587.22 16588.38 
47597.22 16591.19 
47607.22 16593.91 
47617.23 16596.53 
47627.23 16599.06 
47637.23 16601.50 
47647.23 16603.85 
47657.23 16606.13 
47667.23 16608.33 
47677.23 16610.46 
47687.23 16612.53 
47697.23 16614.54 
47707.23 16616.49 
47717.23 16618.39 
47727.23 16620.25 
47737.23 16622.06 
47747.23 16623.84 
47757.23 16625.59 
47767.23 16627.31 
47777.23 16629.00 
47787.23 16630.68 
47797.23 16632.35 
47807.23 16634.01 
47817.23 16635.67 
47827.23 16637.32 
47837.23 16638.96 
47847.24 16640.60 
47857.24 16642.23 
47867.24 16643.85 
47877.24 16645.46 
47887.24 16647.06 
47897.24 16648.65 
47907.24 16650.23 
47917.24 16651.79 
47927.24 16653.34 
47937.24 16654.87 
47947.24 16656.38 
47957.24 16657.88 
47967.24 16659.36 
47977.24 16660.82 
47987.24 16662.25 
47997.24 16663.67 
48007.24 16665.06 
48017.24 16666.43 
48027.24 16667.77 
48037.24 16669.09 
48047.24 16670.38 
48057.24 16671.64 
48067.24 16672.87 
48077.25 16674.08 
48087.25 16675.24 
48097.25 16676.36 
48107.25 16677.40 
48117.25 16678.34 
48127.25 16679.18 
48137.25 16679.87 
48147.25 16680.41 
48157.25 16680.77 
48167.25 16680.93 
48177.25 16680.87 
48187.25 16680.57 
48197.25 16680.01 
48207.25 16679.17 
48217.25 16678.03 
48227.25 16676.57 
48237.25 16674.76 
48247.25 16672.59 
48257.25 16670.07 
48267.25 16667.25 
48277.25 16664.15 
48287.25 16660.82 
48297.25 16657.30 
48307.25 16653.62 
48317.26 16649.83 
48327.26 16645.97 
48337.26 16642.06 
48347.26 16638.15 
48357.26 16634.29 
48367.26 16630.50 
48377.26 16626.83 
48387.26 16623.29 
48397.26 16619.88 
48407.26 16616.60 
48417.26 16613.46 
48427.26 16610.46 
48437.26 16607.60 
48447.26 16604.88 
48457.26 16602.30 
48467.26 16599.87 
48477.26 16597.59 
48487.26 16595.45 
48497.26 16593.47 
48507.26 16591.64 
48517.26 16589.97 
48527.26 16588.45 
48537.26 16587.10 
48547.27 16585.90 
48557.27 16584.87 
48567.27 16584.00 
48577.27 16583.29 
48587.27 16582.73 
48597.27 16582.31 
48607.27 16582.03 
48617.27 16581.86 
48627.27 16581.82 
48637.27 16581.88 
48647.27 16582.04 
48657.27 16582.29 
48667.27 16582.62 
48677.27 16583.03 
48687.27 16583.50 
48697.27 16584.03 
48707.27 16584.61 
48717.27 16585.22 
48727.27 16585.87 
48737.27 16586.54 
48747.27 16587.23 
48757.27 16587.92 
48767.27 16588.62 
48777.27 16589.30 
48787.28 16589.96 
48797.28 16590.59 
48807.28 16591.19 
48817.28 16591.75 
48827.28 16592.25 
48837.28 16592.69 
48847.28 16593.07 
48857.28 16593.36 
48867.28 16593.57 
48877.28 16593.68 
48887.28 16593.69 
48897.28 16593.60 
48907.28 16593.40 
48917.28 16593.13 
48927.28 16592.78 
48937.28 16592.39 
48947.28 16591.95 
48957.28 16591.49 
48967.28 16591.03 
48977.28 16590.57 
48987.28 16590.13 
48997.28 16589.72 
49007.28 16589.37 
49017.29 16589.08 
49027.29 16588.87 
49037.29 16588.76 
49047.29 16588.75 
49057.29 16588.87 
49067.29 16589.13 
49077.29 16589.54 
49087.29 16590.12 
49097.29 16590.88 
49107.29 16591.84 
49117.29 16593.01 
49127.29 16594.40 
49137.29 16596.03 
49147.29 16597.86 
49157.29 16599.89 
49167.29 16602.09 
49177.29 16604.46 
49187.29 16606.98 
49197.29 16609.63 
49207.29 16612.39 
49217.29 16615.25 
49227.29 16618.19 
49237.29 16621.21 
49247.29 16624.27 
49257.30 16627.36 
49267.30 16630.48 
49277.30 16633.60 
49287.30 16636.71 
49297.30 16639.79 
49307.30 16642.82 
49317.30 16645.79 
49327.30 16648.69 
49337.30 16651.51 
49347.30 16654.24 
49357.30 16656.90 
49367.30 16659.49 
49377.30 16662.01 
49387.30 16664.46 
49397.30 16666.85 
49407.30 16669.17 
49417.30 16671.44 
49427.30 16673.66 
49437.30 16675.83 
49447.30 16677.95 
49457.30 16680.03 
49467.30 16682.06 
49477.30 16684.06 
49487.31 16686.03 
49497.31 16687.96 
49507.31 16689.87 
49517.31 16691.75 
49527.31 16693.62 
49537.31 16695.46 
49547.31 16697.29 
49557.31 16699.11 
49567.31 16700.92 
49577.31 16702.73 
49587.31 16704.53 
49597.31 16706.34 
49607.31 16708.15 
49617.31 16709.97 
49627.31 16711.80 
49637.31 16713.65 
49647.31 16715.51 
49657.31 16717.40 
49667.31 16719.31 
49677.31 16721.25 
49687.31 16723.22 
49697.31 16725.22 
49707.31 16727.25 
49717.32 16729.32 
49727.32 16731.42 
49737.32 16733.55 
49747.32 16735.71 
49757.32 16737.90 
49767.32 16740.12 
49777.32 16742.37 
49787.32 16744.64 
49797.32 16746.94 
49807.32 16749.26 
49817.32 16751.61 
49827.32 16753.98 
49837.32 16756.37 
49847.32 16758.79 
49857.32 16761.23 
49867.32 16763.69 
49877.32 16766.17 
49887.32 16768.66 
49897.32 16771.18 
49907.32 16773.71 
49917.32 16776.26 
49927.32 16778.83 
49937.32 16781.41 
49947.32 16784.00 
49957.33 16786.61 
49967.33 16789.23 
49977.33 16791.87 
49987.33 16794.51 
49997.33 16797.17 
50007.33 16799.83 
50017.33 16802.50 
50027.33 16805.18 
50037.33 16807.86 
50047.33 16810.54 
50057.33 16813.22 
50067.33 16815.90 
50077.33 16818.57 
50087.33 16821.23 
50097.33 16823.89 
50107.33 16826.52 
50117.33 16829.15 
50127.33 16831.75 
50137.33 16834.34 
50147.33 16836.90 
50157.33 16839.43 
50167.33 16841.94 
50177.33 16844.42 
50187.34 16846.87 
50197.34 16849.28 
50207.34 16851.66 
50217.34 16854.00 
50227.34 16856.31 
50237.34 16858.58 
50247.34 16860.82 
50257.34 16863.03 
50267.34 16865.21 
50277.34 16867.36 
50287.34 16869.48 
50297.34 16871.57 
50307.34 16873.64 
50317.34 16875.67 
50327.34 16877.68 
50337.34 16879.66 
50347.34 16881.62 
50357.34 16883.56 
50367.34 16885.47 
50377.34 16887.35 
50387.34 16889.22 
50397.34 16891.06 
50407.34 16892.88 
50417.34 16894.68 
50427.35 16896.46 
50437.35 16898.23 
50447.35 16899.97 
50457.35 16901.70 
50467.35 16903.42 
50477.35 16905.11 
50487.35 16906.79 
50497.35 16908.46 
50507.35 16910.11 
50517.35 16911.75 
50527.35 16913.39 
50537.35 16915.01 
50547.35 16916.63 
50557.35 16918.26 
50567.35 16919.89 
50577.35 16921.52 
50587.35 16923.17 
50597.35 16924.83 
50607.35 16926.52 
50617.35 16928.22 
50627.35 16929.95 
50637.35 16931.71 
50647.35 16933.51 
50657.36 16935.34 
50667.36 16937.21 
50677.36 16939.12 
50687.36 16941.09 
50697.36 16943.10 
50707.36 16945.17 
50717.36 16947.29 
50727.36 16949.48 
50737.36 16951.74 
50747.36 16954.06 
50757.36 16956.46 
50767.36 16958.93 
50777.36 16961.48 
50787.36 16964.12 
50797.36 16966.84 
50807.36 16969.66 
50817.36 16972.56 
50827.36 16975.55 
50837.36 16978.61 
50847.36 16981.75 
50857.36 16984.96 
50867.36 16988.23 
50877.36 16991.55 
50887.37 16994.93 
50897.37 16998.35 
50907.37 17001.80 
50917.37 17005.30 
50927.37 17008.82 
50937.37 17012.36 
50947.37 17015.91 
50957.37 17019.48 
50967.37 17023.05 
50977.37 17026.62 
50987.37 17030.19 
50997.37 17033.74 
51007.37 17037.28 
51017.37 17040.79 
51027.37 17044.27 
51037.37 17047.72 
51047.37 17051.12 
51057.37 17054.48 
51067.37 17057.79 
51077.37 17061.04 
51087.37 17064.23 
51097.37 17067.34 
51107.37 17070.39 
51117.37 17073.35 
51127.38 17076.22 
51137.38 17079.01 
51147.38 17081.69 
51157.38 17084.28 
51167.38 17086.75 
51177.38 17089.11 
51187.38 17091.35 
51197.38 17093.46 
51207.38 17095.45 
51217.38 17097.29 
51227.38 17098.99 
51237.38 17100.55 
51247.38 17101.94 
