  8.17 6565.99 
 58.21 6565.99 
108.24 6565.99 
158.28 6565.99 
208.32 6566.34 
258.36 6569.11 
308.40 6571.89 
358.43 6576.57 
408.47 6581.42 
458.51 6586.28 
508.55 6588.52 
558.58 6587.05 
608.62 6585.57 
658.66 6584.10 
708.70 6578.71 
758.73 6570.35 
808.77 6565.38 
858.81 6563.38 
908.85 6561.37 
958.88 6563.15 
1008.92 6566.59 
1058.96 6577.15 
1109.00 6587.71 
1159.03 6604.92 
1209.07 6623.16 
1259.11 6648.07 
1309.15 6683.90 
1359.18 6717.75 
1409.22 6747.03 
1459.26 6768.52 
1509.30 6790.02 
1559.33 6805.82 
1609.37 6815.22 
1659.41 6823.38 
1709.45 6828.40 
1759.48 6833.41 
1809.52 6835.68 
1859.56 6835.68 
1909.60 6835.68 
1959.63 6835.68 
2009.67 6835.68 
2059.71 6847.41 
2109.75 6880.85 
2159.78 6909.48 
2209.82 6926.84 
2259.86 6944.20 
2309.90 6961.56 
2359.93 6976.38 
2409.97 6990.31 
2460.01 7000.31 
2510.05 7000.31 
2560.08 7000.31 
2610.12 7000.91 
2660.16 7003.09 
2710.20 7005.27 
2760.24 7007.49 
2810.27 7010.00 
2860.31 7012.51 
2910.35 7014.89 
2960.39 7017.07 
3010.42 7019.25 
3060.46 7022.58 
3110.50 7029.42 
3160.54 7036.26 
3210.57 7041.47 
3260.61 7041.47 
3310.65 7041.47 
3360.69 7046.97 
3410.72 7052.99 
3460.76 7059.00 
3510.80 7067.47 
3560.84 7078.44 
3610.87 7089.41 
3660.91 7100.39 
3710.95 7111.62 
3760.99 7124.82 
3811.02 7138.02 
3861.06 7154.78 
3911.10 7174.84 
3961.14 7198.23 
4011.17 7225.40 
4061.21 7252.57 
4111.25 7279.35 
4161.29 7304.43 
4211.32 7329.51 
4261.36 7357.09 
4311.40 7387.75 
4361.44 7418.40 
4411.47 7440.98 
4461.51 7463.46 
4511.55 7485.95 
4561.59 7508.27 
4611.62 7523.69 
4661.66 7539.11 
4711.70 7553.76 
4761.74 7562.61 
4811.77 7571.46 
4861.81 7580.31 
4911.85 7589.23 
4961.89 7598.35 
5011.92 7607.47 
5061.96 7616.59 
5112.00 7625.71 
5162.04 7633.46 
5212.08 7635.85 
5262.11 7638.23 
5312.15 7640.62 
5362.19 7643.01 
5412.23 7644.44 
5462.26 7644.44 
5512.30 7644.44 
5562.34 7644.44 
5612.38 7642.91 
5662.41 7639.96 
5712.45 7637.01 
5762.49 7634.05 
5812.53 7632.97 
5862.56 7632.97 
5912.60 7632.97 
5962.64 7632.97 
6012.68 7632.97 
6062.71 7632.97 
6112.75 7632.97 
6162.79 7654.61 
6212.83 7682.47 
6262.86 7699.91 
6312.90 7713.29 
6362.94 7726.66 
6412.98 7739.58 
6463.01 7751.38 
6513.05 7763.18 
6563.09 7774.99 
6613.13 7791.39 
6663.16 7814.54 
6713.20 7837.69 
6763.24 7860.77 
6813.28 7883.76 
6863.31 7906.75 
6913.35 7929.74 
6963.39 7952.73 
7013.43 7975.72 
7063.46 7996.28 
7113.50 8016.71 
7163.54 8037.15 
7213.58 8057.58 
7263.61 8078.02 
7313.65 8098.45 
7363.69 8110.30 
7413.73 8119.70 
7463.77 8129.11 
7513.80 8138.51 
7563.84 8147.92 
7613.88 8157.32 
7663.92 8166.73 
7713.95 8171.76 
7763.99 8171.76 
7814.03 8171.76 
7864.07 8171.76 
7914.10 8171.76 
7964.14 8171.13 
8014.18 8168.09 
8064.22 8165.05 
8114.25 8162.01 
8164.29 8158.97 
8214.33 8155.93 
8264.37 8152.89 
8314.40 8149.85 
8364.44 8146.69 
8414.48 8143.46 
8464.52 8140.24 
8514.55 8137.02 
8564.59 8133.80 
8614.63 8133.49 
8664.67 8136.53 
8714.70 8139.57 
8764.74 8142.61 
8814.78 8145.65 
8864.82 8148.69 
8914.85 8151.73 
8964.89 8154.89 
9014.93 8158.56 
9064.97 8162.23 
9115.00 8165.90 
9165.04 8169.57 
9215.08 8173.24 
9265.12 8176.91 
9315.15 8180.58 
9365.19 8184.25 
9415.23 8187.37 
9465.27 8187.37 
9515.30 8187.37 
9565.34 8187.37 
9615.38 8187.37 
9665.42 8187.37 
9715.45 8187.37 
9765.49 8187.37 
9815.53 8193.64 
9865.57 8200.81 
9915.61 8207.97 
9965.64 8215.14 
10015.68 8222.30 
10065.72 8229.47 
10115.76 8234.71 
10165.79 8239.14 
10215.83 8243.56 
10265.87 8247.99 
10315.91 8252.41 
10365.94 8256.84 
10415.98 8261.26 
10466.02 8265.34 
10516.06 8268.05 
10566.09 8270.76 
10616.13 8273.47 
10666.17 8276.18 
10716.21 8278.89 
10766.24 8281.61 
10816.28 8284.32 
10866.32 8286.74 
10916.36 8283.39 
10966.39 8280.05 
11016.43 8276.71 
11066.47 8273.36 
11116.51 8270.02 
11166.54 8266.68 
11216.58 8262.80 
11266.62 8258.25 
11316.66 8253.69 
11366.69 8249.13 
11416.73 8244.57 
11466.77 8240.01 
11516.81 8235.45 
11566.84 8231.35 
11616.88 8229.73 
11666.92 8228.11 
11716.96 8226.50 
11766.99 8224.88 
11817.03 8223.26 
11867.07 8221.64 
11917.11 8219.69 
11967.14 8217.05 
12017.18 8214.41 
12067.22 8211.77 
12117.26 8210.98 
12167.29 8222.12 
12217.33 8233.27 
12267.37 8244.42 
12317.41 8255.56 
12367.45 8266.71 
12417.48 8277.35 
12467.52 8285.71 
12517.56 8294.07 
12567.60 8302.43 
12617.63 8310.79 
12667.67 8319.15 
12717.71 8324.85 
12767.75 8330.23 
12817.78 8335.60 
12867.82 8340.98 
12917.86 8346.35 
12967.90 8351.72 
13017.93 8358.64 
13067.97 8366.16 
13118.01 8373.68 
13168.05 8381.21 
13218.08 8386.43 
13268.12 8386.43 
13318.16 8386.43 
13368.20 8386.43 
13418.23 8386.43 
13468.27 8386.43 
13518.31 8386.43 
13568.35 8386.43 
13618.38 8390.53 
13668.42 8397.50 
13718.46 8404.47 
13768.50 8411.43 
13818.53 8418.40 
13868.57 8425.36 
13918.61 8432.33 
13968.65 8439.30 
14018.68 8444.61 
14068.72 8449.03 
14118.76 8453.46 
14168.80 8457.88 
14218.83 8462.31 
14268.87 8466.73 
14318.91 8471.16 
14368.95 8475.48 
14418.98 8479.19 
14469.02 8482.91 
14519.06 8486.62 
14569.10 8490.34 
14619.14 8494.05 
14669.17 8497.31 
14719.21 8498.79 
14769.25 8500.26 
14819.29 8501.74 
14869.32 8503.21 
14919.36 8504.69 
14969.40 8506.16 
15019.44 8507.64 
15069.47 8509.76 
15119.51 8512.15 
15169.55 8514.54 
15219.59 8516.92 
15269.62 8519.61 
15319.66 8525.88 
15369.70 8532.15 
15419.74 8538.42 
15469.77 8544.69 
15519.81 8550.96 
15569.85 8558.27 
15619.89 8565.87 
15669.92 8573.47 
15719.96 8581.07 
15770.00 8588.67 
15820.04 8596.27 
15870.07 8603.87 
15920.11 8610.61 
15970.15 8616.51 
16020.19 8622.41 
16070.22 8628.31 
16120.26 8635.83 
16170.30 8643.85 
16220.34 8651.88 
16270.37 8659.90 
16320.41 8667.93 
16370.45 8674.88 
16420.49 8678.59 
16470.52 8682.31 
16520.56 8686.02 
16570.60 8689.74 
16620.64 8693.45 
16670.67 8696.07 
16720.71 8696.07 
16770.75 8696.07 
16820.79 8696.07 
16870.82 8696.07 
16920.86 8696.07 
16970.90 8696.07 
17020.94 8696.12 
17070.98 8698.45 
17121.01 8700.78 
17171.05 8703.12 
17221.09 8705.45 
17271.13 8707.78 
17321.16 8710.11 
17371.20 8712.45 
17421.24 8714.78 
17471.28 8717.11 
17521.31 8718.96 
17571.35 8720.39 
17621.39 8721.83 
17671.43 8723.26 
17721.46 8724.69 
17771.50 8726.12 
17821.54 8727.56 
17871.58 8728.99 
17921.61 8734.98 
17971.65 8741.95 
18021.69 8748.91 
18071.73 8755.88 
18121.76 8762.85 
18171.80 8769.81 
18221.84 8776.78 
18271.88 8783.74 
18321.91 8788.98 
18371.95 8794.00 
18421.99 8799.01 
18472.03 8804.03 
18522.06 8809.05 
18572.10 8814.06 
18622.14 8818.43 
18672.18 8821.07 
18722.21 8823.71 
18772.25 8826.35 
18822.29 8828.99 
18872.33 8831.63 
18922.36 8834.27 
18972.40 8836.91 
19022.44 8839.55 
19072.48 8842.39 
19122.51 8845.26 
19172.55 8848.12 
19222.59 8850.99 
19272.63 8853.86 
19322.66 8856.72 
19372.70 8859.59 
19422.74 8861.56 
19472.78 8859.38 
19522.82 8857.20 
19572.85 8855.02 
19622.89 8852.84 
19672.93 8850.67 
19722.97 8848.58 
19773.00 8846.49 
19823.04 8844.40 
19873.08 8842.31 
19923.12 8840.22 
19973.15 8853.45 
20023.19 8870.17 
20073.23 8886.89 
20123.27 8903.61 
20173.30 8917.24 
20223.34 8917.24 
20273.38 8917.24 
20323.42 8917.24 
20373.45 8917.24 
20423.49 8919.33 
20473.53 8925.60 
20523.57 8931.87 
20573.60 8938.14 
20623.64 8944.41 
20673.68 8950.68 
20723.72 8956.95 
20773.75 8962.47 
20823.79 8966.06 
20873.83 8969.64 
20923.87 8973.22 
20973.90 8976.80 
21023.94 8980.39 
21073.98 8984.25 
21124.02 8990.52 
21174.05 8996.79 
21224.09 9003.06 
21274.13 9009.33 
21324.17 9015.60 
21374.20 9019.32 
21424.24 9022.45 
21474.28 9025.59 
21524.32 9028.72 
21574.35 9031.86 
21624.39 9034.99 
21674.43 9038.13 
21724.47 9040.20 
21774.50 9041.93 
21824.54 9043.66 
21874.58 9045.39 
21924.62 9047.12 
21974.66 9048.85 
22024.69 9052.33 
22074.73 9058.87 
22124.77 9065.41 
22174.81 9071.96 
22224.84 9078.50 
22274.88 9089.32 
22324.92 9110.44 
22374.96 9131.56 
22424.99 9152.68 
22475.03 9172.64 
22525.07 9182.67 
22575.11 9192.70 
22625.14 9202.73 
22675.18 9212.76 
22725.22 9227.44 
22775.26 9244.16 
22825.29 9260.88 
22875.33 9277.60 
22925.37 9296.63 
22975.41 9316.52 
23025.44 9336.42 
23075.48 9356.31 
23125.52 9371.41 
23175.56 9383.95 
23225.59 9396.49 
23275.63 9409.03 
23325.67 9421.57 
23375.71 9433.21 
23425.74 9442.92 
23475.78 9452.63 
23525.82 9462.33 
23575.86 9472.04 
23625.89 9481.75 
23675.93 9491.46 
23725.97 9501.17 
23776.01 9511.01 
23826.04 9523.54 
23876.08 9536.08 
23926.12 9548.62 
23976.16 9561.16 
24026.19 9573.70 
24076.23 9586.24 
24126.27 9598.78 
24176.31 9610.84 
24226.35 9622.54 
24276.38 9634.25 
24326.42 9645.95 
24376.46 9657.65 
24426.50 9669.36 
24476.53 9681.06 
24526.57 9692.76 
24576.61 9700.26 
24626.65 9704.62 
24676.68 9708.98 
24726.72 9713.34 
24776.76 9717.70 
24826.80 9722.07 
24876.83 9726.96 
24926.87 9732.53 
24976.91 9738.10 
25026.95 9743.68 
25076.98 9749.25 
25127.02 9754.82 
25177.06 9760.40 
25227.10 9764.66 
25277.13 9764.66 
25327.17 9764.66 
25377.21 9764.66 
25427.25 9764.66 
25477.28 9764.66 
25527.32 9762.68 
25577.36 9759.55 
25627.40 9756.41 
25677.43 9753.28 
25727.47 9751.28 
25777.51 9751.28 
25827.55 9751.28 
25877.58 9751.28 
25927.62 9751.28 
25977.66 9751.38 
26027.70 9754.72 
26077.73 9758.06 
26127.77 9761.41 
26177.81 9764.92 
26227.85 9774.56 
26277.88 9784.21 
26327.92 9793.85 
26377.96 9803.50 
26428.00 9813.14 
26478.03 9822.79 
26528.07 9832.53 
26578.11 9843.28 
26628.15 9854.03 
26678.19 9864.78 
26728.22 9876.01 
26778.26 9888.12 
26828.30 9900.22 
26878.34 9912.33 
26928.37 9924.44 
26978.41 9936.54 
27028.45 9948.65 
27078.49 9960.76 
27128.52 9970.77 
27178.56 9979.49 
27228.60 9988.22 
27278.64 9996.94 
27328.67 10005.66 
27378.71 10014.39 
27428.75 10023.59 
27478.79 10033.29 
27528.82 10043.00 
27578.86 10052.71 
27628.90 10062.42 
27678.94 10072.12 
27728.97 10081.83 
27779.01 10091.54 
27829.05 10100.52 
27879.09 10106.79 
27929.12 10113.06 
27979.16 10119.33 
28029.20 10125.60 
28079.24 10131.87 
28129.27 10138.14 
28179.31 10144.41 
28229.35 10150.68 
28279.39 10155.53 
28329.42 10159.71 
28379.46 10163.89 
28429.50 10168.07 
28479.54 10172.25 
28529.57 10176.43 
28579.61 10180.61 
28629.65 10184.79 
28679.69 10188.97 
28729.72 10192.85 
28779.76 10192.85 
28829.80 10192.85 
28879.84 10192.85 
28929.87 10192.85 
28979.91 10192.85 
29029.95 10192.85 
29079.99 10192.85 
29130.03 10194.34 
29180.06 10198.76 
29230.10 10203.19 
29280.14 10207.61 
29330.18 10212.04 
29380.21 10216.46 
29430.25 10220.89 
29480.29 10225.32 
29530.33 10229.74 
29580.36 10233.40 
29630.40 10234.92 
29680.44 10236.44 
29730.48 10237.96 
29780.51 10239.48 
29830.55 10241.00 
29880.59 10242.52 
29930.63 10244.04 
29980.66 10245.56 
30030.70 10248.23 
30080.74 10252.24 
30130.78 10256.25 
30180.81 10260.26 
30230.85 10264.28 
30280.89 10268.29 
30330.93 10272.30 
30380.96 10267.47 
30431.00 10260.31 
30481.04 10253.14 
30531.08 10245.75 
30581.11 10234.61 
30631.15 10223.46 
30681.19 10212.31 
30731.23 10201.17 
30781.26 10192.85 
30831.30 10192.85 
30881.34 10192.85 
30931.38 10192.85 
30981.41 10195.46 
31031.45 10200.47 
31081.49 10205.49 
31131.53 10210.51 
31181.56 10215.52 
31231.60 10219.95 
31281.64 10221.74 
31331.68 10223.53 
31381.71 10225.32 
31431.75 10227.11 
31481.79 10228.90 
31531.83 10230.69 
31581.87 10232.48 
31631.90 10234.49 
31681.94 10236.58 
31731.98 10238.67 
31782.02 10240.76 
31832.05 10242.85 
31882.09 10244.94 
31932.13 10247.12 
31982.17 10249.51 
32032.20 10251.90 
32082.24 10254.29 
32132.28 10256.68 
32182.32 10259.06 
32232.35 10263.15 
32282.39 10267.92 
32332.43 10272.70 
32382.47 10277.48 
32432.50 10282.25 
32482.54 10286.24 
32532.58 10283.60 
32582.62 10280.96 
32632.65 10278.32 
32682.69 10275.68 
32732.73 10273.00 
32782.77 10269.29 
32832.80 10265.57 
32882.84 10261.85 
32932.88 10258.14 
32982.92 10254.42 
33032.95 10250.71 
33082.99 10246.99 
33133.03 10239.40 
33183.07 10231.04 
33233.10 10222.68 
33283.14 10214.32 
33333.18 10205.99 
33383.22 10198.47 
33433.25 10190.94 
33483.29 10183.42 
33533.33 10175.90 
33583.37 10168.37 
33633.40 10160.27 
33683.44 10151.91 
33733.48 10143.55 
33783.52 10135.19 
33833.56 10126.83 
33883.59 10118.47 
33933.63 10110.64 
33983.67 10104.10 
34033.71 10097.56 
34083.74 10091.02 
34133.78 10084.47 
34183.82 10077.93 
34233.86 10071.60 
34283.89 10066.42 
34333.93 10061.23 
34383.97 10056.04 
34434.01 10050.85 
34484.04 10045.66 
34534.08 10040.47 
34584.12 10035.28 
34634.16 10031.36 
34684.19 10029.18 
34734.23 10027.00 
34784.27 10024.82 
34834.31 10022.64 
34884.34 10020.46 
34934.38 10016.41 
34984.42 10007.68 
35034.46 9998.96 
35084.49 9990.24 
35134.53 9981.52 
35184.57 9972.79 
35234.61 9965.38 
35284.64 9965.38 
35334.68 9965.38 
35384.72 9965.38 
35434.76 9965.38 
35484.79 9965.38 
35534.83 9966.60 
35584.87 9970.97 
35634.91 9975.33 
35684.94 9979.69 
35734.98 9984.05 
35785.02 9988.41 
35835.06 9992.80 
35885.09 9997.36 
35935.13 10001.92 
35985.17 10006.48 
36035.21 10011.04 
36085.24 10015.60 
