 34.09 7477.94 
 84.12 7483.73 
134.14 7492.69 
184.16 7504.27 
234.18 7515.84 
284.21 7527.42 
334.23 7539.00 
384.25 7545.22 
434.27 7550.96 
484.30 7556.69 
534.32 7562.43 
584.34 7568.16 
634.37 7573.89 
684.39 7577.09 
734.41 7579.09 
784.43 7581.10 
834.46 7583.11 
884.48 7586.70 
934.50 7595.66 
984.52 7604.62 
1034.55 7613.58 
1084.57 7622.54 
1134.59 7630.05 
1184.61 7633.00 
1234.64 7635.95 
1284.66 7638.91 
1334.68 7641.86 
1384.70 7644.81 
1434.73 7646.87 
1484.75 7645.02 
1534.77 7643.16 
1584.80 7641.30 
1634.82 7639.44 
1684.84 7639.06 
1734.86 7641.15 
1784.89 7643.24 
1834.91 7645.33 
1884.93 7648.40 
1934.95 7660.35 
1984.98 7672.29 
2035.00 7684.24 
2085.02 7697.19 
2135.04 7711.95 
2185.07 7726.70 
2235.09 7738.30 
2285.11 7743.49 
2335.13 7748.68 
2385.16 7753.87 
2435.18 7759.06 
2485.20 7764.07 
2535.23 7768.13 
2585.25 7772.20 
2635.27 7776.27 
2685.29 7780.34 
2735.32 7784.41 
2785.34 7788.47 
2835.36 7793.53 
2885.38 7799.32 
2935.41 7805.11 
2985.43 7810.89 
3035.45 7816.68 
3085.47 7820.07 
3135.50 7823.30 
3185.52 7826.54 
3235.54 7829.78 
3285.57 7833.02 
3335.59 7837.32 
3385.61 7843.11 
3435.63 7848.90 
3485.66 7854.69 
3535.68 7860.48 
3585.70 7872.49 
3635.72 7886.18 
3685.75 7899.86 
3735.77 7913.54 
3785.79 7925.59 
3835.81 7937.40 
3885.84 7949.20 
3935.86 7969.63 
3985.88 7991.68 
4035.90 8013.73 
4085.93 8035.78 
4135.95 8055.03 
4185.97 8064.79 
4236.00 8074.54 
4286.02 8084.30 
4336.04 8094.05 
4386.06 8103.81 
4436.09 8113.56 
4486.11 8123.32 
4536.13 8133.07 
4586.15 8139.17 
4636.18 8140.90 
4686.20 8142.63 
4736.22 8144.36 
4786.24 8146.09 
4836.27 8147.82 
4886.29 8149.55 
4936.31 8152.47 
4986.33 8157.25 
5036.36 8162.03 
5086.38 8166.80 
5136.40 8171.58 
5186.43 8177.07 
5236.45 8184.45 
5286.47 8191.83 
5336.49 8199.20 
5386.52 8206.58 
5436.54 8213.96 
5486.56 8221.34 
5536.58 8228.72 
5586.61 8236.09 
5636.63 8241.90 
5686.65 8247.69 
5736.67 8253.48 
5786.70 8259.27 
5836.72 8265.06 
5886.74 8270.85 
5936.76 8275.70 
5986.79 8280.07 
6036.81 8284.43 
6086.83 8288.79 
6136.86 8293.16 
6186.88 8297.51 
6236.90 8301.69 
6286.92 8305.87 
6336.95 8310.05 
6386.97 8314.23 
6436.99 8318.41 
6487.01 8322.59 
6537.04 8326.78 
6587.06 8330.96 
6637.08 8335.52 
6687.10 8341.10 
6737.13 8346.67 
6787.15 8352.25 
6837.17 8357.82 
6887.20 8363.39 
6937.22 8368.97 
6987.24 8373.66 
7037.26 8377.96 
7087.29 8382.26 
7137.31 8386.56 
7187.33 8390.86 
7237.35 8395.16 
7287.38 8399.46 
7337.40 8403.76 
7387.42 8408.31 
7437.44 8414.10 
7487.47 8419.89 
7537.49 8425.68 
7587.51 8431.47 
7637.53 8437.25 
7687.56 8443.04 
7737.58 8445.27 
7787.60 8446.79 
7837.63 8448.31 
7887.65 8449.83 
7937.67 8451.35 
7987.69 8452.87 
8037.72 8454.39 
8087.74 8455.91 
8137.76 8463.69 
8187.78 8473.10 
8237.81 8482.50 
8287.83 8491.91 
8337.85 8501.32 
8387.87 8510.72 
8437.90 8520.13 
8487.92 8529.54 
8537.94 8530.89 
8587.96 8532.21 
8637.99 8533.53 
8688.01 8534.85 
8738.03 8536.17 
8788.06 8537.49 
8838.08 8538.81 
8888.10 8540.13 
8938.12 8541.45 
8988.15 8539.49 
9038.17 8536.36 
9088.19 8533.22 
9138.21 8530.09 
9188.24 8527.11 
9238.26 8524.15 
9288.28 8521.20 
9338.30 8518.25 
9388.33 8527.98 
9438.35 8543.24 
9488.37 8558.51 
9538.40 8573.78 
9588.42 8589.05 
9638.44 8604.16 
9688.46 8617.67 
9738.49 8631.18 
9788.51 8644.68 
9838.53 8658.19 
9888.55 8671.70 
9938.58 8685.21 
9988.60 8690.61 
10038.62 8693.39 
10088.64 8696.18 
10138.67 8698.97 
10188.69 8699.30 
10238.71 8695.44 
10288.73 8691.58 
10338.76 8688.50 
10388.78 8688.50 
10438.80 8688.50 
10488.83 8694.85 
10538.85 8717.66 
10588.87 8740.46 
10638.89 8755.34 
10688.92 8764.90 
10738.94 8774.45 
10788.96 8784.01 
10838.98 8793.57 
10889.01 8802.39 
10939.03 8810.41 
10989.05 8818.44 
11039.07 8826.47 
11089.10 8834.50 
11139.12 8842.52 
11189.14 8850.91 
11239.16 8859.87 
11289.19 8868.83 
11339.21 8877.79 
11389.23 8886.75 
11439.26 8895.71 
11489.28 8904.67 
11539.30 8910.98 
11589.32 8915.28 
11639.35 8919.58 
11689.37 8923.89 
11739.39 8928.19 
11789.41 8932.49 
11839.44 8936.79 
11889.46 8941.09 
11939.48 8945.59 
11989.50 8955.15 
12039.53 8964.70 
12089.55 8974.26 
12139.57 8983.82 
12189.59 8993.37 
12239.62 8997.97 
12289.64 9002.15 
12339.66 9006.34 
12389.69 9010.52 
12439.71 9014.70 
12489.73 9018.38 
12539.75 9015.87 
12589.78 9013.36 
12639.80 9010.86 
12689.82 9008.35 
12739.84 9004.18 
12789.87 8993.43 
12839.89 8982.68 
12889.91 8971.93 
12939.93 8961.18 
12989.96 8950.43 
13039.98 8939.68 
13090.00 8930.96 
13140.03 8925.59 
13190.05 8920.21 
13240.07 8914.84 
13290.09 8909.46 
13340.12 8904.08 
13390.14 8898.71 
13440.16 8891.34 
13490.18 8882.38 
13540.21 8873.42 
13590.23 8864.47 
13640.25 8855.51 
13690.27 8846.55 
13740.30 8837.59 
13790.32 8827.32 
13840.34 8816.56 
13890.36 8805.81 
13940.39 8795.06 
13990.41 8784.31 
14040.43 8773.56 
14090.46 8762.81 
14140.48 8756.14 
14190.50 8749.87 
14240.52 8743.60 
14290.55 8737.32 
14340.57 8731.05 
14390.59 8724.83 
14440.61 8719.25 
14490.64 8713.68 
14540.66 8708.10 
14590.68 8702.53 
14640.70 8696.95 
14690.73 8691.38 
14740.75 8689.55 
14790.77 8691.74 
14840.79 8693.92 
14890.82 8696.10 
14940.84 8698.28 
14990.86 8700.46 
15040.89 8713.33 
15090.91 8727.66 
15140.93 8742.00 
15190.95 8756.33 
15240.98 8770.67 
15291.00 8785.00 
15341.02 8799.79 
15391.04 8822.09 
15441.07 8844.39 
15491.09 8866.68 
15541.11 8888.98 
15591.13 8905.94 
15641.16 8920.27 
15691.18 8934.61 
15741.20 8948.94 
15791.22 8963.27 
15841.25 8977.61 
15891.27 8991.94 
15941.29 9006.09 
15991.32 9020.20 
16041.34 9034.31 
16091.36 9048.42 
16141.38 9062.53 
16191.41 9076.64 
16241.43 9090.75 
16291.45 9104.65 
16341.47 9114.69 
16391.50 9124.72 
16441.52 9134.76 
16491.54 9144.79 
16541.56 9152.67 
16591.59 9150.58 
16641.61 9148.49 
16691.63 9146.40 
16741.66 9144.31 
16791.68 9142.22 
16841.70 9139.54 
16891.72 9135.68 
16941.75 9131.82 
16991.77 9127.96 
17041.79 9124.11 
17091.81 9120.25 
17141.84 9116.39 
17191.86 9112.53 
17241.88 9108.67 
17291.90 9104.81 
17341.93 9100.95 
17391.95 9097.09 
17441.97 9093.23 
17491.99 9093.86 
17542.02 9096.81 
17592.04 9099.76 
17642.06 9102.72 
17692.09 9109.78 
17742.11 9120.69 
17792.13 9131.59 
17842.15 9142.50 
17892.18 9153.41 
17942.20 9164.31 
17992.22 9165.26 
18042.24 9165.26 
18092.27 9165.26 
18142.29 9165.26 
18192.31 9165.26 
18242.33 9165.26 
18292.36 9165.26 
18342.38 9165.26 
18392.40 9165.26 
18442.42 9165.26 
18492.45 9165.26 
18542.47 9165.26 
18592.49 9165.26 
18642.52 9165.26 
18692.54 9165.26 
18742.56 9165.26 
18792.58 9165.26 
18842.61 9165.26 
18892.63 9165.26 
18942.65 9164.39 
18992.67 9163.07 
19042.70 9161.75 
19092.72 9160.43 
19142.74 9159.11 
19192.76 9157.79 
19242.79 9156.47 
19292.81 9155.15 
19342.83 9153.83 
19392.86 9157.10 
19442.88 9167.13 
19492.90 9177.16 
19542.92 9187.20 
19592.95 9189.71 
19642.97 9189.71 
19692.99 9189.71 
19743.01 9189.71 
19793.04 9189.71 
19843.06 9189.71 
19893.08 9189.71 
19943.10 9189.71 
19993.13 9189.71 
20043.15 9189.71 
20093.17 9189.71 
20143.19 9189.71 
20193.22 9189.71 
20243.24 9189.71 
20293.26 9189.71 
20343.29 9189.71 
20393.31 9191.04 
20443.33 9194.18 
20493.35 9197.31 
20543.38 9200.45 
20593.40 9203.59 
20643.42 9206.72 
20693.44 9209.86 
20743.47 9212.99 
20793.49 9217.21 
20843.51 9222.06 
20893.53 9226.92 
20943.56 9231.77 
20993.58 9236.63 
21043.60 9241.48 
21093.62 9246.34 
21143.65 9250.48 
21193.67 9245.56 
21243.69 9240.65 
21293.72 9235.73 
21343.74 9230.81 
21393.76 9230.18 
21443.78 9230.18 
21493.81 9230.18 
21543.83 9230.18 
21593.85 9230.18 
21643.87 9230.18 
21693.90 9230.18 
21743.92 9230.18 
21793.94 9230.18 
21843.96 9230.18 
21893.99 9230.18 
21944.01 9230.18 
21994.03 9230.18 
22044.05 9230.18 
22094.08 9230.18 
22144.10 9230.18 
22194.12 9230.18 
22244.15 9230.18 
22294.17 9230.18 
22344.19 9230.18 
22394.21 9230.18 
22444.24 9230.18 
22494.26 9227.28 
22544.28 9223.42 
22594.30 9219.56 
22644.33 9215.70 
22694.35 9211.84 
22744.37 9207.98 
22794.39 9206.82 
22844.42 9206.82 
22894.44 9206.82 
22944.46 9206.82 
22994.49 9206.82 
23044.51 9206.82 
23094.53 9205.35 
23144.55 9203.07 
23194.58 9200.79 
23244.60 9198.51 
23294.62 9196.23 
23344.64 9195.14 
23394.67 9195.14 
23444.69 9195.14 
23494.71 9195.14 
23544.73 9195.14 
23594.76 9193.74 
23644.78 9192.12 
23694.80 9190.50 
23744.82 9188.88 
23794.85 9187.26 
23844.87 9185.64 
23894.89 9184.03 
23944.92 9180.36 
23994.94 9175.58 
24044.96 9170.80 
24094.98 9166.02 
24145.01 9161.24 
24195.03 9151.30 
24245.05 9139.73 
24295.07 9128.15 
24345.10 9138.18 
24395.12 9156.09 
24445.14 9174.01 
24495.16 9191.37 
24545.19 9208.09 
24595.21 9224.81 
24645.23 9241.54 
24695.25 9256.81 
24745.28 9268.39 
24795.30 9279.97 
24845.32 9291.54 
24895.35 9303.12 
24945.37 9314.70 
24995.39 9324.72 
25045.41 9329.50 
25095.44 9334.28 
25145.46 9339.06 
25195.48 9343.84 
25245.50 9349.83 
25295.53 9358.19 
25345.55 9366.55 
25395.57 9374.91 
25445.59 9383.28 
25495.62 9391.64 
25545.64 9400.00 
25595.66 9408.84 
25645.68 9418.55 
25695.71 9428.26 
25745.73 9437.97 
25795.75 9447.68 
25845.78 9457.39 
25895.80 9467.10 
25945.82 9475.98 
25995.84 9479.56 
26045.87 9483.15 
26095.89 9486.73 
26145.91 9490.31 
26195.93 9493.90 
26245.96 9497.48 
26295.98 9500.40 
26346.00 9502.91 
26396.02 9505.42 
26446.05 9507.93 
26496.07 9510.44 
26546.09 9508.53 
26596.12 9506.44 
26646.14 9504.35 
26696.16 9502.26 
26746.18 9500.17 
26796.21 9495.87 
26846.23 9487.84 
26896.25 9479.82 
26946.27 9471.79 
26996.30 9463.76 
27046.32 9455.73 
27096.34 9442.37 
27146.36 9424.66 
27196.39 9406.96 
27246.41 9389.25 
27296.43 9380.06 
27346.45 9376.71 
27396.48 9373.37 
27446.50 9370.72 
27496.52 9374.30 
27546.55 9377.89 
27596.57 9381.47 
27646.59 9385.05 
27696.61 9388.64 
27746.64 9392.22 
27796.66 9393.72 
27846.68 9393.72 
27896.70 9393.72 
27946.73 9393.72 
27996.75 9393.72 
28046.77 9393.72 
28096.79 9393.72 
28146.82 9393.72 
28196.84 9393.72 
28246.86 9393.72 
28296.88 9393.72 
28346.91 9393.72 
28396.93 9393.72 
28446.95 9393.72 
28496.98 9393.72 
28547.00 9393.72 
28597.02 9392.47 
28647.04 9390.80 
28697.07 9389.13 
28747.09 9387.45 
28797.11 9385.78 
28847.13 9384.11 
28897.16 9382.44 
28947.18 9382.04 
28997.20 9382.04 
29047.22 9382.04 
29097.25 9382.04 
29147.27 9382.04 
29197.29 9382.57 
29247.31 9385.62 
29297.34 9388.66 
29347.36 9391.70 
29397.38 9394.74 
29447.41 9397.78 
29497.43 9400.82 
29547.45 9403.86 
29597.47 9406.86 
29647.50 9409.81 
29697.52 9412.76 
29747.54 9415.71 
29797.56 9418.66 
29847.59 9421.61 
29897.61 9424.56 
29947.63 9427.51 
29997.65 9432.23 
30047.68 9438.25 
30097.70 9444.27 
30147.72 9450.29 
30197.75 9456.31 
30247.77 9462.33 
30297.79 9475.77 
30347.81 9491.61 
30397.84 9507.46 
30447.86 9523.30 
30497.88 9543.39 
30547.90 9572.06 
30597.93 9600.73 
30647.95 9629.39 
30697.97 9658.06 
30747.99 9681.20 
30798.02 9697.32 
30848.04 9713.45 
30898.06 9729.57 
30948.08 9745.70 
30998.11 9761.83 
31048.13 9777.95 
31098.15 9795.22 
31148.18 9812.59 
31198.20 9829.96 
31248.22 9847.32 
31298.24 9864.69 
31348.27 9882.06 
31398.29 9897.25 
31448.31 9912.12 
31498.33 9926.98 
31548.36 9941.85 
31598.38 9956.71 
31648.40 9971.58 
31698.42 9985.09 
31748.45 9997.63 
31798.47 10010.18 
31848.49 10022.72 
31898.51 10035.26 
31948.54 10046.29 
31998.56 10057.20 
32048.58 10068.10 
32098.61 10079.01 
32148.63 10089.92 
32198.65 10097.56 
32248.67 10102.75 
32298.70 10107.94 
32348.72 10113.13 
32398.74 10118.32 
32448.76 10123.51 
32498.79 10128.70 
32548.81 10134.57 
32598.83 10140.59 
32648.85 10146.62 
32698.88 10152.64 
32748.90 10158.66 
32798.92 10164.68 
32848.95 10175.99 
32898.97 10187.32 
32948.99 10198.65 
32999.01 10209.98 
33049.04 10221.31 
33099.06 10232.63 
33149.08 10243.96 
33199.10 10251.20 
33249.13 10257.28 
33299.15 10263.37 
33349.17 10269.45 
33399.19 10275.53 
33449.22 10281.61 
33499.24 10287.69 
33549.26 10293.82 
33599.28 10300.36 
33649.31 10306.90 
33699.33 10313.45 
33749.35 10319.99 
33799.38 10326.54 
33849.40 10336.68 
33899.42 10348.08 
33949.44 10359.48 
33999.47 10370.89 
34049.49 10382.29 
34099.51 10393.38 
34149.53 10404.29 
34199.56 10415.20 
34249.58 10426.10 
34299.60 10437.01 
34349.62 10447.16 
34399.65 10455.19 
34449.67 10463.21 
34499.69 10471.24 
34549.71 10479.27 
34599.74 10487.30 
34649.76 10492.63 
34699.78 10494.56 
34749.81 10496.49 
34799.83 10498.41 
34849.85 10500.34 
34899.87 10502.27 
34949.90 10504.57 
34999.92 10507.43 
35049.94 10510.30 
35099.96 10513.17 
35149.99 10516.04 
35200.01 10518.90 
35250.03 10521.77 
35300.05 10524.64 
35350.08 10526.82 
35400.10 10526.82 
35450.12 10526.82 
35500.14 10526.82 
35550.17 10526.82 
35600.19 10526.82 
35650.21 10526.82 
35700.24 10526.82 
35750.26 10526.82 
35800.28 10526.82 
35850.30 10526.82 
35900.33 10526.82 
35950.35 10526.82 
36000.37 10526.82 
36050.39 10526.82 
36100.42 10526.82 
36150.44 10526.82 
36200.46 10526.82 
36250.48 10526.82 
36300.51 10526.82 
36350.53 10526.82 
36400.55 10526.82 
36450.58 10526.82 
36500.60 10526.82 
36550.62 10526.82 
36600.64 10526.82 
36650.67 10526.82 
36700.69 10526.82 
36750.71 10526.82 
36800.73 10526.82 
36850.76 10526.82 
36900.78 10526.82 
36950.80 10526.82 
37000.82 10526.82 
37050.85 10526.82 
37100.87 10526.82 
37150.89 10526.82 
37200.91 10526.82 
37250.94 10526.82 
37300.96 10530.12 
37350.98 10534.13 
37401.01 10538.14 
37451.03 10542.16 
37501.05 10546.17 
37551.07 10550.18 
37601.10 10552.11 
37651.12 10554.04 
37701.14 10555.97 
37751.16 10557.90 
37801.19 10559.83 
37851.21 10561.76 
37901.23 10567.35 
37951.25 10573.13 
38001.28 10578.92 
38051.30 10584.71 
38101.32 10590.50 
38151.34 10596.29 
38201.37 10600.98 
38251.39 10605.54 
38301.41 10610.10 
38351.44 10614.66 
38401.46 10619.23 
38451.48 10624.01 
38501.50 10628.87 
38551.53 10633.72 
38601.55 10638.58 
38651.57 10643.43 
38701.59 10648.29 
38751.62 10653.15 
38801.64 10658.09 
38851.66 10663.11 
38901.68 10668.12 
38951.71 10673.14 
39001.73 10678.16 
39051.75 10683.18 
39101.77 10688.19 
39151.80 10692.39 
39201.82 10695.98 
39251.84 10699.56 
39301.87 10703.14 
39351.89 10706.73 
39401.91 10710.31 
39451.93 10713.82 
39501.96 10715.82 
39551.98 10717.83 
39602.00 10719.84 
39652.02 10721.84 
39702.05 10723.85 
39752.07 10725.90 
39802.09 10728.08 
39852.11 10730.26 
39902.14 10732.44 
39952.16 10734.62 
40002.18 10736.81 
